168 209 299 399 428 447 610 705 771 898 
227 355 367 377 448 670 750 846 850 941 
20 42 43 48 50 219 223 237 725 820 
50 31 50 743 763 923 939 944 949 981 
33 49 50 47 48 50 764 773 904 906 
33 38 40 45 48 50 531 702 783 833 
25 31 42 45 47 48 50 581 650 831 
1 33 47 48 538 594 695 736 795 920 
21 33 46 50 494 638 658 836 910 954 
37 46 50 50 631 658 675 790 808 885 
48 49 50 47 48 50 686 787 805 977 
26 34 44 47 48 50 50 827 961 971 
33 49 50 339 437 448 505 693 981 993 
11 43 48 50 514 597 607 725 859 922 
21 33 50 182 228 280 476 627 965 988 
33 49 50 50 296 354 515 553 700 984 
21 44 46 50 261 317 388 576 579 975 
38 41 50 429 439 584 735 736 764 798 
1 33 47 48 614 733 798 805 889 928 
18 25 50 50 276 321 368 406 787 910 
25 39 49 50 49 50 431 449 657 826 
18 25 50 50 349 506 657 712 717 912 
20 29 42 43 47 48 49 562 820 832 
20 25 49 50 50 48 50 746 960 985 
36 50 50 50 655 657 754 792 953 978 
50 49 50 401 412 432 529 762 824 950 
33 49 50 269 306 545 690 718 906 934 
18 25 50 640 674 680 698 771 970 983 
36 50 45 50 253 306 437 447 769 918 
20 25 49 50 655 757 771 814 889 937 
20 42 43 48 50 48 49 588 865 956 
38 41 49 50 240 289 311 651 776 934 
50 31 45 50 548 719 737 780 807 909 
1 33 47 48 47 48 49 600 756 801 
20 42 43 48 50 758 872 912 956 989 
33 38 40 45 48 50 658 661 767 877 
28 39 42 45 47 48 50 829 861 979 
4 21 48 50 404 533 679 781 813 822 
28 39 42 45 47 48 50 852 866 883 
21 30 39 48 49 50 464 722 843 916 
4 21 48 50 436 446 556 603 785 835 
38 41 50 570 723 752 760 826 914 971 
20 29 42 43 47 48 49 614 716 930 
50 33 405 509 744 828 839 854 865 893 
1 33 47 48 776 829 877 888 902 999 
37 47 49 50 434 447 745 825 874 876 
37 47 49 50 430 447 475 689 866 950 
30 50 48 49 50 361 367 588 622 764 
38 41 50 314 407 573 697 715 889 929 
48 49 50 50 289 426 514 583 670 996 
11 43 48 50 49 50 553 618 654 862 
36 50 50 264 425 549 623 731 782 948 
38 41 50 185 252 272 366 453 496 850 
25 39 49 50 48 50 543 804 854 983 
38 41 42 43 47 48 49 832 880 954 
33 38 40 45 48 50 783 828 862 883 
25 39 49 50 48 50 633 767 858 871 
40 49 50 48 576 578 588 834 873 933 
28 39 42 45 47 48 50 849 858 968 
34 35 36 48 373 385 614 627 656 805 
25 41 45 50 509 532 625 663 807 936 
36 50 40 45 48 50 616 746 747 967 
20 47 48 49 50 50 649 823 835 904 
25 31 288 320 345 380 436 632 817 889 
48 49 50 215 381 383 461 665 776 897 
34 35 36 45 47 48 50 790 877 977 
1 33 47 48 340 470 574 627 904 985 
33 38 40 45 48 50 574 583 701 798 
21 30 39 48 49 50 592 849 967 980 
30 50 50 327 398 399 646 851 894 958 
40 49 50 50 48 50 775 927 946 993 
25 31 49 50 476 483 786 813 899 1000 
18 25 50 50 48 50 767 848 934 966 
33 49 50 50 445 553 574 580 823 992 
11 43 48 50 515 658 766 971 984 986 
25 41 45 50 533 559 641 699 848 965 
38 41 49 50 670 725 958 960 965 973 
30 50 47 48 358 487 673 776 811 947 
28 39 42 45 47 48 50 854 942 977 
11 43 48 50 814 852 874 928 938 1000 
21 33 45 50 243 274 279 353 665 893 
47 49 50 419 460 681 737 866 921 966 
37 47 49 50 443 486 633 681 847 955 
18 25 50 50 47 48 50 462 591 701 
21 33 43 48 50 828 877 909 964 977 
15 46 49 50 586 617 628 636 830 914 
47 49 50 47 48 50 348 414 570 835 
20 25 49 50 50 426 491 499 867 954 
20 29 42 43 47 48 49 644 731 944 
26 34 44 47 48 50 696 815 902 909 
18 25 50 551 656 659 777 821 900 977 
40 49 50 426 685 696 732 923 947 996 
15 46 49 50 594 637 685 689 855 909 
25 41 45 50 652 838 856 863 960 993 
21 44 46 50 190 199 208 400 579 975 
25 31 45 50 444 572 610 650 727 864 
21 33 50 45 48 50 421 578 639 998 
50 49 50 129 217 311 540 636 692 932 
38 41 49 50 458 460 553 627 864 897 
25 31 44 47 48 50 574 584 832 899 
28 39 42 45 47 48 50 639 761 993 
21 30 39 48 49 50 731 745 846 954 
47 49 50 146 494 510 574 807 872 988 
21 44 46 50 462 531 705 784 896 958 
25 31 232 297 342 536 558 569 579 1000 
21 30 39 48 49 50 557 677 687 835 
36 50 50 380 410 451 479 534 570 989 
40 49 50 43 47 48 49 797 849 991 
26 34 44 47 48 50 371 391 721 845 
11 43 48 50 545 609 677 845 862 900 
20 29 42 43 47 48 49 846 927 943 
33 38 40 45 48 50 50 682 799 989 
36 50 49 50 557 641 658 836 935 951 
36 50 50 272 273 361 728 771 861 942 
21 33 48 49 50 324 566 708 860 930 
36 50 45 50 433 442 534 591 645 963 
20 25 49 50 49 50 50 885 915 926 
21 44 46 50 50 679 700 774 775 938 
21 44 46 50 427 700 795 806 903 952 
38 41 49 50 634 730 823 901 918 945 
50 50 48 50 635 700 702 729 750 924 
26 34 44 47 48 50 405 421 621 741 
18 25 50 50 221 267 338 710 714 830 
25 41 45 50 655 657 670 693 957 986 
25 31 49 50 388 449 540 707 770 875 
20 42 43 48 50 791 804 855 954 986 
38 41 50 557 596 609 864 889 892 925 
20 29 42 43 47 48 49 659 681 925 
20 42 43 48 50 516 809 822 836 927 
40 49 50 50 463 645 668 745 855 978 
40 49 50 50 49 50 735 750 886 923 
25 39 49 50 422 533 626 674 716 814 
21 30 39 48 49 50 626 737 800 915 
48 50 411 437 467 688 761 853 857 878 
25 41 45 50 307 604 622 889 890 934 
48 49 50 50 587 751 777 852 893 958 
28 39 42 45 47 48 50 740 742 985 
37 47 49 50 379 480 577 846 916 984 
29 46 47 48 49 50 677 825 932 966 
30 50 45 50 698 759 781 790 860 984 
30 50 49 50 172 730 739 850 865 919 
4 21 42 45 47 48 50 828 891 932 
20 25 49 50 47 48 50 493 611 830 
30 50 42 45 47 48 50 670 706 859 
48 49 50 206 340 373 485 673 860 869 
40 49 50 50 49 50 644 732 773 983 
30 50 50 168 298 536 736 842 946 960 
38 41 49 50 279 340 487 533 892 916 
42 49 50 50 247 398 759 891 907 970 
4 21 44 47 48 50 818 861 946 980 
1 33 47 48 47 48 50 808 903 920 
25 31 50 362 488 513 619 675 838 852 
37 47 49 50 48 50 792 816 876 952 
30 50 39 48 49 50 641 685 708 985 
37 47 49 50 651 747 806 877 913 978 
28 39 42 45 47 48 50 792 877 942 
20 29 42 43 47 48 49 963 974 980 
36 50 50 48 50 442 692 850 853 879 
26 34 44 47 48 50 674 704 757 986 
30 50 45 50 50 647 703 855 907 990 
20 42 43 48 50 642 666 672 825 982 
26 34 44 47 48 50 715 747 818 968 
30 50 47 48 426 463 498 580 699 880 
20 29 42 43 47 48 49 491 835 983 
36 50 48 49 50 356 436 519 606 645 
42 49 50 582 663 739 821 871 886 999 
38 41 50 438 470 612 675 680 818 849 
21 44 46 50 47 48 50 904 977 1000 
21 33 48 49 50 598 609 630 753 977 
36 50 50 472 575 638 879 912 946 954 
18 25 50 47 48 50 755 810 954 969 
20 25 49 50 50 601 650 772 810 922 
38 41 50 117 129 205 308 535 644 871 
28 39 42 45 47 48 50 333 392 567 
47 49 50 347 412 445 637 673 811 920 
42 49 50 45 48 50 515 610 633 807 
20 42 43 48 50 234 344 645 742 886 
25 39 49 50 250 283 725 735 795 963 
20 29 42 43 47 48 49 911 934 973 
25 41 45 50 376 505 608 874 880 911 
21 44 46 50 321 441 470 851 875 947 
28 39 42 45 47 48 50 607 645 853 
11 43 48 50 403 504 535 871 911 919 
18 25 50 50 263 404 526 566 710 747 
48 49 50 50 530 627 710 717 856 863 
36 50 93 134 196 270 293 316 402 468 
20 42 43 48 50 625 652 693 918 972 
18 25 50 50 286 691 789 810 845 879 
25 41 45 50 47 48 49 726 758 866 
37 46 50 227 243 364 424 808 875 908 
1 33 47 48 446 514 653 695 751 963 
1 33 47 48 48 50 556 665 890 931 
33 38 40 45 48 50 486 816 925 943 
4 21 36 50 572 609 650 716 868 988 
47 49 50 256 316 331 504 656 951 996 
21 33 42 43 47 48 49 658 673 805 
21 44 46 50 50 720 836 898 967 988 
20 29 42 43 47 48 49 801 816 896 
21 33 561 617 661 809 892 919 923 928 
21 33 40 45 48 50 812 841 887 978 
4 21 47 48 353 408 451 774 926 991 
26 34 44 47 48 50 719 726 733 907 
48 49 50 48 50 687 688 708 752 936 
18 25 50 48 49 50 499 654 661 685 
48 49 50 146 154 225 338 681 969 998 
33 38 40 45 48 50 760 766 931 940 
15 46 49 50 529 607 659 765 928 955 
25 31 49 50 631 774 810 868 877 937 
21 33 43 48 50 50 818 828 858 895 
25 31 44 47 48 50 687 710 891 989 
48 50 46 50 396 585 661 745 756 861 
33 49 50 50 468 619 738 871 914 928 
21 44 46 50 509 633 714 762 807 920 
25 31 49 50 495 531 676 807 856 930 
47 49 50 254 517 594 642 729 942 948 
48 49 50 50 349 456 622 673 763 979 
37 47 49 50 585 599 641 711 712 772 
25 41 45 50 50 668 720 795 879 949 
33 38 40 45 48 50 745 772 893 918 
26 34 44 47 48 50 427 488 613 712 
20 29 42 43 47 48 49 720 881 900 
40 49 50 48 463 507 668 798 835 996 
38 41 43 48 50 596 800 808 831 886 
50 47 48 49 50 525 576 713 863 910 
4 21 45 50 314 369 473 590 683 760 
29 46 47 48 49 50 767 788 873 875 
47 49 50 47 48 50 689 690 719 975 
20 42 43 48 50 788 801 852 898 963 
20 47 48 49 50 530 616 694 906 981 
21 44 46 50 194 302 403 417 651 708 
25 41 45 50 48 50 821 872 877 912 
4 21 42 43 47 48 49 615 828 872 
47 49 50 50 397 506 669 747 818 840 
4 21 50 50 657 666 791 904 953 978 
34 35 36 50 559 596 621 667 870 914 
34 35 36 509 582 636 674 764 935 991 
20 42 43 48 50 48 50 864 918 960 
48 50 49 50 47 48 50 883 967 997 
25 41 45 50 689 712 722 740 805 949 
4 21 49 50 339 413 534 547 663 949 
34 35 36 257 411 499 679 754 913 940 
18 25 50 50 449 525 611 618 690 972 
26 34 44 47 48 50 592 606 726 933 
47 49 50 45 47 48 50 924 933 980 
25 31 50 321 322 478 710 727 905 996 
1 33 47 48 329 578 593 623 638 686 
37 46 50 49 50 554 576 656 715 833 
37 46 50 313 360 710 870 908 977 1000 
33 49 50 43 47 48 49 721 777 965 
11 43 48 50 48 50 626 697 811 883 
37 47 49 50 48 50 628 817 919 925 
21 44 46 50 50 363 419 649 791 942 
48 49 50 48 461 502 682 747 896 988 
21 30 39 48 49 50 454 571 592 643 
40 49 50 50 618 628 804 889 910 995 
28 39 42 45 47 48 50 491 919 987 
21 44 46 50 475 525 779 871 899 951 
21 30 39 48 49 50 680 785 799 816 
21 44 46 50 528 619 713 782 884 931 
28 39 42 45 47 48 50 685 869 934 
33 49 50 48 50 580 612 743 891 914 
37 47 49 50 48 50 514 781 844 967 
4 21 50 50 544 614 698 707 930 959 
28 39 42 45 47 48 50 557 722 848 
4 21 42 45 47 48 50 739 756 1000 
26 34 44 47 48 50 544 699 938 974 
29 46 47 48 49 50 50 819 937 974 
30 50 50 50 522 623 650 852 866 940 
34 35 36 50 50 527 564 599 648 762 
18 25 50 198 328 405 420 469 588 857 
28 39 42 45 47 48 50 929 940 980 
38 41 50 353 572 645 738 883 921 958 
48 49 50 459 467 480 535 607 706 838 
20 42 43 48 50 382 726 733 836 971 
48 49 50 50 423 462 471 671 727 940 
48 49 50 448 472 599 676 768 912 995 
37 47 49 50 436 483 626 671 749 841 
30 50 42 45 47 48 50 878 936 1000 
21 33 40 45 48 50 598 874 896 977 
21 44 46 50 445 618 679 807 938 953 
20 42 43 48 50 50 787 824 841 905 
40 49 50 48 50 552 585 646 773 810 
36 50 50 454 691 892 921 932 953 977 
21 30 39 48 49 50 889 912 934 998 
33 49 50 377 420 754 785 830 837 996 
21 44 46 50 48 50 338 381 622 845 
21 44 46 50 298 571 603 737 766 926 
37 46 50 50 498 609 825 860 935 940 
25 39 49 50 675 699 715 840 851 921 
36 50 48 50 330 349 688 760 773 983 
20 25 49 50 596 619 634 655 821 912 
40 49 50 50 469 515 571 625 661 979 
36 50 50 49 50 730 736 761 851 893 
25 31 50 48 49 50 779 815 836 943 
18 25 50 48 49 50 796 871 959 965 
50 34 44 47 48 50 551 568 735 999 
28 39 42 45 47 48 50 773 794 915 
1 33 47 48 597 622 679 703 867 910 
21 44 46 50 47 48 50 734 791 857 
36 50 280 325 362 497 517 769 782 906 
47 49 50 43 47 48 49 696 786 839 
30 50 50 138 271 329 526 672 744 926 
26 34 44 47 48 50 668 807 889 982 
1 33 47 48 50 508 679 907 910 921 
21 44 46 50 704 806 858 906 937 967 
15 46 49 50 50 577 648 666 748 884 
47 49 50 50 219 299 489 507 647 669 
40 49 50 48 49 50 675 764 806 975 
30 50 45 50 419 573 678 770 853 949 
40 49 50 45 47 48 50 754 845 861 
37 46 50 556 617 666 784 812 908 960 
25 31 45 50 237 528 712 740 887 900 
37 47 49 50 253 375 668 809 850 882 
20 47 48 49 50 50 845 855 872 945 
48 49 50 232 388 527 588 793 866 934 
18 25 50 535 553 675 687 796 865 895 
30 50 50 328 373 384 424 691 902 932 
11 43 48 50 336 382 583 888 984 992 
42 49 50 50 537 687 726 750 766 910 
25 31 50 368 431 478 494 553 616 846 
15 46 49 50 506 513 533 700 820 884 
36 50 49 50 491 526 563 755 895 966 
21 33 42 43 47 48 49 660 703 797 
33 38 40 45 48 50 501 772 951 998 
28 39 42 45 47 48 50 581 629 731 
29 46 47 48 49 50 543 713 766 996 
40 49 50 50 527 661 706 712 895 993 
48 49 50 48 516 634 690 790 868 885 
38 41 49 50 450 580 659 759 773 902 
28 39 42 45 47 48 50 716 735 806 
33 38 40 45 48 50 519 584 835 957 
20 47 48 49 50 687 692 856 863 927 
37 46 50 233 326 482 556 743 889 992 
38 41 43 48 50 780 818 887 918 936 
18 25 50 47 48 50 640 721 756 870 
25 31 50 470 512 594 699 867 902 977 
21 30 39 48 49 50 641 679 770 937 
20 47 48 49 50 581 586 672 783 907 
48 49 50 45 47 48 50 966 990 995 
21 30 39 48 49 50 864 955 970 1000 
37 47 49 50 50 50 558 670 702 975 
47 49 50 302 332 422 825 852 867 983 
11 43 48 50 311 695 746 850 932 941 
18 25 50 251 300 356 406 616 670 735 
48 49 50 499 699 746 758 834 907 1000 
50 49 50 50 377 432 519 769 788 814 
33 49 50 48 49 50 703 717 746 781 
18 25 50 50 293 408 694 757 968 977 
34 35 36 48 414 538 578 694 786 887 
18 25 50 365 409 540 595 696 829 994 
20 25 49 50 494 538 703 731 774 962 
21 44 46 50 48 50 436 717 850 960 
28 39 42 45 47 48 50 665 888 894 
50 35 36 50 484 518 598 625 724 997 
48 49 50 43 47 48 49 625 716 738 
30 50 50 269 329 352 457 559 600 851 
48 50 49 50 283 326 372 407 486 982 
36 50 49 50 473 571 604 626 731 860 
38 41 48 50 348 373 470 489 716 852 
20 29 42 43 47 48 49 599 666 903 
11 43 48 50 581 610 620 726 826 873 
33 49 50 272 340 443 547 666 736 974 
37 46 50 474 476 570 599 686 792 916 
33 49 50 49 50 608 734 830 838 999 
50 30 39 48 49 50 658 743 809 866 
37 47 49 50 49 50 732 822 842 907 
30 50 47 48 302 500 520 527 717 825 
21 30 39 48 49 50 737 820 966 976 
29 46 47 48 49 50 703 727 883 892 
26 34 44 47 48 50 637 827 929 930 
21 30 39 48 49 50 50 780 913 962 
4 21 46 50 220 227 629 643 718 958 
21 44 46 50 397 464 662 765 826 926 
20 25 49 50 50 676 692 703 783 833 
40 49 50 48 49 50 667 822 874 914 
42 49 50 214 385 612 626 676 745 783 
21 44 46 50 394 463 505 637 708 971 
47 49 50 242 587 667 744 817 850 853 
40 49 50 589 598 613 701 716 730 733 
21 30 39 48 49 50 694 722 794 890 
26 34 44 47 48 50 757 789 848 880 
38 41 45 50 395 408 538 753 770 872 
38 41 40 45 48 50 710 712 755 860 
36 50 50 521 594 736 760 791 820 997 
48 49 50 313 346 379 447 517 778 856 
21 44 46 50 50 772 880 881 958 962 
37 47 49 50 236 394 531 558 705 908 
20 47 48 49 50 676 726 750 926 936 
37 46 50 47 48 50 737 750 781 862 
48 49 50 50 47 48 50 877 949 955 
42 49 50 50 527 601 635 721 847 868 
25 31 50 50 584 731 759 862 945 982 
40 49 50 50 602 615 624 655 753 917 
47 49 50 48 49 50 808 870 916 951 
48 50 45 50 447 505 547 557 580 670 
36 50 44 47 48 50 50 505 543 837 
37 47 49 50 387 424 495 531 611 768 
38 41 50 215 237 438 450 559 732 961 
33 49 50 472 519 530 623 802 854 890 
30 50 50 415 516 557 569 887 978 990 
21 30 39 48 49 50 896 898 934 998 
48 49 50 48 49 50 526 643 648 980 
25 41 45 50 460 584 739 795 885 911 
21 33 40 45 48 50 524 584 675 919 
42 49 50 267 278 441 664 679 733 881 
25 39 49 50 468 699 715 851 949 966 
26 34 44 47 48 50 50 723 871 978 
20 25 49 50 373 398 526 735 863 891 
30 50 50 49 50 545 557 612 757 953 
37 47 49 50 481 491 659 755 758 837 
15 46 49 50 676 693 703 847 863 876 
47 49 50 390 681 799 938 941 945 977 
40 49 50 210 259 661 796 817 923 950 
25 31 42 45 47 48 50 564 878 893 
26 34 44 47 48 50 478 708 738 903 
26 34 44 47 48 50 50 911 979 996 
4 21 40 45 48 50 593 662 891 960 
50 49 50 301 466 530 673 694 729 940 
36 50 45 50 47 48 49 619 711 744 
20 42 43 48 50 48 50 824 856 961 
33 49 50 50 50 313 372 470 588 805 
30 50 50 416 442 528 584 656 661 760 
18 25 50 50 451 468 735 930 960 1000 
37 46 50 434 489 602 743 754 819 951 
47 49 50 50 366 440 505 760 778 998 
26 34 44 47 48 50 613 703 806 922 
26 34 44 47 48 50 729 815 820 841 
4 21 50 660 687 842 858 967 987 997 
18 25 50 50 225 427 449 472 551 717 
47 49 50 48 324 538 584 673 712 904 
30 50 164 312 573 592 611 652 778 873 
38 41 39 48 49 50 757 836 898 988 
4 21 50 326 467 471 601 602 842 867 
26 34 44 47 48 50 630 663 693 861 
42 49 50 47 48 50 560 677 727 770 
4 21 43 48 50 310 577 627 891 903 
20 25 49 50 357 526 561 599 866 902 
25 41 45 50 328 352 611 616 627 780 
26 34 44 47 48 50 625 654 700 884 
21 33 50 45 47 48 50 760 771 868 
25 39 49 50 485 556 562 635 725 779 
50 38 40 45 48 50 547 568 648 887 
20 29 42 43 47 48 49 914 935 936 
36 50 42 45 47 48 50 674 692 866 
38 41 45 50 368 526 632 645 820 860 
50 33 47 48 342 394 395 728 740 921 
4 21 50 408 421 466 484 510 870 963 
11 43 48 50 47 48 50 891 900 906 
50 43 48 50 48 50 462 817 894 987 
37 46 50 50 525 603 607 684 816 937 
26 34 44 47 48 50 793 823 888 971 
33 49 50 45 48 50 521 594 912 941 
26 34 44 47 48 50 748 849 896 993 
15 46 49 50 393 804 842 868 922 998 
11 43 48 50 353 437 438 483 718 907 
20 47 48 49 50 511 553 726 810 901 
34 35 36 50 451 492 534 610 845 893 
48 49 50 462 686 761 772 840 921 936 
37 47 49 50 50 321 400 489 870 975 
21 33 44 47 48 50 811 865 866 950 
47 49 50 420 434 449 475 571 748 992 
36 50 40 45 48 50 697 776 833 884 
37 47 49 50 50 528 549 621 655 938 
20 29 42 43 47 48 49 742 796 891 
26 34 44 47 48 50 895 901 908 929 
20 47 48 49 50 50 755 806 885 967 
21 33 271 388 478 490 510 616 722 806 
20 25 49 50 510 578 584 632 870 952 
40 49 50 599 623 647 753 761 854 952 
20 29 42 43 47 48 49 764 883 957 
25 31 50 50 221 640 747 856 958 985 
20 47 48 49 50 50 835 943 949 966 
18 25 50 206 325 366 447 550 709 882 
33 49 50 49 50 701 705 777 785 843 
20 25 49 50 289 309 359 504 806 844 
18 25 50 158 501 656 664 833 898 951 
38 41 45 50 477 479 647 668 670 859 
29 46 47 48 49 50 556 587 663 706 
18 25 50 48 50 706 748 768 782 893 
33 38 40 45 48 50 50 704 841 883 
26 34 44 47 48 50 49 731 935 981 
30 50 50 306 342 421 606 701 860 926 
50 21 39 48 49 50 601 665 752 936 
48 49 50 50 581 614 658 750 753 900 
21 30 39 48 49 50 694 727 746 988 
4 21 50 50 522 595 691 717 835 884 
1 33 47 48 215 454 541 825 868 932 
48 49 50 255 285 329 339 526 547 549 
50 39 49 50 390 449 651 669 675 822 
25 39 49 50 253 278 691 769 852 853 
4 21 50 267 361 379 391 626 636 662 
34 35 36 313 570 695 750 797 874 922 
40 49 50 45 48 50 661 777 885 928 
50 49 50 449 471 482 621 636 866 991 
33 49 50 45 48 50 808 822 847 848 
21 44 46 50 650 705 776 849 927 942 
37 47 49 50 504 568 670 736 807 969 
37 47 49 50 238 495 572 587 708 747 
33 49 50 50 49 50 732 809 819 852 
48 49 50 533 682 709 720 816 888 904 
