122 128 123 127 428 447 610 705 771 898 
62 87 98 101 119 670 750 846 850 941 
24 87 98 101 119 219 223 237 725 820 
28 100 123 127 763 923 939 944 949 981 
122 128 487 719 742 744 764 773 904 906 
28 100 123 127 311 463 531 702 783 833 
122 128 123 127 117 124 538 581 650 831 
28 100 123 127 538 594 695 736 795 920 
28 100 123 127 119 638 658 836 910 954 
122 128 434 597 631 658 675 790 808 885 
122 128 281 419 504 633 686 787 805 977 
28 100 123 127 119 446 816 827 961 971 
122 128 123 127 119 448 505 693 981 993 
28 100 123 127 117 124 607 725 859 922 
122 128 123 127 117 124 476 627 965 988 
122 128 123 127 119 354 515 553 700 984 
122 128 123 127 261 317 388 576 579 975 
122 128 123 127 119 584 735 736 764 798 
24 87 98 101 119 733 798 805 889 928 
122 128 123 127 276 321 368 406 787 910 
122 128 98 101 119 376 431 449 657 826 
122 128 123 127 349 506 657 712 717 912 
24 87 98 101 119 518 526 562 820 832 
122 128 211 305 310 673 738 746 960 985 
28 100 123 127 655 657 754 792 953 978 
122 128 98 101 119 432 529 762 824 950 
122 128 98 101 119 545 690 718 906 934 
28 100 123 127 119 680 698 771 970 983 
122 128 123 127 253 306 437 447 769 918 
24 87 98 101 119 757 771 814 889 937 
24 87 98 101 119 124 538 588 865 956 
122 128 123 127 119 289 311 651 776 934 
28 100 123 127 548 719 737 780 807 909 
122 128 123 127 119 553 565 600 756 801 
122 128 98 101 119 758 872 912 956 989 
122 128 123 127 119 628 658 661 767 877 
122 128 123 127 539 655 768 829 861 979 
122 128 123 127 404 533 679 781 813 822 
122 128 123 127 618 641 688 852 866 883 
122 128 123 127 308 382 464 722 843 916 
24 87 98 101 119 446 556 603 785 835 
125 126 123 127 723 752 760 826 914 971 
122 128 99 108 117 124 602 614 716 930 
122 128 405 509 744 828 839 854 865 893 
122 128 142 189 776 829 877 888 902 999 
122 128 123 127 117 124 745 825 874 876 
125 126 123 127 119 447 475 689 866 950 
28 100 123 127 153 361 367 588 622 764 
24 87 98 101 119 573 697 715 889 929 
62 100 123 127 289 426 514 583 670 996 
122 128 98 101 119 450 553 618 654 862 
122 128 123 127 425 549 623 731 782 948 
24 87 98 101 119 272 366 453 496 850 
28 100 123 127 417 425 543 804 854 983 
122 128 123 127 439 511 544 832 880 954 
24 87 98 101 119 767 783 828 862 883 
64 97 99 108 117 124 633 767 858 871 
122 128 123 127 576 578 588 834 873 933 
122 128 123 127 755 768 811 849 858 968 
28 100 123 127 119 385 614 627 656 805 
62 126 456 464 509 532 625 663 807 936 
28 100 123 127 587 601 616 746 747 967 
122 128 123 127 119 616 649 823 835 904 
24 87 98 101 119 380 436 632 817 889 
122 128 123 127 117 124 461 665 776 897 
28 100 123 127 423 439 753 790 877 977 
24 87 98 101 119 124 574 627 904 985 
28 100 123 127 119 347 574 583 701 798 
28 100 123 127 117 124 592 849 967 980 
62 100 123 127 117 124 646 851 894 958 
28 100 123 127 119 545 775 927 946 993 
28 100 123 127 476 483 786 813 899 1000 
28 100 123 127 454 658 767 848 934 966 
122 128 123 127 119 553 574 580 823 992 
28 100 123 127 119 658 766 971 984 986 
64 97 99 108 117 124 641 699 848 965 
122 128 123 127 670 725 958 960 965 973 
24 87 98 101 119 487 673 776 811 947 
24 87 98 101 119 654 814 854 942 977 
122 128 541 793 814 852 874 928 938 1000 
122 128 123 127 117 124 279 353 665 893 
24 87 98 101 119 681 737 866 921 966 
122 128 123 127 443 486 633 681 847 955 
64 97 99 108 117 124 442 462 591 701 
122 128 123 127 119 828 877 909 964 977 
62 126 123 127 586 617 628 636 830 914 
122 128 123 127 189 291 348 414 570 835 
28 100 123 127 117 124 491 499 867 954 
64 97 99 108 117 124 596 644 731 944 
122 128 98 101 119 124 696 815 902 909 
28 100 123 127 117 124 777 821 900 977 
122 128 123 127 685 696 732 923 947 996 
28 100 123 127 119 637 685 689 855 909 
28 100 123 127 652 838 856 863 960 993 
122 128 98 101 119 199 208 400 579 975 
122 128 123 127 119 572 610 650 727 864 
122 128 98 101 119 416 421 578 639 998 
122 128 123 127 119 311 540 636 692 932 
122 128 123 127 119 460 553 627 864 897 
64 97 99 108 117 124 574 584 832 899 
24 87 98 101 119 423 495 639 761 993 
24 87 98 101 119 652 731 745 846 954 
64 97 99 108 117 124 574 807 872 988 
122 128 123 127 462 531 705 784 896 958 
28 100 123 127 342 536 558 569 579 1000 
122 128 123 127 501 550 557 677 687 835 
62 100 123 127 410 451 479 534 570 989 
64 97 99 108 117 124 739 797 849 991 
122 128 123 127 119 337 371 391 721 845 
122 128 123 127 545 609 677 845 862 900 
122 128 123 127 531 616 695 846 927 943 
28 100 123 127 119 349 353 682 799 989 
122 128 98 101 119 641 658 836 935 951 
125 126 246 272 273 361 728 771 861 942 
125 126 245 276 302 324 566 708 860 930 
28 100 123 127 119 442 534 591 645 963 
122 128 98 101 119 371 535 885 915 926 
122 128 319 387 512 679 700 774 775 938 
24 87 98 101 119 700 795 806 903 952 
122 128 123 127 634 730 823 901 918 945 
28 100 123 127 119 700 702 729 750 924 
24 87 98 101 119 124 405 421 621 741 
24 87 98 101 119 267 338 710 714 830 
122 128 123 127 655 657 670 693 957 986 
24 87 98 101 119 449 540 707 770 875 
62 128 123 127 634 791 804 855 954 986 
24 87 98 101 119 124 864 889 892 925 
122 128 123 127 470 584 640 659 681 925 
122 128 123 127 119 516 809 822 836 927 
28 100 123 127 119 645 668 745 855 978 
122 128 123 127 440 705 735 750 886 923 
28 100 123 127 422 533 626 674 716 814 
64 97 99 108 117 124 626 737 800 915 
122 128 98 101 119 688 761 853 857 878 
122 128 123 127 119 604 622 889 890 934 
122 128 99 108 117 124 777 852 893 958 
28 100 123 127 580 702 709 740 742 985 
28 100 123 127 379 480 577 846 916 984 
122 128 98 101 119 624 677 825 932 966 
24 87 98 101 119 759 781 790 860 984 
24 87 98 101 119 730 739 850 865 919 
64 97 99 108 117 124 814 828 891 932 
28 100 123 127 194 235 431 493 611 830 
122 128 98 101 119 124 661 670 706 859 
24 87 98 101 119 373 485 673 860 869 
125 126 99 108 117 124 644 732 773 983 
24 87 98 101 119 536 736 842 946 960 
24 87 98 101 119 340 487 533 892 916 
122 128 123 127 117 124 759 891 907 970 
122 128 123 127 412 784 818 861 946 980 
24 87 98 101 119 701 705 808 903 920 
122 128 123 127 119 513 619 675 838 852 
122 128 123 127 119 765 792 816 876 952 
28 100 123 127 523 537 641 685 708 985 
122 128 123 127 651 747 806 877 913 978 
62 128 123 127 416 721 729 792 877 942 
62 100 123 127 345 378 516 963 974 980 
28 100 123 127 119 442 692 850 853 879 
122 128 123 127 119 642 674 704 757 986 
24 87 98 101 119 647 703 855 907 990 
122 128 123 127 276 642 666 672 825 982 
122 128 193 209 493 615 715 747 818 968 
24 87 98 101 119 124 498 580 699 880 
122 128 143 201 218 292 469 491 835 983 
122 128 123 127 119 356 436 519 606 645 
122 128 123 127 119 739 821 871 886 999 
28 100 123 127 119 124 675 680 818 849 
28 100 123 127 605 823 838 904 977 1000 
125 126 123 127 472 598 609 630 753 977 
122 128 123 127 575 638 879 912 946 954 
28 100 123 127 535 604 755 810 954 969 
122 128 98 101 119 601 650 772 810 922 
122 128 123 127 129 205 308 535 644 871 
122 128 123 127 145 183 315 333 392 567 
122 128 123 127 412 445 637 673 811 920 
28 100 123 127 409 446 515 610 633 807 
28 100 123 127 200 234 344 645 742 886 
64 97 99 108 117 124 725 735 795 963 
62 128 99 108 117 124 855 911 934 973 
122 128 319 322 376 505 608 874 880 911 
64 97 99 108 117 124 470 851 875 947 
28 100 123 127 119 124 553 607 645 853 
28 100 123 127 403 504 535 871 911 919 
125 126 78 147 263 404 526 566 710 747 
122 128 123 127 530 627 710 717 856 863 
24 87 98 101 119 270 293 316 402 468 
122 128 98 101 119 625 652 693 918 972 
24 87 98 101 119 691 789 810 845 879 
28 100 123 127 326 381 427 726 758 866 
122 128 98 101 119 364 424 808 875 908 
28 100 123 127 117 124 653 695 751 963 
24 87 98 101 119 513 556 665 890 931 
24 87 98 101 119 443 486 816 925 943 
125 126 98 101 119 609 650 716 868 988 
122 128 123 127 316 331 504 656 951 996 
122 128 123 127 367 557 652 658 673 805 
122 128 99 108 117 124 836 898 967 988 
125 126 123 127 119 578 740 801 816 896 
24 87 98 101 119 809 892 919 923 928 
122 128 548 589 607 737 812 841 887 978 
28 100 123 127 119 408 451 774 926 991 
64 97 99 108 117 124 719 726 733 907 
28 100 123 127 117 124 688 708 752 936 
28 100 123 127 330 452 499 654 661 685 
125 126 123 127 154 225 338 681 969 998 
28 100 123 127 119 751 760 766 931 940 
122 128 99 108 117 124 659 765 928 955 
28 100 123 127 631 774 810 868 877 937 
28 100 123 127 676 751 818 828 858 895 
125 126 123 127 434 501 687 710 891 989 
64 97 99 108 117 124 661 745 756 861 
125 126 123 127 468 619 738 871 914 928 
122 128 98 101 119 633 714 762 807 920 
28 100 123 127 119 531 676 807 856 930 
24 87 98 101 119 124 642 729 942 948 
28 100 123 127 119 456 622 673 763 979 
122 128 286 575 585 599 641 711 712 772 
24 87 98 101 119 668 720 795 879 949 
122 128 576 629 674 736 745 772 893 918 
24 87 98 101 119 402 427 488 613 712 
28 100 123 127 572 675 683 720 881 900 
122 128 123 127 119 507 668 798 835 996 
24 87 98 101 119 596 800 808 831 886 
24 87 98 101 119 525 576 713 863 910 
122 128 123 127 314 369 473 590 683 760 
28 100 123 127 264 615 767 788 873 875 
24 87 98 101 119 618 689 690 719 975 
28 100 123 127 117 124 801 852 898 963 
28 100 123 127 502 530 616 694 906 981 
24 87 98 101 119 302 403 417 651 708 
122 128 123 127 677 738 821 872 877 912 
24 87 98 101 119 478 494 615 828 872 
24 87 98 101 119 506 669 747 818 840 
28 100 123 127 657 666 791 904 953 978 
24 87 98 101 119 596 621 667 870 914 
28 100 123 127 582 636 674 764 935 991 
122 128 99 108 117 124 810 864 918 960 
122 128 98 101 119 556 833 883 967 997 
122 128 98 101 119 712 722 740 805 949 
122 128 99 108 117 124 534 547 663 949 
28 100 123 127 119 499 679 754 913 940 
122 128 98 101 119 525 611 618 690 972 
122 128 98 101 119 467 592 606 726 933 
122 128 98 101 119 747 897 924 933 980 
64 97 99 108 117 124 710 727 905 996 
122 128 98 101 119 578 593 623 638 686 
122 128 98 101 119 554 576 656 715 833 
125 126 99 108 117 124 870 908 977 1000 
122 128 123 127 523 595 718 721 777 965 
122 128 123 127 119 621 626 697 811 883 
122 128 295 372 424 498 628 817 919 925 
28 100 123 127 161 363 419 649 791 942 
122 128 98 101 119 502 682 747 896 988 
28 100 123 127 117 124 454 571 592 643 
125 126 171 533 618 628 804 889 910 995 
122 128 123 127 119 343 400 491 919 987 
28 100 123 127 117 124 779 871 899 951 
122 128 379 486 598 603 680 785 799 816 
28 100 123 127 528 619 713 782 884 931 
64 97 99 108 117 124 452 685 869 934 
28 100 123 127 544 580 612 743 891 914 
64 97 99 108 117 124 514 781 844 967 
28 100 123 127 544 614 698 707 930 959 
24 87 98 101 119 124 524 557 722 848 
122 128 123 127 207 361 411 739 756 1000 
24 87 98 101 119 166 544 699 938 974 
28 100 123 127 333 735 743 819 937 974 
24 87 98 101 119 623 650 852 866 940 
24 87 98 101 119 527 564 599 648 762 
24 87 98 101 119 405 420 469 588 857 
122 128 123 127 308 381 658 929 940 980 
64 97 99 108 117 124 738 883 921 958 
125 126 123 127 467 480 535 607 706 838 
122 128 256 266 296 382 726 733 836 971 
24 87 98 101 119 462 471 671 727 940 
122 128 98 101 119 599 676 768 912 995 
122 128 245 304 436 483 626 671 749 841 
122 128 174 593 718 736 751 878 936 1000 
28 100 123 127 353 568 598 874 896 977 
24 87 98 101 119 618 679 807 938 953 
125 126 98 101 119 705 787 824 841 905 
28 100 123 127 119 552 585 646 773 810 
24 87 98 101 119 892 921 932 953 977 
64 97 99 108 117 124 889 912 934 998 
24 87 98 101 119 754 785 830 837 996 
62 126 123 127 89 259 338 381 622 845 
122 128 98 101 119 571 603 737 766 926 
24 87 98 101 119 609 825 860 935 940 
24 87 98 101 119 699 715 840 851 921 
122 128 123 127 330 349 688 760 773 983 
122 128 98 101 119 124 634 655 821 912 
122 128 123 127 119 515 571 625 661 979 
122 128 98 101 119 730 736 761 851 893 
62 100 123 127 698 734 779 815 836 943 
64 97 99 108 117 124 796 871 959 965 
28 100 123 127 384 537 551 568 735 999 
28 100 123 127 579 581 744 773 794 915 
122 128 123 127 597 622 679 703 867 910 
24 87 98 101 119 398 478 734 791 857 
122 128 98 101 119 497 517 769 782 906 
28 100 123 127 243 327 368 696 786 839 
24 87 98 101 119 329 526 672 744 926 
122 128 98 101 119 580 668 807 889 982 
28 100 123 127 423 508 679 907 910 921 
24 87 98 101 119 806 858 906 937 967 
122 128 357 416 494 577 648 666 748 884 
24 87 98 101 119 299 489 507 647 669 
64 97 99 108 117 124 675 764 806 975 
122 128 98 101 119 573 678 770 853 949 
125 126 123 127 467 608 750 754 845 861 
122 128 98 101 119 666 784 812 908 960 
122 128 99 108 117 124 712 740 887 900 
24 87 98 101 119 375 668 809 850 882 
28 100 123 127 117 124 845 855 872 945 
122 128 123 127 388 527 588 793 866 934 
122 128 99 108 117 124 687 796 865 895 
28 100 123 127 117 124 424 691 902 932 
122 128 98 101 119 382 583 888 984 992 
28 100 123 127 119 687 726 750 766 910 
24 87 98 101 119 124 494 553 616 846 
24 87 98 101 119 513 533 700 820 884 
122 128 98 101 119 124 563 755 895 966 
24 87 98 101 119 630 637 660 703 797 
122 128 98 101 119 448 501 772 951 998 
122 128 123 127 117 124 572 581 629 731 
122 128 123 127 119 444 543 713 766 996 
64 97 99 108 117 124 706 712 895 993 
28 100 123 127 516 634 690 790 868 885 
122 128 99 108 117 124 659 759 773 902 
122 128 98 101 119 563 658 716 735 806 
24 87 98 101 119 512 519 584 835 957 
24 87 98 101 119 687 692 856 863 927 
122 128 123 127 119 482 556 743 889 992 
24 87 98 101 119 780 818 887 918 936 
122 128 98 101 119 607 640 721 756 870 
122 128 123 127 512 594 699 867 902 977 
122 128 123 127 558 567 641 679 770 937 
122 128 123 127 255 581 586 672 783 907 
122 128 123 127 900 901 930 966 990 995 
125 126 598 718 789 815 864 955 970 1000 
28 100 123 127 117 124 558 670 702 975 
122 128 123 127 117 124 825 852 867 983 
122 128 123 127 311 695 746 850 932 941 
28 100 123 127 119 356 406 616 670 735 
122 128 460 499 699 746 758 834 907 1000 
125 126 123 127 377 432 519 769 788 814 
64 97 99 108 117 124 703 717 746 781 
24 87 98 101 119 408 694 757 968 977 
24 87 98 101 119 124 578 694 786 887 
24 87 98 101 119 540 595 696 829 994 
122 128 99 108 117 124 703 731 774 962 
28 100 123 127 203 372 436 717 850 960 
24 87 98 101 119 572 602 665 888 894 
24 87 98 101 119 518 598 625 724 997 
28 100 123 127 341 511 594 625 716 738 
122 128 123 127 329 352 457 559 600 851 
64 97 99 108 117 124 372 407 486 982 
122 128 123 127 473 571 604 626 731 860 
28 100 123 127 119 373 470 489 716 852 
24 87 98 101 119 446 554 599 666 903 
24 87 98 101 119 610 620 726 826 873 
64 97 99 108 117 124 547 666 736 974 
122 128 123 127 476 570 599 686 792 916 
24 87 98 101 119 608 734 830 838 999 
122 128 123 127 614 639 658 743 809 866 
122 128 123 127 557 625 732 822 842 907 
122 128 253 255 302 500 520 527 717 825 
28 100 123 127 119 715 737 820 966 976 
122 128 123 127 304 650 703 727 883 892 
125 126 123 127 529 569 637 827 929 930 
122 128 98 101 119 603 696 780 913 962 
122 128 98 101 119 227 629 643 718 958 
122 128 98 101 119 464 662 765 826 926 
122 128 98 101 119 676 692 703 783 833 
122 128 123 127 119 594 667 822 874 914 
122 128 98 101 119 612 626 676 745 783 
122 128 123 127 394 463 505 637 708 971 
62 100 123 127 119 667 744 817 850 853 
28 100 123 127 119 613 701 716 730 733 
122 128 98 101 119 613 694 722 794 890 
62 126 123 127 317 403 757 789 848 880 
122 128 123 127 395 408 538 753 770 872 
24 87 98 101 119 696 710 712 755 860 
24 87 98 101 119 736 760 791 820 997 
122 128 98 101 119 124 447 517 778 856 
125 126 123 127 337 772 880 881 958 962 
122 128 137 170 236 394 531 558 705 908 
122 128 99 108 117 124 726 750 926 936 
122 128 225 288 392 621 737 750 781 862 
24 87 98 101 119 713 867 877 949 955 
122 128 99 108 117 124 635 721 847 868 
24 87 98 101 119 731 759 862 945 982 
24 87 98 101 119 615 624 655 753 917 
122 128 473 609 733 747 808 870 916 951 
122 128 99 108 117 124 547 557 580 670 
122 128 123 127 325 407 425 505 543 837 
28 100 123 127 387 424 495 531 611 768 
24 87 98 101 119 438 450 559 732 961 
28 100 123 127 519 530 623 802 854 890 
24 87 98 101 119 557 569 887 978 990 
122 128 123 127 507 731 896 898 934 998 
125 126 363 404 444 448 526 643 648 980 
125 126 123 127 460 584 739 795 885 911 
122 128 98 101 119 455 524 584 675 919 
125 126 123 127 278 441 664 679 733 881 
122 128 98 101 119 124 715 851 949 966 
24 87 98 101 119 662 689 723 871 978 
24 87 98 101 119 124 526 735 863 891 
125 126 123 127 453 545 557 612 757 953 
28 100 123 127 481 491 659 755 758 837 
122 128 637 674 676 693 703 847 863 876 
125 126 376 390 681 799 938 941 945 977 
24 87 98 101 119 124 796 817 923 950 
24 87 98 101 119 313 536 564 878 893 
122 128 306 341 365 398 478 708 738 903 
28 100 123 127 117 124 806 911 979 996 
24 87 98 101 119 554 593 662 891 960 
24 87 98 101 119 530 673 694 729 940 
28 100 123 127 119 595 602 619 711 744 
122 128 98 101 119 124 709 824 856 961 
122 128 123 127 262 313 372 470 588 805 
28 100 123 127 442 528 584 656 661 760 
24 87 98 101 119 468 735 930 960 1000 
28 100 123 127 489 602 743 754 819 951 
122 128 99 108 117 124 505 760 778 998 
28 100 123 127 117 124 613 703 806 922 
122 128 98 101 119 542 729 815 820 841 
24 87 98 101 119 842 858 967 987 997 
62 128 98 101 119 427 449 472 551 717 
122 128 123 127 324 538 584 673 712 904 
122 128 98 101 119 124 611 652 778 873 
28 100 123 127 119 628 757 836 898 988 
125 126 123 127 467 471 601 602 842 867 
64 97 99 108 117 124 630 663 693 861 
24 87 98 101 119 497 560 677 727 770 
28 100 123 127 119 310 577 627 891 903 
28 100 123 127 117 124 561 599 866 902 
122 128 123 127 328 352 611 616 627 780 
28 100 123 127 450 569 625 654 700 884 
125 126 123 127 724 726 755 760 771 868 
122 128 123 127 485 556 562 635 725 779 
122 128 123 127 119 454 547 568 648 887 
122 128 98 101 119 789 912 914 935 936 
28 100 123 127 405 464 621 674 692 866 
122 128 123 127 368 526 632 645 820 860 
28 100 123 127 342 394 395 728 740 921 
122 128 98 101 119 466 484 510 870 963 
24 87 98 101 119 833 849 891 900 906 
122 128 98 101 119 390 462 817 894 987 
122 128 365 429 525 603 607 684 816 937 
122 128 123 127 560 693 793 823 888 971 
122 128 123 127 356 389 521 594 912 941 
28 100 123 127 117 124 748 849 896 993 
122 128 121 312 393 804 842 868 922 998 
24 87 98 101 119 437 438 483 718 907 
122 128 123 127 119 511 553 726 810 901 
24 87 98 101 119 492 534 610 845 893 
122 128 409 462 686 761 772 840 921 936 
122 128 123 127 221 321 400 489 870 975 
122 128 123 127 737 790 811 865 866 950 
28 100 123 127 434 449 475 571 748 992 
24 87 98 101 119 124 697 776 833 884 
122 128 123 127 342 528 549 621 655 938 
122 128 123 127 571 612 649 742 796 891 
122 128 98 101 119 770 895 901 908 929 
24 87 98 101 119 523 755 806 885 967 
28 100 123 127 478 490 510 616 722 806 
122 128 309 484 510 578 584 632 870 952 
122 128 123 127 623 647 753 761 854 952 
122 128 123 127 119 503 520 764 883 957 
28 100 123 127 119 640 747 856 958 985 
122 128 123 127 606 662 835 943 949 966 
122 128 99 108 117 124 447 550 709 882 
24 87 98 101 119 701 705 777 785 843 
28 100 123 127 289 309 359 504 806 844 
24 87 98 101 119 656 664 833 898 951 
28 100 123 127 477 479 647 668 670 859 
122 128 123 127 340 461 556 587 663 706 
125 126 258 443 547 706 748 768 782 893 
122 128 123 127 119 695 702 704 841 883 
122 128 98 101 119 679 700 731 935 981 
24 87 98 101 119 421 606 701 860 926 
28 100 123 127 119 444 601 665 752 936 
24 87 98 101 119 614 658 750 753 900 
28 100 123 127 517 608 694 727 746 988 
24 87 98 101 119 595 691 717 835 884 
122 128 98 101 119 454 541 825 868 932 
28 100 123 127 119 329 339 526 547 549 
24 87 98 101 119 124 651 669 675 822 
62 100 123 127 119 278 691 769 852 853 
24 87 98 101 119 379 391 626 636 662 
28 100 123 127 570 695 750 797 874 922 
24 87 98 101 119 627 661 777 885 928 
122 128 123 127 471 482 621 636 866 991 
122 128 123 127 119 733 808 822 847 848 
122 128 123 127 650 705 776 849 927 942 
122 128 123 127 504 568 670 736 807 969 
24 87 98 101 119 495 572 587 708 747 
122 128 123 127 119 657 732 809 819 852 
122 128 99 108 117 124 720 816 888 904 
