28 69 123 128 428 447 610 705 771 898 
91 113 124 127 448 670 750 846 850 941 
28 69 123 128 147 219 223 237 725 820 
28 69 123 128 763 923 939 944 949 981 
28 69 123 128 742 744 764 773 904 906 
91 113 124 127 311 463 531 702 783 833 
28 69 123 128 336 368 538 581 650 831 
91 113 124 127 538 594 695 736 795 920 
91 113 124 127 494 638 658 836 910 954 
28 69 123 128 631 658 675 790 808 885 
28 69 123 128 504 633 686 787 805 977 
91 113 124 127 338 446 816 827 961 971 
28 69 123 128 437 448 505 693 981 993 
28 69 123 128 514 597 607 725 859 922 
28 69 123 128 228 280 476 627 965 988 
28 69 123 128 296 354 515 553 700 984 
28 69 123 128 261 317 388 576 579 975 
28 69 123 128 439 584 735 736 764 798 
28 69 123 128 614 733 798 805 889 928 
28 69 123 128 276 321 368 406 787 910 
28 69 123 128 328 376 431 449 657 826 
28 69 123 128 349 506 657 712 717 912 
28 69 123 128 279 518 526 562 820 832 
28 69 123 128 310 673 738 746 960 985 
28 69 123 128 655 657 754 792 953 978 
28 69 123 128 412 432 529 762 824 950 
28 69 123 128 306 545 690 718 906 934 
91 113 124 127 674 680 698 771 970 983 
28 69 123 128 253 306 437 447 769 918 
28 69 123 128 655 757 771 814 889 937 
28 69 123 128 303 324 538 588 865 956 
28 69 123 128 240 289 311 651 776 934 
28 69 123 128 548 719 737 780 807 909 
28 69 123 128 539 553 565 600 756 801 
28 69 123 128 636 758 872 912 956 989 
28 69 123 128 573 628 658 661 767 877 
28 69 123 128 539 655 768 829 861 979 
91 113 124 127 404 533 679 781 813 822 
28 69 123 128 618 641 688 852 866 883 
28 69 123 128 308 382 464 722 843 916 
91 113 124 127 436 446 556 603 785 835 
28 69 123 128 723 752 760 826 914 971 
91 113 124 127 580 587 602 614 716 930 
91 113 124 127 744 828 839 854 865 893 
28 69 123 128 776 829 877 888 902 999 
28 69 123 128 434 447 745 825 874 876 
91 113 124 127 430 447 475 689 866 950 
28 69 123 128 153 361 367 588 622 764 
28 69 123 128 407 573 697 715 889 929 
28 69 123 128 289 426 514 583 670 996 
28 69 123 128 375 450 553 618 654 862 
91 113 124 127 425 549 623 731 782 948 
91 113 124 127 252 272 366 453 496 850 
28 69 123 128 417 425 543 804 854 983 
28 69 123 128 439 511 544 832 880 954 
28 69 123 128 595 767 783 828 862 883 
28 69 123 128 137 203 633 767 858 871 
28 69 123 128 576 578 588 834 873 933 
91 113 124 127 755 768 811 849 858 968 
28 69 123 128 373 385 614 627 656 805 
28 69 123 128 509 532 625 663 807 936 
28 69 123 128 587 601 616 746 747 967 
28 69 123 128 458 616 649 823 835 904 
91 113 124 127 345 380 436 632 817 889 
28 69 123 128 381 383 461 665 776 897 
91 113 124 127 423 439 753 790 877 977 
28 69 123 128 340 470 574 627 904 985 
91 113 124 127 300 347 574 583 701 798 
28 69 123 128 371 427 592 849 967 980 
28 69 123 128 398 399 646 851 894 958 
28 69 123 128 284 545 775 927 946 993 
28 69 123 128 476 483 786 813 899 1000 
28 69 123 128 454 658 767 848 934 966 
28 69 123 128 445 553 574 580 823 992 
28 69 123 128 515 658 766 971 984 986 
28 69 123 128 533 559 641 699 848 965 
28 69 123 128 670 725 958 960 965 973 
91 113 124 127 358 487 673 776 811 947 
91 113 124 127 581 654 814 854 942 977 
28 69 123 128 814 852 874 928 938 1000 
28 69 123 128 243 274 279 353 665 893 
28 69 123 128 460 681 737 866 921 966 
91 113 124 127 443 486 633 681 847 955 
91 113 124 127 346 369 442 462 591 701 
91 113 124 127 395 828 877 909 964 977 
28 69 123 128 586 617 628 636 830 914 
28 69 123 128 189 291 348 414 570 835 
28 69 123 128 403 426 491 499 867 954 
28 69 123 128 507 567 596 644 731 944 
28 69 123 128 490 593 696 815 902 909 
28 69 123 128 656 659 777 821 900 977 
28 69 123 128 685 696 732 923 947 996 
28 69 123 128 594 637 685 689 855 909 
28 69 123 128 652 838 856 863 960 993 
91 113 124 127 190 199 208 400 579 975 
28 69 123 128 444 572 610 650 727 864 
91 113 124 127 410 416 421 578 639 998 
91 113 124 127 217 311 540 636 692 932 
28 69 123 128 458 460 553 627 864 897 
28 69 123 128 344 516 574 584 832 899 
91 113 124 127 422 423 495 639 761 993 
91 113 124 127 542 652 731 745 846 954 
91 113 124 127 494 510 574 807 872 988 
91 113 124 127 462 531 705 784 896 958 
91 113 124 127 342 536 558 569 579 1000 
91 113 124 127 501 550 557 677 687 835 
91 113 124 127 410 451 479 534 570 989 
91 113 124 127 714 731 739 797 849 991 
91 113 124 127 256 337 371 391 721 845 
91 113 124 127 545 609 677 845 862 900 
91 113 124 127 531 616 695 846 927 943 
91 113 124 127 295 349 353 682 799 989 
91 113 124 127 557 641 658 836 935 951 
91 113 124 127 273 361 728 771 861 942 
91 113 124 127 302 324 566 708 860 930 
91 113 124 127 433 442 534 591 645 963 
91 113 124 127 287 371 535 885 915 926 
91 113 124 127 512 679 700 774 775 938 
91 113 124 127 427 700 795 806 903 952 
91 113 124 127 634 730 823 901 918 945 
91 113 124 127 635 700 702 729 750 924 
91 113 124 127 333 342 405 421 621 741 
91 113 124 127 221 267 338 710 714 830 
91 113 124 127 655 657 670 693 957 986 
91 113 124 127 388 449 540 707 770 875 
91 113 124 127 634 791 804 855 954 986 
91 113 124 127 596 609 864 889 892 925 
91 113 124 127 470 584 640 659 681 925 
91 113 124 127 476 516 809 822 836 927 
91 113 124 127 463 645 668 745 855 978 
91 113 124 127 440 705 735 750 886 923 
91 113 124 127 422 533 626 674 716 814 
91 113 124 127 549 616 626 737 800 915 
91 113 124 127 467 688 761 853 857 878 
91 113 124 127 307 604 622 889 890 934 
91 113 124 127 587 751 777 852 893 958 
91 113 124 127 580 702 709 740 742 985 
91 113 124 127 379 480 577 846 916 984 
91 113 124 127 543 624 677 825 932 966 
91 113 124 127 698 759 781 790 860 984 
91 113 124 127 172 730 739 850 865 919 
91 113 124 127 749 780 814 828 891 932 
91 113 124 127 194 235 431 493 611 830 
91 113 124 127 542 577 661 670 706 859 
91 113 124 127 340 373 485 673 860 869 
91 113 124 127 479 574 644 732 773 983 
91 113 124 127 298 536 736 842 946 960 
91 113 124 127 279 340 487 533 892 916 
91 113 124 127 247 398 759 891 907 970 
91 113 124 127 412 784 818 861 946 980 
91 113 124 127 573 701 705 808 903 920 
91 113 124 127 488 513 619 675 838 852 
91 113 124 127 741 765 792 816 876 952 
91 113 124 127 523 537 641 685 708 985 
91 113 124 127 651 747 806 877 913 978 
91 113 124 127 416 721 729 792 877 942 
91 113 124 127 345 378 516 963 974 980 
91 113 124 127 124 442 692 850 853 879 
91 113 124 127 425 642 674 704 757 986 
91 113 124 127 530 647 703 855 907 990 
91 113 124 127 276 642 666 672 825 982 
91 113 124 127 493 615 715 747 818 968 
91 113 124 127 426 463 498 580 699 880 
91 113 124 127 218 292 469 491 835 983 
91 113 124 127 300 356 436 519 606 645 
91 113 124 127 663 739 821 871 886 999 
91 113 124 127 470 612 675 680 818 849 
91 113 124 127 605 823 838 904 977 1000 
91 113 124 127 472 598 609 630 753 977 
91 113 124 127 575 638 879 912 946 954 
91 113 124 127 535 604 755 810 954 969 
91 113 124 127 570 601 650 772 810 922 
91 113 124 127 129 205 308 535 644 871 
91 113 124 127 145 183 315 333 392 567 
91 113 124 127 412 445 637 673 811 920 
91 113 124 127 409 446 515 610 633 807 
91 113 124 127 200 234 344 645 742 886 
91 113 124 127 250 283 725 735 795 963 
91 113 124 127 773 780 855 911 934 973 
91 113 124 127 376 505 608 874 880 911 
91 113 124 127 321 441 470 851 875 947 
91 113 124 127 137 352 553 607 645 853 
91 113 124 127 403 504 535 871 911 919 
91 113 124 127 263 404 526 566 710 747 
91 113 124 127 530 627 710 717 856 863 
91 113 124 127 196 270 293 316 402 468 
91 113 124 127 562 625 652 693 918 972 
91 113 124 127 286 691 789 810 845 879 
91 113 124 127 326 381 427 726 758 866 
91 113 124 127 243 364 424 808 875 908 
91 113 124 127 446 514 653 695 751 963 
91 113 124 127 481 513 556 665 890 931 
91 113 124 127 436 443 486 816 925 943 
91 113 124 127 572 609 650 716 868 988 
91 113 124 127 316 331 504 656 951 996 
91 113 124 127 367 557 652 658 673 805 
91 113 124 127 488 720 836 898 967 988 
91 113 124 127 346 578 740 801 816 896 
91 113 124 127 661 809 892 919 923 928 
91 113 124 127 607 737 812 841 887 978 
86 126 47 90 353 408 451 774 926 991 
86 126 281 394 437 575 719 726 733 907 
35 46 47 90 624 687 688 708 752 936 
86 126 47 90 330 452 499 654 661 685 
86 126 93 146 154 225 338 681 969 998 
86 126 47 90 559 751 760 766 931 940 
86 126 100 90 529 607 659 765 928 955 
86 126 263 630 631 774 810 868 877 937 
35 46 47 90 676 751 818 828 858 895 
86 126 100 368 434 501 687 710 891 989 
86 126 47 90 396 585 661 745 756 861 
35 46 47 90 468 619 738 871 914 928 
86 126 100 493 509 633 714 762 807 920 
32 83 47 90 495 531 676 807 856 930 
86 126 189 254 517 594 642 729 942 948 
86 126 87 182 349 456 622 673 763 979 
86 126 47 90 585 599 641 711 712 772 
86 126 100 90 541 668 720 795 879 949 
86 126 47 90 674 736 745 772 893 918 
86 126 291 325 335 402 427 488 613 712 
86 126 273 357 572 675 683 720 881 900 
1 62 100 90 463 507 668 798 835 996 
35 46 47 90 444 596 800 808 831 886 
86 126 47 90 361 525 576 713 863 910 
35 46 47 90 314 369 473 590 683 760 
86 126 47 90 264 615 767 788 873 875 
86 126 257 378 386 618 689 690 719 975 
35 46 47 90 652 788 801 852 898 963 
86 126 414 475 502 530 616 694 906 981 
86 126 47 90 194 302 403 417 651 708 
86 126 47 90 677 738 821 872 877 912 
86 126 47 90 464 478 494 615 828 872 
35 46 47 90 397 506 669 747 818 840 
86 126 47 90 657 666 791 904 953 978 
53 68 47 90 559 596 621 667 870 914 
53 68 47 90 582 636 674 764 935 991 
1 62 100 90 485 746 810 864 918 960 
86 126 47 90 484 556 833 883 967 997 
86 126 47 90 689 712 722 740 805 949 
86 126 47 90 339 413 534 547 663 949 
86 126 100 257 411 499 679 754 913 940 
86 126 281 406 449 525 611 618 690 972 
86 126 435 448 451 467 592 606 726 933 
86 126 47 90 630 747 897 924 933 980 
86 126 197 321 322 478 710 727 905 996 
86 126 47 90 329 578 593 623 638 686 
86 126 100 90 497 554 576 656 715 833 
86 126 47 90 360 710 870 908 977 1000 
86 126 47 90 523 595 718 721 777 965 
86 126 47 90 545 621 626 697 811 883 
86 126 47 90 424 498 628 817 919 925 
86 126 47 90 161 363 419 649 791 942 
86 126 143 279 461 502 682 747 896 988 
86 126 47 90 329 437 454 571 592 643 
86 126 171 533 618 628 804 889 910 995 
86 126 137 199 311 343 400 491 919 987 
86 126 47 90 475 525 779 871 899 951 
86 126 47 90 598 603 680 785 799 816 
86 126 47 90 528 619 713 782 884 931 
86 126 47 90 382 401 452 685 869 934 
86 126 100 303 544 580 612 743 891 914 
86 126 47 90 289 439 514 781 844 967 
35 46 47 90 544 614 698 707 930 959 
86 126 47 90 296 303 524 557 722 848 
86 126 47 90 207 361 411 739 756 1000 
86 126 47 90 133 166 544 699 938 974 
86 126 47 90 333 735 743 819 937 974 
86 126 234 324 522 623 650 852 866 940 
86 126 100 297 401 527 564 599 648 762 
35 46 47 90 328 405 420 469 588 857 
1 62 100 90 308 381 658 929 940 980 
86 126 47 90 572 645 738 883 921 958 
86 126 47 90 467 480 535 607 706 838 
86 126 47 90 296 382 726 733 836 971 
86 126 118 119 423 462 471 671 727 940 
86 126 47 90 472 599 676 768 912 995 
35 46 47 90 436 483 626 671 749 841 
86 126 47 90 718 736 751 878 936 1000 
35 46 47 90 353 568 598 874 896 977 
35 46 47 90 445 618 679 807 938 953 
86 126 100 458 625 705 787 824 841 905 
86 126 47 90 435 552 585 646 773 810 
86 126 47 90 691 892 921 932 953 977 
86 126 588 637 649 795 889 912 934 998 
86 126 47 90 420 754 785 830 837 996 
86 126 47 90 89 259 338 381 622 845 
86 126 47 90 298 571 603 737 766 926 
86 126 100 370 498 609 825 860 935 940 
86 126 47 90 675 699 715 840 851 921 
86 126 47 90 330 349 688 760 773 983 
86 126 100 571 596 619 634 655 821 912 
86 126 47 90 469 515 571 625 661 979 
86 126 47 90 685 730 736 761 851 893 
86 126 100 579 698 734 779 815 836 943 
35 46 47 90 724 761 796 871 959 965 
35 46 47 90 384 537 551 568 735 999 
35 46 47 90 579 581 744 773 794 915 
86 126 100 466 597 622 679 703 867 910 
35 46 47 90 348 398 478 734 791 857 
86 126 100 90 362 497 517 769 782 906 
35 46 47 90 243 327 368 696 786 839 
35 46 47 90 271 329 526 672 744 926 
35 46 47 90 542 580 668 807 889 982 
71 77 115 122 423 508 679 907 910 921 
32 83 47 90 704 806 858 906 937 967 
35 46 47 90 494 577 648 666 748 884 
35 46 47 90 219 299 489 507 647 669 
35 46 47 90 364 603 675 764 806 975 
35 46 47 90 419 573 678 770 853 949 
1 62 100 328 467 608 750 754 845 861 
35 46 47 90 617 666 784 812 908 960 
125 46 47 90 237 528 712 740 887 900 
32 83 201 251 253 375 668 809 850 882 
1 62 100 90 522 768 845 855 872 945 
35 46 47 90 388 527 588 793 866 934 
232 312 355 535 553 675 687 796 865 895 
35 46 47 90 373 384 424 691 902 932 
71 77 115 122 336 382 583 888 984 992 
35 46 47 90 537 687 726 750 766 910 
35 46 47 90 431 478 494 553 616 846 
35 46 47 90 506 513 533 700 820 884 
35 46 47 90 491 526 563 755 895 966 
1 62 100 90 459 630 637 660 703 797 
35 46 47 90 384 448 501 772 951 998 
35 46 47 90 364 536 572 581 629 731 
35 46 47 90 396 444 543 713 766 996 
35 46 47 90 527 661 706 712 895 993 
32 83 47 90 516 634 690 790 868 885 
32 83 364 378 450 580 659 759 773 902 
1 62 100 90 215 563 658 716 735 806 
35 46 47 90 496 512 519 584 835 957 
35 46 47 90 294 687 692 856 863 927 
35 46 47 90 326 482 556 743 889 992 
35 46 47 90 669 780 818 887 918 936 
35 46 47 90 376 607 640 721 756 870 
125 46 47 90 512 594 699 867 902 977 
32 83 47 90 558 567 641 679 770 937 
35 46 47 90 255 581 586 672 783 907 
35 46 47 90 900 901 930 966 990 995 
1 62 100 90 789 815 864 955 970 1000 
1 62 100 90 422 497 558 670 702 975 
35 46 47 90 332 422 825 852 867 983 
35 46 47 90 311 695 746 850 932 941 
125 62 100 90 300 356 406 616 670 735 
35 46 47 90 699 746 758 834 907 1000 
53 68 47 90 377 432 519 769 788 814 
35 46 47 90 536 673 703 717 746 781 
35 46 47 90 293 408 694 757 968 977 
1 62 100 90 414 538 578 694 786 887 
35 46 47 90 409 540 595 696 829 994 
35 46 47 90 494 538 703 731 774 962 
35 46 47 90 203 372 436 717 850 960 
35 46 47 90 547 572 602 665 888 894 
35 46 47 90 484 518 598 625 724 997 
35 46 47 90 341 511 594 625 716 738 
35 46 47 90 329 352 457 559 600 851 
1 62 100 90 283 326 372 407 486 982 
35 46 47 90 473 571 604 626 731 860 
35 46 47 90 348 373 470 489 716 852 
35 46 47 90 376 446 554 599 666 903 
35 46 47 90 581 610 620 726 826 873 
35 46 47 90 340 443 547 666 736 974 
35 46 47 90 476 570 599 686 792 916 
35 46 47 90 499 608 734 830 838 999 
35 46 47 90 614 639 658 743 809 866 
1 62 100 90 557 625 732 822 842 907 
35 46 47 90 302 500 520 527 717 825 
53 68 47 90 648 715 737 820 966 976 
35 46 47 90 304 650 703 727 883 892 
13 38 181 316 529 569 637 827 929 930 
35 46 47 90 488 603 696 780 913 962 
35 46 47 90 220 227 629 643 718 958 
35 46 47 90 397 464 662 765 826 926 
35 46 47 90 564 676 692 703 783 833 
35 46 47 90 588 594 667 822 874 914 
53 68 47 90 385 612 626 676 745 783 
35 46 47 90 394 463 505 637 708 971 
35 46 47 90 587 667 744 817 850 853 
281 338 410 589 598 613 701 716 730 733 
1 62 100 469 602 613 694 722 794 890 
35 46 47 90 317 403 757 789 848 880 
35 46 47 90 395 408 538 753 770 872 
35 46 47 90 617 696 710 712 755 860 
35 46 47 90 594 736 760 791 820 997 
125 46 47 90 346 379 447 517 778 856 
35 46 47 90 337 772 880 881 958 962 
35 46 47 90 236 394 531 558 705 908 
1 62 100 90 412 676 726 750 926 936 
35 46 47 90 392 621 737 750 781 862 
35 46 47 90 451 713 867 877 949 955 
125 46 47 90 527 601 635 721 847 868 
35 46 47 90 584 731 759 862 945 982 
35 46 47 90 602 615 624 655 753 917 
1 62 100 90 733 747 808 870 916 951 
35 46 47 90 447 505 547 557 580 670 
1 62 100 90 325 407 425 505 543 837 
32 83 47 90 387 424 495 531 611 768 
35 46 47 90 237 438 450 559 732 961 
35 46 47 90 519 530 623 802 854 890 
32 83 47 90 516 557 569 887 978 990 
1 62 100 427 507 731 896 898 934 998 
104 120 363 404 444 448 526 643 648 980 
1 62 100 287 460 584 739 795 885 911 
35 39 58 424 431 455 524 584 675 919 
1 62 100 267 278 441 664 679 733 881 
1 62 100 367 468 699 715 851 949 966 
1 62 100 615 638 662 689 723 871 978 
1 62 100 360 373 398 526 735 863 891 
32 83 100 377 453 545 557 612 757 953 
56 183 305 412 481 491 659 755 758 837 
430 540 637 674 676 693 703 847 863 876 
113 188 376 390 681 799 938 941 945 977 
62 88 155 210 259 661 796 817 923 950 
1 62 100 172 226 313 536 564 878 893 
1 62 100 341 365 398 478 708 738 903 
1 62 100 687 716 738 806 911 979 996 
10 33 105 191 544 554 593 662 891 960 
115 196 216 301 466 530 673 694 729 940 
71 77 115 122 584 595 602 619 711 744 
18 293 296 523 537 681 709 824 856 961 
1 62 100 184 262 313 372 470 588 805 
41 107 228 416 442 528 584 656 661 760 
203 348 376 410 451 468 735 930 960 1000 
1 62 100 434 489 602 743 754 819 951 
1 62 100 234 366 440 505 760 778 998 
32 83 92 228 236 581 613 703 806 922 
1 62 100 427 495 542 729 815 820 841 
32 83 568 660 687 842 858 967 987 997 
1 62 100 181 225 427 449 472 551 717 
32 83 117 273 324 538 584 673 712 904 
32 83 100 312 573 592 611 652 778 873 
108 115 134 142 299 628 757 836 898 988 
1 62 100 326 467 471 601 602 842 867 
1 62 100 525 572 595 630 663 693 861 
1 62 100 320 350 497 560 677 727 770 
125 62 100 150 305 310 577 627 891 903 
1 62 100 334 357 526 561 599 866 902 
32 83 85 256 328 352 611 616 627 780 
32 83 100 394 450 569 625 654 700 884 
1 62 100 283 724 726 755 760 771 868 
32 83 142 355 485 556 562 635 725 779 
56 109 131 156 451 454 547 568 648 887 
1 62 100 646 665 789 912 914 935 936 
1 62 100 331 405 464 621 674 692 866 
125 55 60 210 368 526 632 645 820 860 
51 65 100 267 342 394 395 728 740 921 
32 83 100 408 421 466 484 510 870 963 
1 62 100 340 387 833 849 891 900 906 
1 62 100 256 290 390 462 817 894 987 
1 62 100 429 525 603 607 684 816 937 
21 157 212 279 560 693 793 823 888 971 
18 91 114 339 356 389 521 594 912 941 
56 109 100 226 254 357 748 849 896 993 
32 83 121 312 393 804 842 868 922 998 
53 68 100 264 353 437 438 483 718 907 
32 83 420 483 490 511 553 726 810 901 
58 64 268 335 451 492 534 610 845 893 
1 62 100 462 686 761 772 840 921 936 
27 163 185 219 221 321 400 489 870 975 
186 343 664 681 737 790 811 865 866 950 
32 83 100 420 434 449 475 571 748 992 
53 68 100 378 398 584 697 776 833 884 
125 62 100 335 342 528 549 621 655 938 
72 327 407 475 571 612 649 742 796 891 
1 62 100 537 685 770 895 901 908 929 
28 126 193 257 318 523 755 806 885 967 
32 83 100 388 478 490 510 616 722 806 
53 68 100 484 510 578 584 632 870 952 
121 156 255 599 623 647 753 761 854 952 
56 109 100 293 483 503 520 764 883 957 
11 13 169 209 221 640 747 856 958 985 
53 68 343 405 606 662 835 943 949 966 
1 62 100 206 325 366 447 550 709 882 
1 62 100 498 521 701 705 777 785 843 
32 83 100 231 289 309 359 504 806 844 
10 18 85 158 501 656 664 833 898 951 
32 83 308 330 477 479 647 668 670 859 
1 62 100 261 340 461 556 587 663 706 
1 62 100 443 547 706 748 768 782 893 
1 62 100 454 570 695 702 704 841 883 
1 62 100 672 674 679 700 731 935 981 
53 68 170 306 342 421 606 701 860 926 
54 62 331 361 376 444 601 665 752 936 
96 132 483 516 581 614 658 750 753 900 
56 109 100 508 517 608 694 727 746 988 
1 62 100 398 522 595 691 717 835 884 
32 83 185 187 215 454 541 825 868 932 
104 120 100 255 285 329 339 526 547 549 
62 103 346 362 390 449 651 669 675 822 
1 62 100 197 253 278 691 769 852 853 
32 83 115 122 361 379 391 626 636 662 
8 203 207 313 570 695 750 797 874 922 
1 62 100 323 396 627 661 777 885 928 
53 68 100 449 471 482 621 636 866 991 
1 62 100 429 713 733 808 822 847 848 
1 62 100 619 650 705 776 849 927 942 
32 83 259 345 504 568 670 736 807 969 
125 62 100 180 238 495 572 587 708 747 
31 59 208 410 490 657 732 809 819 852 
1 62 100 533 682 709 720 816 888 904 
