26 98 78 112 115 116 126 128 771 898 
26 98 78 112 115 116 126 128 850 941 
26 98 78 112 115 116 126 128 725 820 
26 98 319 743 763 923 939 944 949 981 
26 98 73 127 115 116 126 128 904 906 
26 98 78 112 115 116 126 128 783 833 
26 98 78 112 115 116 126 128 650 831 
26 98 78 112 115 116 126 128 795 920 
26 98 78 112 115 116 126 128 910 954 
26 98 117 125 115 116 126 128 808 885 
26 98 117 125 115 116 126 128 805 977 
26 98 78 112 115 116 126 128 961 971 
26 98 78 112 115 116 126 128 981 993 
26 98 78 112 115 116 126 128 859 922 
26 98 162 182 228 280 476 627 965 988 
26 98 117 125 115 116 126 128 700 984 
26 98 241 244 261 317 388 576 579 975 
26 98 376 429 439 584 735 736 764 798 
26 98 78 112 115 116 126 128 889 928 
26 98 78 112 115 116 126 128 787 910 
41 75 78 112 115 116 126 128 657 826 
26 98 78 112 115 116 126 128 717 912 
26 98 78 112 115 116 126 128 820 832 
26 98 78 112 115 116 126 128 960 985 
26 98 78 112 115 116 126 128 953 978 
26 98 78 112 115 116 126 128 824 950 
26 98 117 125 306 545 690 718 906 934 
26 98 78 112 115 116 126 128 970 983 
26 98 78 112 115 116 126 128 769 918 
26 98 78 112 115 116 126 128 889 937 
41 75 78 112 115 116 126 128 865 956 
26 98 78 112 115 116 126 128 776 934 
26 98 78 112 115 116 126 128 807 909 
26 98 78 112 115 116 126 128 756 801 
41 75 78 112 115 116 126 128 956 989 
26 98 78 112 115 116 126 128 767 877 
26 98 78 112 115 116 126 128 861 979 
26 98 334 335 404 533 679 781 813 822 
26 98 78 112 115 116 126 128 866 883 
26 98 85 188 308 382 464 722 843 916 
26 98 78 112 115 116 126 128 785 835 
26 98 78 112 115 116 126 128 914 971 
26 98 104 118 580 587 602 614 716 930 
26 98 78 112 115 116 126 128 865 893 
26 98 78 112 115 116 126 128 902 999 
26 98 78 112 115 116 126 128 874 876 
26 98 78 112 115 116 126 128 866 950 
26 98 78 112 115 116 126 128 622 764 
26 98 78 112 115 116 126 128 889 929 
26 98 78 112 115 116 126 128 670 996 
26 98 78 112 115 116 126 128 654 862 
26 98 78 112 115 116 126 128 782 948 
26 98 139 185 252 272 366 453 496 850 
26 98 78 112 115 116 126 128 854 983 
26 98 104 118 439 511 544 832 880 954 
26 98 369 479 595 767 783 828 862 883 
26 98 78 112 115 116 126 128 858 871 
26 98 78 112 115 116 126 128 873 933 
26 98 78 112 115 116 126 128 858 968 
26 98 78 112 115 116 126 128 656 805 
26 98 78 112 115 116 126 128 807 936 
26 98 78 112 115 116 126 128 747 967 
26 98 146 308 458 616 649 823 835 904 
26 98 78 112 115 116 126 128 817 889 
26 98 78 112 115 116 126 128 776 897 
26 98 78 112 115 116 126 128 877 977 
26 98 78 112 115 116 126 128 904 985 
26 98 78 112 115 116 126 128 701 798 
26 98 197 353 371 427 592 849 967 980 
26 98 78 112 115 116 126 128 894 958 
26 98 78 112 115 116 126 128 946 993 
26 98 78 112 115 116 126 128 899 1000 
41 75 78 112 115 116 126 128 934 966 
26 98 78 112 115 116 126 128 823 992 
26 98 78 112 115 116 126 128 984 986 
26 98 78 112 115 116 126 128 848 965 
26 98 73 127 115 116 126 128 965 973 
26 98 78 112 115 116 126 128 811 947 
26 98 78 112 115 116 126 128 942 977 
26 98 78 112 115 116 126 128 938 1000 
26 98 78 112 115 116 126 128 665 893 
26 98 78 112 115 116 126 128 921 966 
26 98 78 112 115 116 126 128 847 955 
26 98 78 112 115 116 126 128 591 701 
26 98 78 112 115 116 126 128 964 977 
26 98 78 112 115 116 126 128 830 914 
26 98 78 112 115 116 126 128 570 835 
26 98 78 112 115 116 126 128 867 954 
26 98 78 112 115 116 126 128 731 944 
26 98 78 112 115 116 126 128 902 909 
26 98 78 112 115 116 126 128 900 977 
26 98 420 426 685 696 732 923 947 996 
26 98 78 112 115 116 126 128 855 909 
68 92 104 118 652 838 856 863 960 993 
26 98 78 112 115 116 126 128 579 975 
26 98 78 112 115 116 126 128 727 864 
51 70 90 96 115 116 126 128 639 998 
113 119 78 112 115 116 126 128 692 932 
26 98 78 112 115 116 126 128 864 897 
41 75 78 112 115 116 126 128 832 899 
26 98 78 112 115 116 126 128 761 993 
26 98 78 112 115 116 126 128 846 954 
26 98 73 127 494 510 574 807 872 988 
26 98 78 112 115 116 126 128 896 958 
26 98 232 297 342 536 558 569 579 1000 
26 98 258 419 501 550 557 677 687 835 
26 98 104 118 115 116 126 128 570 989 
26 98 78 112 115 116 126 128 849 991 
26 98 78 112 115 116 126 128 721 845 
26 98 158 514 545 609 677 845 862 900 
26 98 78 112 115 116 126 128 927 943 
26 98 78 112 115 116 126 128 799 989 
26 98 78 112 115 116 126 128 935 951 
26 98 246 272 273 361 728 771 861 942 
26 98 78 112 115 116 126 128 860 930 
26 98 73 127 115 116 126 128 645 963 
26 98 78 112 115 116 126 128 915 926 
26 98 117 125 115 116 126 128 775 938 
26 98 117 125 427 700 795 806 903 952 
26 98 78 112 115 116 126 128 918 945 
26 98 78 112 115 116 126 128 750 924 
41 75 78 112 115 116 126 128 621 741 
26 98 133 138 221 267 338 710 714 830 
26 98 78 112 115 116 126 128 957 986 
26 98 78 112 115 116 126 128 770 875 
26 98 78 112 115 116 126 128 954 986 
26 98 78 112 115 116 126 128 892 925 
26 98 78 112 115 116 126 128 681 925 
26 98 78 112 115 116 126 128 836 927 
26 98 78 112 115 116 126 128 855 978 
26 98 78 112 115 116 126 128 886 923 
113 119 78 112 115 116 126 128 716 814 
26 98 78 112 115 116 126 128 800 915 
26 98 117 125 467 688 761 853 857 878 
113 119 78 112 115 116 126 128 890 934 
26 98 117 125 587 751 777 852 893 958 
26 98 73 127 580 702 709 740 742 985 
26 98 73 127 115 116 126 128 916 984 
26 98 290 380 543 624 677 825 932 966 
25 27 117 125 698 759 781 790 860 984 
26 98 78 112 115 116 126 128 865 919 
26 98 78 112 115 116 126 128 891 932 
26 98 142 160 194 235 431 493 611 830 
26 98 323 429 542 577 661 670 706 859 
41 75 78 112 115 116 126 128 860 869 
26 98 78 112 115 116 126 128 773 983 
26 98 78 112 115 116 126 128 946 960 
26 98 78 112 115 116 126 128 892 916 
26 98 78 112 115 116 126 128 907 970 
26 98 78 112 115 116 126 128 946 980 
26 98 520 531 573 701 705 808 903 920 
26 98 104 118 115 116 126 128 838 852 
26 98 78 112 115 116 126 128 876 952 
26 98 78 112 115 116 126 128 708 985 
41 75 78 112 115 116 126 128 913 978 
26 98 206 294 416 721 729 792 877 942 
26 98 78 112 115 116 126 128 974 980 
26 98 78 112 115 116 126 128 853 879 
26 98 78 112 115 116 126 128 757 986 
26 98 78 112 115 116 126 128 907 990 
26 98 78 112 115 116 126 128 825 982 
26 98 78 112 115 116 126 128 818 968 
26 98 78 112 115 116 126 128 699 880 
26 98 143 201 218 292 469 491 835 983 
26 98 117 125 300 356 436 519 606 645 
26 98 78 112 115 116 126 128 886 999 
26 98 78 112 115 116 126 128 818 849 
26 98 180 487 605 823 838 904 977 1000 
41 75 78 112 115 116 126 128 753 977 
26 98 78 112 115 116 126 128 946 954 
26 98 78 112 115 116 126 128 954 969 
26 98 78 112 115 116 126 128 810 922 
26 98 104 118 115 116 126 128 644 871 
26 98 78 112 115 116 126 128 392 567 
113 119 302 347 412 445 637 673 811 920 
26 98 78 112 115 116 126 128 633 807 
26 98 78 112 115 116 126 128 742 886 
26 98 78 112 115 116 126 128 795 963 
26 98 308 475 773 780 855 911 934 973 
26 98 78 112 115 116 126 128 880 911 
41 75 78 112 115 116 126 128 875 947 
26 98 73 127 115 116 126 128 645 853 
26 98 78 112 115 116 126 128 911 919 
26 98 78 112 115 116 126 128 710 747 
26 98 73 127 115 116 126 128 856 863 
26 98 78 112 115 116 126 128 402 468 
26 98 329 488 562 625 652 693 918 972 
26 98 104 118 286 691 789 810 845 879 
26 98 78 112 115 116 126 128 758 866 
26 98 78 112 115 116 126 128 875 908 
41 75 78 112 115 116 126 128 751 963 
113 119 78 112 115 116 126 128 890 931 
26 98 311 318 436 443 486 816 925 943 
26 98 78 112 115 116 126 128 868 988 
26 98 235 256 316 331 504 656 951 996 
26 98 78 112 115 116 126 128 673 805 
26 98 78 112 115 116 126 128 967 988 
26 98 78 112 115 116 126 128 816 896 
26 98 73 127 661 809 892 919 923 928 
26 98 78 112 115 116 126 128 887 978 
26 98 78 112 115 116 126 128 926 991 
26 98 78 112 115 116 126 128 733 907 
26 98 78 112 115 116 126 128 752 936 
26 98 78 112 115 116 126 128 661 685 
26 98 78 112 115 116 126 128 969 998 
26 98 78 112 115 116 126 128 931 940 
26 98 78 112 115 116 126 128 928 955 
26 98 78 112 115 116 126 128 877 937 
26 98 523 649 676 751 818 828 858 895 
26 98 78 112 115 116 126 128 891 989 
26 98 78 112 115 116 126 128 756 861 
26 98 78 112 115 116 126 128 914 928 
26 98 78 112 115 116 126 128 807 920 
26 98 78 112 115 116 126 128 856 930 
26 98 78 112 115 116 126 128 942 948 
26 98 90 96 115 116 126 128 763 979 
26 98 78 112 115 116 126 128 712 772 
41 75 78 112 115 116 126 128 879 949 
26 98 78 112 115 116 126 128 893 918 
26 98 78 112 115 116 126 128 613 712 
26 98 73 127 572 675 683 720 881 900 
26 98 78 112 115 116 126 128 835 996 
26 98 78 112 115 116 126 128 831 886 
26 98 78 112 115 116 126 128 863 910 
26 98 78 112 115 116 126 128 683 760 
26 98 78 112 115 116 126 128 873 875 
26 98 78 112 115 116 126 128 719 975 
26 98 78 112 115 116 126 128 898 963 
26 98 78 112 115 116 126 128 906 981 
26 98 78 112 115 116 126 128 651 708 
26 98 78 112 115 116 126 128 877 912 
41 75 78 112 115 116 126 128 828 872 
26 98 78 112 115 116 126 128 818 840 
26 98 73 127 115 116 126 128 953 978 
26 98 78 112 115 116 126 128 870 914 
26 98 78 112 115 116 126 128 935 991 
26 98 78 112 115 116 126 128 918 960 
26 98 78 112 115 116 126 128 967 997 
26 98 590 655 689 712 722 740 805 949 
41 75 78 112 115 116 126 128 663 949 
26 98 232 257 411 499 679 754 913 940 
26 98 78 112 115 116 126 128 690 972 
26 98 78 112 115 116 126 128 726 933 
26 98 78 112 115 116 126 128 933 980 
113 119 90 96 115 116 126 128 905 996 
26 98 136 261 329 578 593 623 638 686 
26 98 78 112 115 116 126 128 715 833 
26 98 78 112 115 116 126 128 977 1000 
26 98 78 112 115 116 126 128 777 965 
26 98 78 112 115 116 126 128 811 883 
39 71 73 127 115 116 126 128 919 925 
41 75 78 112 115 116 126 128 791 942 
113 119 143 279 461 502 682 747 896 988 
41 75 78 112 115 116 126 128 592 643 
41 75 78 112 115 116 126 128 910 995 
113 119 78 112 115 116 126 128 919 987 
25 27 117 125 475 525 779 871 899 951 
113 119 78 112 115 116 126 128 799 816 
41 75 78 112 115 116 126 128 884 931 
41 75 78 112 115 116 126 128 869 934 
41 75 78 112 115 116 126 128 891 914 
68 92 104 118 115 116 126 128 844 967 
41 75 78 112 115 116 126 128 930 959 
41 75 78 112 115 116 126 128 722 848 
41 75 78 112 115 116 126 128 756 1000 
113 119 78 112 115 116 126 128 938 974 
113 119 78 112 115 116 126 128 937 974 
41 75 78 112 115 116 126 128 866 940 
41 75 78 112 115 116 126 128 648 762 
41 75 78 112 115 116 126 128 588 857 
41 75 78 112 115 116 126 128 940 980 
41 75 78 112 115 116 126 128 921 958 
41 75 78 112 115 116 126 128 706 838 
113 119 78 112 115 116 126 128 836 971 
41 75 78 112 115 116 126 128 727 940 
41 75 78 112 115 116 126 128 912 995 
41 75 78 112 115 116 126 128 749 841 
41 75 78 112 115 116 126 128 936 1000 
41 75 78 112 115 116 126 128 896 977 
41 75 78 112 115 116 126 128 938 953 
41 75 78 112 115 116 126 128 841 905 
41 75 78 112 115 116 126 128 773 810 
41 75 78 112 115 116 126 128 953 977 
25 27 117 125 115 116 126 128 934 998 
41 75 78 112 115 116 126 128 837 996 
41 75 78 112 115 116 126 128 622 845 
41 75 78 112 115 116 126 128 766 926 
41 75 78 112 115 116 126 128 935 940 
41 75 78 112 115 116 126 128 851 921 
41 75 78 112 115 116 126 128 773 983 
41 75 78 112 115 116 126 128 821 912 
39 71 73 127 115 116 126 128 661 979 
113 119 78 112 115 116 126 128 851 893 
113 119 563 579 698 734 779 815 836 943 
41 75 78 112 115 116 126 128 959 965 
41 75 78 112 115 116 126 128 735 999 
41 75 78 112 115 116 126 128 794 915 
41 75 78 112 115 116 126 128 867 910 
41 75 78 112 115 116 126 128 791 857 
41 75 78 112 115 116 126 128 782 906 
41 75 78 112 115 116 126 128 786 839 
41 75 78 112 115 116 126 128 744 926 
41 75 78 112 115 116 126 128 889 982 
41 75 78 112 115 116 126 128 910 921 
41 75 78 112 115 116 126 128 937 967 
41 75 78 112 115 116 126 128 748 884 
113 119 78 112 115 116 126 128 647 669 
113 119 78 112 115 116 126 128 806 975 
41 75 78 112 115 116 126 128 853 949 
41 75 78 112 115 116 126 128 845 861 
68 92 104 118 115 116 126 128 908 960 
68 92 104 118 115 116 126 128 887 900 
41 75 78 112 115 116 126 128 850 882 
113 119 78 112 115 116 126 128 872 945 
41 75 78 112 115 116 126 128 866 934 
41 75 78 112 115 116 126 128 865 895 
113 119 78 112 115 116 126 128 902 932 
41 75 78 112 115 116 126 128 984 992 
113 119 78 112 115 116 126 128 766 910 
41 75 78 112 115 116 126 128 616 846 
41 75 78 112 115 116 126 128 820 884 
41 75 78 112 115 116 126 128 895 966 
41 75 78 112 115 116 126 128 703 797 
41 75 78 112 115 116 126 128 951 998 
41 75 78 112 115 116 126 128 629 731 
41 75 78 112 115 116 126 128 766 996 
41 75 78 112 115 116 126 128 895 993 
41 75 78 112 115 116 126 128 868 885 
41 75 78 112 115 116 126 128 773 902 
68 92 104 118 115 116 126 128 735 806 
41 75 78 112 115 116 126 128 835 957 
41 75 78 112 115 116 126 128 863 927 
113 119 78 112 115 116 126 128 889 992 
113 119 78 112 115 116 126 128 918 936 
41 75 78 112 115 116 126 128 756 870 
41 75 78 112 115 116 126 128 902 977 
68 92 104 118 115 116 126 128 770 937 
41 75 78 112 115 116 126 128 783 907 
41 75 78 112 115 116 126 128 990 995 
41 75 78 112 115 116 126 128 970 1000 
41 75 78 112 115 116 126 128 702 975 
41 75 78 112 115 116 126 128 867 983 
39 71 73 127 115 116 126 128 932 941 
113 119 78 112 115 116 126 128 670 735 
113 119 78 112 115 116 126 128 907 1000 
41 75 78 112 115 116 126 128 788 814 
113 119 78 112 115 116 126 128 746 781 
41 75 78 112 115 116 126 128 968 977 
24 90 140 398 414 538 578 694 786 887 
41 75 78 112 115 116 126 128 829 994 
39 71 73 127 115 116 126 128 774 962 
41 75 78 112 115 116 126 128 850 960 
51 70 90 96 115 116 126 128 888 894 
41 75 78 112 115 116 126 128 724 997 
41 75 78 112 115 116 126 128 716 738 
113 119 78 112 115 116 126 128 600 851 
68 92 104 118 115 116 126 128 486 982 
41 75 78 112 115 116 126 128 731 860 
41 75 78 112 115 116 126 128 716 852 
41 75 78 112 115 116 126 128 666 903 
41 75 78 112 115 116 126 128 826 873 
41 75 78 112 115 116 126 128 736 974 
41 75 78 112 115 116 126 128 792 916 
41 75 78 112 115 116 126 128 838 999 
41 75 78 112 115 116 126 128 809 866 
41 75 78 112 115 116 126 128 842 907 
113 119 104 118 115 116 126 128 717 825 
41 75 78 112 115 116 126 128 966 976 
41 75 78 112 115 116 126 128 883 892 
41 75 78 112 115 116 126 128 929 930 
41 75 78 112 115 116 126 128 913 962 
25 27 117 125 115 116 126 128 718 958 
41 75 78 112 115 116 126 128 826 926 
41 75 78 112 115 116 126 128 783 833 
113 119 78 112 115 116 126 128 874 914 
68 92 104 118 115 116 126 128 745 783 
41 75 78 112 115 116 126 128 708 971 
41 75 78 112 115 116 126 128 850 853 
41 75 78 112 115 116 126 128 730 733 
41 75 78 112 115 116 126 128 794 890 
41 75 78 112 115 116 126 128 848 880 
113 119 298 343 395 408 538 753 770 872 
41 75 78 112 115 116 126 128 755 860 
41 75 78 112 115 116 126 128 820 997 
41 75 78 112 115 116 126 128 778 856 
113 119 199 255 337 772 880 881 958 962 
41 75 78 112 115 116 126 128 705 908 
41 75 78 112 115 116 126 128 926 936 
41 75 78 112 115 116 126 128 781 862 
41 75 78 112 115 116 126 128 949 955 
41 75 78 112 115 116 126 128 847 868 
25 27 117 125 115 116 126 128 945 982 
41 75 78 112 115 116 126 128 753 917 
41 75 78 112 115 116 126 128 916 951 
41 75 78 112 115 116 126 128 580 670 
113 119 78 112 115 116 126 128 543 837 
39 71 73 127 115 116 126 128 611 768 
41 75 78 112 115 116 126 128 732 961 
41 75 78 112 115 116 126 128 854 890 
41 75 78 112 115 116 126 128 978 990 
41 75 78 112 115 116 126 128 934 998 
41 75 78 112 115 116 126 128 648 980 
113 119 78 112 115 116 126 128 885 911 
41 75 78 112 115 116 126 128 675 919 
41 75 78 112 115 116 126 128 733 881 
39 71 73 127 115 116 126 128 949 966 
51 70 90 96 115 116 126 128 871 978 
41 75 78 112 115 116 126 128 863 891 
41 75 78 112 115 116 126 128 757 953 
41 75 78 112 115 116 126 128 758 837 
41 75 78 112 115 116 126 128 863 876 
41 75 78 112 115 116 126 128 945 977 
113 119 78 112 115 116 126 128 923 950 
41 75 78 112 115 116 126 128 878 893 
113 119 78 112 115 116 126 128 738 903 
113 119 78 112 115 116 126 128 979 996 
41 75 78 112 115 116 126 128 891 960 
41 75 78 112 115 116 126 128 729 940 
113 119 90 96 115 116 126 128 711 744 
41 75 78 112 115 116 126 128 856 961 
41 75 78 112 115 116 126 128 588 805 
25 27 117 125 442 528 584 656 661 760 
41 75 78 112 115 116 126 128 960 1000 
41 75 78 112 115 116 126 128 819 951 
41 75 78 112 115 116 126 128 778 998 
113 119 78 112 115 116 126 128 806 922 
113 119 117 125 495 542 729 815 820 841 
41 75 78 112 115 116 126 128 987 997 
41 75 78 112 115 116 126 128 551 717 
41 75 78 112 115 116 126 128 712 904 
41 75 78 112 115 116 126 128 778 873 
41 75 78 112 115 116 126 128 898 988 
41 75 78 112 115 116 126 128 842 867 
41 75 78 112 115 116 126 128 693 861 
113 119 204 320 350 497 560 677 727 770 
41 75 78 112 115 116 126 128 891 903 
41 75 78 112 115 116 126 128 866 902 
41 75 78 112 115 116 126 128 627 780 
41 75 78 112 115 116 126 128 700 884 
113 119 78 112 115 116 126 128 771 868 
41 75 78 112 115 116 126 128 725 779 
21 114 131 156 451 454 547 568 648 887 
41 75 78 112 115 116 126 128 935 936 
41 75 78 112 115 116 126 128 692 866 
39 71 73 127 115 116 126 128 820 860 
41 75 78 112 115 116 126 128 740 921 
41 75 78 112 115 116 126 128 870 963 
41 75 78 112 115 116 126 128 900 906 
113 119 73 127 115 116 126 128 894 987 
113 119 117 125 115 116 126 128 816 937 
113 119 73 127 115 116 126 128 888 971 
41 75 78 112 115 116 126 128 912 941 
68 92 104 118 115 116 126 128 896 993 
41 75 78 112 115 116 126 128 922 998 
41 75 78 112 115 116 126 128 718 907 
41 75 78 112 115 116 126 128 810 901 
113 119 78 112 115 116 126 128 845 893 
113 119 78 112 115 116 126 128 921 936 
113 119 117 125 115 116 126 128 870 975 
25 27 117 125 115 116 126 128 866 950 
41 75 78 112 115 116 126 128 748 992 
41 75 78 112 115 116 126 128 833 884 
41 75 78 112 115 116 126 128 655 938 
113 119 117 125 115 116 126 128 796 891 
70 202 526 537 685 770 895 901 908 929 
41 75 78 112 115 116 126 128 885 967 
41 75 78 112 115 116 126 128 722 806 
41 75 78 112 115 116 126 128 870 952 
113 119 78 112 115 116 126 128 854 952 
113 119 78 112 115 116 126 128 883 957 
41 75 78 112 115 116 126 128 958 985 
41 75 78 112 115 116 126 128 949 966 
41 75 78 112 115 116 126 128 709 882 
41 75 78 112 115 116 126 128 785 843 
41 75 78 112 115 116 126 128 806 844 
41 75 78 112 115 116 126 128 898 951 
41 75 78 112 115 116 126 128 670 859 
41 75 78 112 115 116 126 128 663 706 
41 75 78 112 115 116 126 128 782 893 
68 92 104 118 115 116 126 128 841 883 
39 71 73 127 115 116 126 128 935 981 
41 75 78 112 115 116 126 128 860 926 
41 75 78 112 115 116 126 128 752 936 
113 119 483 516 581 614 658 750 753 900 
41 75 78 112 115 116 126 128 746 988 
41 75 78 112 115 116 126 128 835 884 
41 75 78 112 115 116 126 128 868 932 
41 75 78 112 115 116 126 128 547 549 
41 75 78 112 115 116 126 128 675 822 
41 75 78 112 115 116 126 128 852 853 
68 92 104 118 361 379 391 626 636 662 
113 119 78 112 115 116 126 128 874 922 
25 27 117 125 115 116 126 128 885 928 
41 75 78 112 115 116 126 128 866 991 
41 75 78 112 115 116 126 128 847 848 
41 75 78 112 115 116 126 128 927 942 
41 75 78 112 115 116 126 128 807 969 
113 119 78 112 115 116 126 128 708 747 
41 75 78 112 115 116 126 128 819 852 
41 75 78 112 115 116 126 128 888 904 
