45 68 120 126 128 447 610 705 771 898 
42 46 116 127 128 670 750 846 850 941 
115 123 120 126 128 219 223 237 725 820 
74 119 124 125 128 923 939 944 949 981 
45 68 120 126 128 744 764 773 904 906 
45 68 120 126 128 463 531 702 783 833 
45 68 120 126 128 368 538 581 650 831 
42 46 116 127 128 594 695 736 795 920 
45 68 120 126 128 638 658 836 910 954 
45 68 120 126 128 658 675 790 808 885 
42 46 116 127 128 633 686 787 805 977 
45 68 120 126 128 446 816 827 961 971 
45 68 120 126 128 448 505 693 981 993 
115 123 124 125 128 597 607 725 859 922 
45 68 120 126 128 280 476 627 965 988 
74 119 124 125 128 354 515 553 700 984 
45 68 120 126 128 317 388 576 579 975 
45 68 120 126 128 584 735 736 764 798 
115 123 120 126 128 733 798 805 889 928 
45 68 120 126 128 321 368 406 787 910 
45 68 120 126 128 376 431 449 657 826 
45 68 120 126 128 506 657 712 717 912 
74 119 124 125 128 518 526 562 820 832 
74 119 124 125 128 673 738 746 960 985 
45 68 120 126 128 657 754 792 953 978 
45 68 120 126 128 432 529 762 824 950 
42 46 116 127 128 545 690 718 906 934 
74 119 124 125 128 680 698 771 970 983 
45 68 120 126 128 306 437 447 769 918 
74 119 124 125 128 757 771 814 889 937 
45 68 120 126 128 324 538 588 865 956 
45 68 120 126 128 289 311 651 776 934 
45 68 120 126 128 719 737 780 807 909 
42 46 116 127 128 553 565 600 756 801 
45 68 120 126 128 758 872 912 956 989 
115 123 120 126 128 628 658 661 767 877 
45 68 120 126 128 655 768 829 861 979 
45 68 120 126 128 533 679 781 813 822 
45 68 120 126 128 641 688 852 866 883 
74 119 124 125 128 382 464 722 843 916 
115 123 120 126 128 446 556 603 785 835 
74 119 124 125 128 752 760 826 914 971 
45 68 120 126 128 587 602 614 716 930 
45 68 120 126 128 828 839 854 865 893 
74 119 124 125 128 829 877 888 902 999 
45 68 120 126 128 447 745 825 874 876 
45 68 120 126 128 447 475 689 866 950 
45 68 120 126 128 361 367 588 622 764 
45 68 120 126 128 573 697 715 889 929 
42 46 116 127 128 426 514 583 670 996 
45 68 120 126 128 450 553 618 654 862 
74 119 124 125 128 549 623 731 782 948 
45 68 120 126 128 272 366 453 496 850 
42 46 116 127 128 425 543 804 854 983 
45 68 120 126 128 511 544 832 880 954 
45 68 120 126 128 767 783 828 862 883 
45 68 120 126 128 203 633 767 858 871 
45 68 120 126 128 578 588 834 873 933 
45 68 120 126 128 768 811 849 858 968 
45 68 120 126 128 385 614 627 656 805 
45 68 120 126 128 532 625 663 807 936 
45 68 120 126 128 601 616 746 747 967 
45 68 120 126 128 616 649 823 835 904 
45 68 120 126 128 380 436 632 817 889 
45 68 120 126 128 383 461 665 776 897 
74 119 124 125 128 439 753 790 877 977 
117 68 120 126 128 470 574 627 904 985 
45 68 120 126 128 347 574 583 701 798 
74 119 124 125 128 427 592 849 967 980 
45 68 120 126 128 399 646 851 894 958 
45 68 120 126 128 545 775 927 946 993 
74 119 124 125 128 483 786 813 899 1000 
74 119 124 125 128 658 767 848 934 966 
45 68 120 126 128 553 574 580 823 992 
74 119 124 125 128 658 766 971 984 986 
74 119 124 125 128 559 641 699 848 965 
45 68 120 126 128 725 958 960 965 973 
74 119 124 125 128 487 673 776 811 947 
115 123 124 125 128 654 814 854 942 977 
45 68 120 126 128 852 874 928 938 1000 
45 68 120 126 128 274 279 353 665 893 
45 68 120 126 128 681 737 866 921 966 
74 119 124 125 128 486 633 681 847 955 
45 68 120 126 128 369 442 462 591 701 
45 68 120 126 128 828 877 909 964 977 
42 46 116 127 128 617 628 636 830 914 
45 68 120 126 128 291 348 414 570 835 
115 123 116 127 128 426 491 499 867 954 
45 68 120 126 128 567 596 644 731 944 
115 123 120 126 128 593 696 815 902 909 
45 68 120 126 128 659 777 821 900 977 
45 68 120 126 128 696 732 923 947 996 
45 68 120 126 128 637 685 689 855 909 
45 68 120 126 128 838 856 863 960 993 
45 68 120 126 128 199 208 400 579 975 
45 68 120 126 128 572 610 650 727 864 
45 68 120 126 128 416 421 578 639 998 
74 119 124 125 128 311 540 636 692 932 
45 68 120 126 128 460 553 627 864 897 
45 68 120 126 128 516 574 584 832 899 
45 68 120 126 128 423 495 639 761 993 
74 119 124 125 128 652 731 745 846 954 
45 68 120 126 128 510 574 807 872 988 
74 119 124 125 128 531 705 784 896 958 
45 68 120 126 128 536 558 569 579 1000 
45 68 120 126 128 550 557 677 687 835 
45 68 120 126 128 451 479 534 570 989 
45 68 120 126 128 731 739 797 849 991 
45 68 120 126 128 337 371 391 721 845 
45 68 120 126 128 609 677 845 862 900 
45 68 120 126 128 616 695 846 927 943 
45 68 120 126 128 349 353 682 799 989 
45 68 120 126 128 641 658 836 935 951 
74 119 124 125 128 361 728 771 861 942 
42 46 116 127 128 324 566 708 860 930 
45 68 120 126 128 442 534 591 645 963 
45 68 120 126 128 371 535 885 915 926 
45 68 120 126 128 679 700 774 775 938 
74 119 124 125 128 700 795 806 903 952 
42 46 116 127 128 730 823 901 918 945 
45 68 120 126 128 700 702 729 750 924 
45 68 120 126 128 342 405 421 621 741 
45 68 120 126 128 267 338 710 714 830 
45 68 120 126 128 657 670 693 957 986 
45 68 120 126 128 449 540 707 770 875 
115 123 120 126 128 791 804 855 954 986 
45 68 120 126 128 609 864 889 892 925 
45 68 120 126 128 584 640 659 681 925 
45 68 120 126 128 516 809 822 836 927 
45 68 120 126 128 645 668 745 855 978 
45 68 120 126 128 705 735 750 886 923 
115 123 120 126 128 533 626 674 716 814 
74 119 124 125 128 616 626 737 800 915 
45 68 120 126 128 688 761 853 857 878 
74 119 124 125 128 604 622 889 890 934 
45 68 120 126 128 751 777 852 893 958 
45 68 120 126 128 702 709 740 742 985 
45 68 120 126 128 480 577 846 916 984 
74 119 124 125 128 624 677 825 932 966 
74 119 124 125 128 759 781 790 860 984 
115 123 120 126 128 730 739 850 865 919 
74 119 124 125 128 780 814 828 891 932 
45 68 120 126 128 235 431 493 611 830 
74 119 124 125 128 577 661 670 706 859 
45 68 120 126 128 373 485 673 860 869 
45 68 120 126 128 574 644 732 773 983 
45 68 120 126 128 536 736 842 946 960 
74 119 124 125 128 340 487 533 892 916 
45 68 120 126 128 398 759 891 907 970 
45 68 120 126 128 784 818 861 946 980 
45 68 120 126 128 701 705 808 903 920 
45 68 120 126 128 513 619 675 838 852 
45 68 120 126 128 765 792 816 876 952 
45 68 120 126 128 537 641 685 708 985 
45 68 120 126 128 747 806 877 913 978 
45 68 120 126 128 721 729 792 877 942 
42 46 116 127 128 378 516 963 974 980 
45 68 120 126 128 442 692 850 853 879 
42 46 116 127 128 642 674 704 757 986 
45 68 120 126 128 647 703 855 907 990 
45 68 120 126 128 642 666 672 825 982 
115 123 120 126 128 615 715 747 818 968 
74 119 124 125 128 463 498 580 699 880 
42 46 116 127 128 292 469 491 835 983 
74 119 124 125 128 356 436 519 606 645 
74 119 124 125 128 739 821 871 886 999 
45 68 120 126 128 612 675 680 818 849 
45 68 120 126 128 823 838 904 977 1000 
45 68 120 126 128 598 609 630 753 977 
74 119 124 125 128 638 879 912 946 954 
45 68 120 126 128 604 755 810 954 969 
45 68 120 126 128 601 650 772 810 922 
45 68 120 126 128 205 308 535 644 871 
74 119 124 125 128 183 315 333 392 567 
45 68 120 126 128 445 637 673 811 920 
45 68 120 126 128 446 515 610 633 807 
45 68 120 126 128 234 344 645 742 886 
45 68 120 126 128 283 725 735 795 963 
45 68 120 126 128 780 855 911 934 973 
45 68 120 126 128 505 608 874 880 911 
42 46 116 127 128 441 470 851 875 947 
45 68 120 126 128 352 553 607 645 853 
45 68 120 126 128 504 535 871 911 919 
115 123 124 125 128 404 526 566 710 747 
45 68 120 126 128 627 710 717 856 863 
45 68 120 126 128 270 293 316 402 468 
74 119 124 125 128 625 652 693 918 972 
115 123 120 126 128 691 789 810 845 879 
115 123 120 126 128 381 427 726 758 866 
42 46 116 127 128 364 424 808 875 908 
45 68 120 126 128 514 653 695 751 963 
45 68 120 126 128 513 556 665 890 931 
42 46 116 127 128 443 486 816 925 943 
74 119 124 125 128 609 650 716 868 988 
45 68 120 126 128 331 504 656 951 996 
45 68 120 126 128 557 652 658 673 805 
45 68 120 126 128 720 836 898 967 988 
45 68 120 126 128 578 740 801 816 896 
115 123 120 126 128 809 892 919 923 928 
45 68 120 126 128 737 812 841 887 978 
45 68 120 126 128 408 451 774 926 991 
45 68 120 126 128 575 719 726 733 907 
74 119 124 125 128 687 688 708 752 936 
74 119 124 125 128 452 499 654 661 685 
45 68 120 126 128 225 338 681 969 998 
45 68 120 126 128 751 760 766 931 940 
45 68 120 126 128 607 659 765 928 955 
45 68 120 126 128 774 810 868 877 937 
45 68 120 126 128 751 818 828 858 895 
45 68 120 126 128 501 687 710 891 989 
74 119 124 125 128 585 661 745 756 861 
45 68 120 126 128 619 738 871 914 928 
45 68 120 126 128 633 714 762 807 920 
74 119 124 125 128 531 676 807 856 930 
115 123 120 126 128 594 642 729 942 948 
74 119 124 125 128 456 622 673 763 979 
45 68 120 126 128 599 641 711 712 772 
45 68 120 126 128 668 720 795 879 949 
45 68 120 126 128 736 745 772 893 918 
74 119 124 125 128 402 427 488 613 712 
45 68 120 126 128 675 683 720 881 900 
45 68 120 126 128 507 668 798 835 996 
45 68 120 126 128 596 800 808 831 886 
45 68 120 126 128 525 576 713 863 910 
45 68 120 126 128 369 473 590 683 760 
74 119 124 125 128 615 767 788 873 875 
45 68 120 126 128 618 689 690 719 975 
45 68 120 126 128 788 801 852 898 963 
115 123 120 126 128 530 616 694 906 981 
74 119 124 125 128 302 403 417 651 708 
74 119 124 125 128 738 821 872 877 912 
45 68 120 126 128 478 494 615 828 872 
45 68 120 126 128 506 669 747 818 840 
74 119 124 125 128 666 791 904 953 978 
115 123 120 126 128 596 621 667 870 914 
45 68 120 126 128 636 674 764 935 991 
74 119 124 125 128 746 810 864 918 960 
45 68 120 126 128 556 833 883 967 997 
74 119 124 125 128 712 722 740 805 949 
45 68 120 126 128 413 534 547 663 949 
74 119 124 125 128 499 679 754 913 940 
45 68 120 126 128 525 611 618 690 972 
74 119 124 125 128 467 592 606 726 933 
45 68 120 126 128 747 897 924 933 980 
45 68 120 126 128 478 710 727 905 996 
45 68 120 126 128 578 593 623 638 686 
45 68 120 126 128 554 576 656 715 833 
45 68 120 126 128 710 870 908 977 1000 
45 68 120 126 128 595 718 721 777 965 
74 119 124 125 128 621 626 697 811 883 
74 119 124 125 128 498 628 817 919 925 
45 68 120 126 128 363 419 649 791 942 
74 119 124 125 128 502 682 747 896 988 
74 119 124 125 128 437 454 571 592 643 
74 119 124 125 128 628 804 889 910 995 
45 68 120 126 128 343 400 491 919 987 
45 68 120 126 128 525 779 871 899 951 
45 68 120 126 128 603 680 785 799 816 
45 68 120 126 128 619 713 782 884 931 
45 68 120 126 128 401 452 685 869 934 
45 68 120 126 128 580 612 743 891 914 
74 119 124 125 289 439 514 781 844 967 
74 119 124 125 128 614 698 707 930 959 
45 68 120 126 128 303 524 557 722 848 
45 68 120 126 128 361 411 739 756 1000 
45 68 120 126 128 166 544 699 938 974 
45 68 120 126 128 735 743 819 937 974 
45 68 120 126 128 623 650 852 866 940 
45 68 120 126 128 527 564 599 648 762 
45 68 120 126 128 405 420 469 588 857 
115 123 120 126 128 381 658 929 940 980 
74 119 124 125 128 645 738 883 921 958 
45 68 120 126 128 480 535 607 706 838 
45 68 120 126 128 382 726 733 836 971 
45 68 120 126 128 462 471 671 727 940 
45 68 120 126 128 599 676 768 912 995 
45 68 120 126 128 483 626 671 749 841 
45 68 120 126 128 736 751 878 936 1000 
45 68 120 126 128 568 598 874 896 977 
74 119 124 125 128 618 679 807 938 953 
45 68 120 126 128 705 787 824 841 905 
45 68 120 126 128 552 585 646 773 810 
45 68 120 126 128 892 921 932 953 977 
45 68 120 126 128 795 889 912 934 998 
45 68 120 126 128 754 785 830 837 996 
45 68 120 126 128 259 338 381 622 845 
74 119 124 125 128 571 603 737 766 926 
115 123 120 126 128 609 825 860 935 940 
74 119 124 125 128 699 715 840 851 921 
74 119 124 125 128 349 688 760 773 983 
45 68 120 126 128 619 634 655 821 912 
45 68 120 126 128 515 571 625 661 979 
74 119 124 125 128 730 736 761 851 893 
45 68 120 126 128 734 779 815 836 943 
74 119 124 125 128 761 796 871 959 965 
115 123 120 126 128 537 551 568 735 999 
115 123 120 126 128 581 744 773 794 915 
74 119 124 125 128 622 679 703 867 910 
42 46 116 127 128 398 478 734 791 857 
45 68 120 126 128 497 517 769 782 906 
45 68 120 126 128 327 368 696 786 839 
74 119 124 125 128 329 526 672 744 926 
45 68 120 126 128 580 668 807 889 982 
45 68 120 126 128 508 679 907 910 921 
45 68 120 126 128 806 858 906 937 967 
42 46 116 127 128 577 648 666 748 884 
74 119 124 125 128 299 489 507 647 669 
45 68 120 126 128 603 675 764 806 975 
45 68 120 126 128 573 678 770 853 949 
74 119 124 125 128 608 750 754 845 861 
115 123 120 126 128 666 784 812 908 960 
74 119 124 125 128 528 712 740 887 900 
42 46 116 127 128 375 668 809 850 882 
115 123 120 126 128 768 845 855 872 945 
74 119 124 125 128 527 588 793 866 934 
45 68 120 126 128 675 687 796 865 895 
45 68 120 126 128 384 424 691 902 932 
74 119 124 125 128 382 583 888 984 992 
74 119 124 125 128 687 726 750 766 910 
45 68 120 126 128 478 494 553 616 846 
74 119 124 125 128 513 533 700 820 884 
74 119 124 125 128 526 563 755 895 966 
42 46 116 127 128 630 637 660 703 797 
115 123 120 126 128 448 501 772 951 998 
45 68 120 126 128 536 572 581 629 731 
45 68 120 126 128 444 543 713 766 996 
74 119 124 125 128 661 706 712 895 993 
74 119 124 125 128 634 690 790 868 885 
45 68 120 126 128 580 659 759 773 902 
45 68 120 126 128 563 658 716 735 806 
45 68 120 126 128 512 519 584 835 957 
45 68 120 126 128 687 692 856 863 927 
45 68 120 126 128 482 556 743 889 992 
45 68 120 126 128 780 818 887 918 936 
45 68 120 126 128 607 640 721 756 870 
45 68 120 126 128 594 699 867 902 977 
74 119 124 125 128 567 641 679 770 937 
45 68 120 126 128 581 586 672 783 907 
45 68 120 126 128 901 930 966 990 995 
45 68 120 126 128 815 864 955 970 1000 
74 119 124 125 128 497 558 670 702 975 
45 68 120 126 128 422 825 852 867 983 
45 68 120 126 128 695 746 850 932 941 
45 68 120 126 128 356 406 616 670 735 
45 68 120 126 128 746 758 834 907 1000 
74 119 124 125 128 432 519 769 788 814 
45 68 120 126 128 673 703 717 746 781 
74 119 124 125 128 408 694 757 968 977 
74 119 124 125 128 538 578 694 786 887 
74 119 124 125 128 540 595 696 829 994 
45 68 120 126 128 538 703 731 774 962 
74 119 124 125 128 372 436 717 850 960 
115 123 120 126 128 572 602 665 888 894 
45 68 120 126 128 518 598 625 724 997 
45 68 120 126 128 511 594 625 716 738 
74 119 124 125 128 352 457 559 600 851 
45 68 120 126 128 326 372 407 486 982 
45 68 120 126 128 571 604 626 731 860 
115 123 120 126 128 373 470 489 716 852 
45 68 120 126 128 446 554 599 666 903 
45 68 120 126 128 610 620 726 826 873 
42 46 116 127 128 443 547 666 736 974 
45 68 120 126 128 570 599 686 792 916 
42 46 116 127 128 608 734 830 838 999 
45 68 120 126 128 639 658 743 809 866 
74 119 124 125 128 625 732 822 842 907 
74 119 124 125 128 500 520 527 717 825 
45 68 120 126 128 715 737 820 966 976 
74 119 124 125 128 650 703 727 883 892 
45 68 120 126 128 569 637 827 929 930 
74 119 124 125 128 603 696 780 913 962 
74 119 124 125 128 227 629 643 718 958 
115 123 120 126 128 464 662 765 826 926 
74 119 124 125 128 676 692 703 783 833 
74 119 124 125 128 594 667 822 874 914 
45 68 120 126 128 612 626 676 745 783 
45 68 120 126 128 463 505 637 708 971 
74 119 124 125 128 667 744 817 850 853 
45 68 120 126 128 613 701 716 730 733 
45 68 120 126 128 613 694 722 794 890 
45 68 120 126 128 403 757 789 848 880 
45 68 120 126 128 408 538 753 770 872 
45 68 120 126 128 696 710 712 755 860 
45 68 120 126 128 736 760 791 820 997 
45 68 120 126 128 379 447 517 778 856 
45 68 120 126 128 772 880 881 958 962 
45 68 120 126 128 394 531 558 705 908 
45 68 120 126 128 676 726 750 926 936 
74 119 124 125 128 621 737 750 781 862 
45 68 120 126 128 713 867 877 949 955 
45 68 120 126 128 601 635 721 847 868 
45 68 120 126 128 731 759 862 945 982 
45 68 120 126 128 615 624 655 753 917 
74 119 124 125 128 747 808 870 916 951 
74 119 124 125 128 505 547 557 580 670 
74 119 124 125 128 407 425 505 543 837 
45 68 120 126 128 424 495 531 611 768 
45 68 120 126 128 438 450 559 732 961 
74 119 124 125 128 530 623 802 854 890 
45 68 120 126 128 557 569 887 978 990 
74 119 124 125 507 731 896 898 934 998 
42 46 116 127 444 448 526 643 648 980 
74 119 124 125 460 584 739 795 885 911 
74 119 124 125 431 455 524 584 675 919 
42 46 116 127 278 441 664 679 733 881 
74 119 124 125 468 699 715 851 949 966 
74 119 124 125 638 662 689 723 871 978 
74 119 124 125 373 398 526 735 863 891 
42 46 116 127 453 545 557 612 757 953 
74 119 124 125 481 491 659 755 758 837 
74 119 124 125 676 693 703 847 863 876 
74 119 124 125 681 799 938 941 945 977 
115 123 116 127 259 661 796 817 923 950 
74 119 124 125 226 313 536 564 878 893 
115 123 116 127 365 398 478 708 738 903 
74 119 124 125 716 738 806 911 979 996 
10 33 105 191 544 554 593 662 891 960 
74 119 124 125 466 530 673 694 729 940 
74 119 124 125 584 595 602 619 711 744 
74 119 124 125 537 681 709 824 856 961 
74 119 124 125 262 313 372 470 588 805 
74 119 124 125 442 528 584 656 661 760 
74 119 124 125 451 468 735 930 960 1000 
74 119 124 125 489 602 743 754 819 951 
74 119 124 125 366 440 505 760 778 998 
42 46 116 127 236 581 613 703 806 922 
74 119 124 125 495 542 729 815 820 841 
74 119 124 125 687 842 858 967 987 997 
74 119 124 125 225 427 449 472 551 717 
74 119 124 125 324 538 584 673 712 904 
115 123 164 312 573 592 611 652 778 873 
74 119 124 125 299 628 757 836 898 988 
42 46 116 127 467 471 601 602 842 867 
23 28 385 525 572 595 630 663 693 861 
74 119 124 125 350 497 560 677 727 770 
74 119 124 125 305 310 577 627 891 903 
74 119 124 125 357 526 561 599 866 902 
74 119 124 125 328 352 611 616 627 780 
94 198 348 394 450 569 625 654 700 884 
74 119 124 125 724 726 755 760 771 868 
74 119 124 125 485 556 562 635 725 779 
21 114 131 156 451 454 547 568 648 887 
115 123 124 125 665 789 912 914 935 936 
74 119 124 125 405 464 621 674 692 866 
74 119 124 125 368 526 632 645 820 860 
51 65 100 267 342 394 395 728 740 921 
74 119 124 125 421 466 484 510 870 963 
209 223 270 340 387 833 849 891 900 906 
74 119 124 125 290 390 462 817 894 987 
70 159 365 429 525 603 607 684 816 937 
74 119 124 125 560 693 793 823 888 971 
74 119 124 125 356 389 521 594 912 941 
74 119 124 125 254 357 748 849 896 993 
74 119 124 125 393 804 842 868 922 998 
74 119 124 125 353 437 438 483 718 907 
74 119 124 125 490 511 553 726 810 901 
74 119 124 125 451 492 534 610 845 893 
345 398 409 462 686 761 772 840 921 936 
115 123 185 219 221 321 400 489 870 975 
74 119 124 125 737 790 811 865 866 950 
205 330 357 420 434 449 475 571 748 992 
74 119 124 125 398 584 697 776 833 884 
74 119 124 125 342 528 549 621 655 938 
74 119 124 125 571 612 649 742 796 891 
74 119 124 125 685 770 895 901 908 929 
74 119 124 125 318 523 755 806 885 967 
74 119 124 125 478 490 510 616 722 806 
74 119 124 125 510 578 584 632 870 952 
74 119 124 125 623 647 753 761 854 952 
74 119 124 125 483 503 520 764 883 957 
74 119 124 125 221 640 747 856 958 985 
115 123 124 125 606 662 835 943 949 966 
42 46 116 127 325 366 447 550 709 882 
115 123 116 127 521 701 705 777 785 843 
42 46 116 127 289 309 359 504 806 844 
74 119 124 125 501 656 664 833 898 951 
74 119 124 125 477 479 647 668 670 859 
74 119 124 125 340 461 556 587 663 706 
42 46 116 127 547 706 748 768 782 893 
74 119 124 125 570 695 702 704 841 883 
74 119 124 125 674 679 700 731 935 981 
74 119 124 125 342 421 606 701 860 926 
74 119 124 125 376 444 601 665 752 936 
74 119 124 125 581 614 658 750 753 900 
74 119 124 125 517 608 694 727 746 988 
74 119 124 125 522 595 691 717 835 884 
74 119 124 125 215 454 541 825 868 932 
74 119 124 125 285 329 339 526 547 549 
42 46 116 127 390 449 651 669 675 822 
117 119 124 125 253 278 691 769 852 853 
74 119 124 125 361 379 391 626 636 662 
74 119 124 125 570 695 750 797 874 922 
74 119 124 125 396 627 661 777 885 928 
74 119 124 125 471 482 621 636 866 991 
94 168 395 429 713 733 808 822 847 848 
74 119 124 125 650 705 776 849 927 942 
74 119 124 125 504 568 670 736 807 969 
74 119 124 125 238 495 572 587 708 747 
74 119 124 125 490 657 732 809 819 852 
74 119 124 125 682 709 720 816 888 904 
