68 92 104 118 428 447 610 705 771 898 
113 119 367 377 448 670 750 846 850 941 
41 75 78 112 115 116 126 128 725 820 
75 165 319 743 763 923 939 944 949 981 
113 119 487 719 742 744 764 773 904 906 
118 174 188 272 311 463 531 702 783 833 
26 98 260 302 336 368 538 581 650 831 
68 92 104 118 538 594 695 736 795 920 
41 75 78 112 115 116 126 128 910 954 
303 348 434 597 631 658 675 790 808 885 
178 199 281 419 504 633 686 787 805 977 
41 75 78 112 115 116 126 128 961 971 
3 94 166 339 437 448 505 693 981 993 
41 75 78 112 115 116 126 128 859 922 
39 144 162 182 228 280 476 627 965 988 
69 97 127 234 296 354 515 553 700 984 
5 172 241 244 261 317 388 576 579 975 
12 64 376 429 439 584 735 736 764 798 
202 534 564 591 614 733 798 805 889 928 
26 98 203 269 276 321 368 406 787 910 
113 119 198 256 328 376 431 449 657 826 
41 75 78 112 115 116 126 128 717 912 
41 75 78 112 115 116 126 128 820 832 
41 75 78 112 115 116 126 128 960 985 
113 119 429 543 655 657 754 792 953 978 
68 92 104 118 412 432 529 762 824 950 
113 119 244 269 306 545 690 718 906 934 
349 388 556 640 674 680 698 771 970 983 
41 75 78 112 115 116 126 128 769 918 
41 75 78 112 115 116 126 128 889 937 
32 158 175 228 303 324 538 588 865 956 
41 75 78 112 115 116 126 128 776 934 
41 75 78 112 115 116 126 128 807 909 
199 237 241 284 539 553 565 600 756 801 
26 98 584 631 636 758 872 912 956 989 
41 75 78 112 115 116 126 128 767 877 
41 75 78 112 115 116 126 128 861 979 
92 159 334 335 404 533 679 781 813 822 
113 119 566 574 618 641 688 852 866 883 
34 67 85 188 308 382 464 722 843 916 
41 75 78 112 115 116 126 128 785 835 
338 351 439 570 723 752 760 826 914 971 
68 92 104 118 580 587 602 614 716 930 
113 119 405 509 744 828 839 854 865 893 
10 15 142 189 776 829 877 888 902 999 
152 205 334 387 434 447 745 825 874 876 
59 67 292 394 430 447 475 689 866 950 
41 75 78 112 115 116 126 128 622 764 
2 269 280 314 407 573 697 715 889 929 
109 253 255 257 289 426 514 583 670 996 
61 149 208 329 375 450 553 618 654 862 
37 188 197 264 425 549 623 731 782 948 
51 128 139 185 252 272 366 453 496 850 
41 75 78 112 115 116 126 128 854 983 
51 192 263 302 439 511 544 832 880 954 
44 272 369 479 595 767 783 828 862 883 
56 93 102 136 137 203 633 767 858 871 
5 304 435 536 576 578 588 834 873 933 
41 75 78 112 115 116 126 128 858 968 
41 75 78 112 115 116 126 128 656 805 
113 119 456 464 509 532 625 663 807 936 
44 87 290 489 587 601 616 746 747 967 
113 119 146 308 458 616 649 823 835 904 
26 98 288 320 345 380 436 632 817 889 
26 98 182 215 381 383 461 665 776 897 
67 225 317 383 423 439 753 790 877 977 
53 67 245 251 340 470 574 627 904 985 
50 167 214 294 300 347 574 583 701 798 
113 119 197 353 371 427 592 849 967 980 
41 75 78 112 115 116 126 128 894 958 
121 149 165 244 284 545 775 927 946 993 
41 75 78 112 115 116 126 128 899 1000 
26 98 347 437 454 658 767 848 934 966 
41 75 78 112 115 116 126 128 823 992 
41 75 78 112 115 116 126 128 984 986 
78 186 412 461 533 559 641 699 848 965 
41 75 78 112 115 116 126 128 965 973 
41 75 78 112 115 116 126 128 811 947 
41 75 78 112 115 116 126 128 942 977 
41 75 78 112 115 116 126 128 938 1000 
12 63 116 241 243 274 279 353 665 893 
26 98 398 419 460 681 737 866 921 966 
10 57 155 195 443 486 633 681 847 955 
23 53 73 206 346 369 442 462 591 701 
66 131 276 285 395 828 877 909 964 977 
68 92 104 118 586 617 628 636 830 914 
26 98 158 163 189 291 348 414 570 835 
41 75 78 112 115 116 126 128 867 954 
41 75 78 112 115 116 126 128 731 944 
41 75 78 112 115 116 126 128 902 909 
41 75 78 112 115 116 126 128 900 977 
129 171 420 426 685 696 732 923 947 996 
179 328 329 404 594 637 685 689 855 909 
35 77 444 474 652 838 856 863 960 993 
41 75 78 112 115 116 126 128 579 975 
26 98 191 366 444 572 610 650 727 864 
41 75 78 112 115 116 126 128 639 998 
26 98 83 129 217 311 540 636 692 932 
41 75 78 112 115 116 126 128 864 897 
13 98 103 315 344 516 574 584 832 899 
113 119 313 355 422 423 495 639 761 993 
212 312 345 438 542 652 731 745 846 954 
26 98 74 146 494 510 574 807 872 988 
41 75 78 112 115 116 126 128 896 958 
88 133 232 297 342 536 558 569 579 1000 
26 98 258 419 501 550 557 677 687 835 
41 75 78 112 115 116 126 128 570 989 
257 463 573 688 714 731 739 797 849 991 
41 75 78 112 115 116 126 128 721 845 
10 72 158 514 545 609 677 845 862 900 
105 143 271 453 531 616 695 846 927 943 
41 75 78 112 115 116 126 128 799 989 
78 159 280 335 557 641 658 836 935 951 
26 98 246 272 273 361 728 771 861 942 
68 92 104 118 302 324 566 708 860 930 
41 75 78 112 115 116 126 128 645 963 
37 132 158 200 287 371 535 885 915 926 
41 75 78 112 115 116 126 128 775 938 
113 119 412 426 427 700 795 806 903 952 
89 303 489 538 634 730 823 901 918 945 
41 75 78 112 115 116 126 128 750 924 
68 92 104 118 333 342 405 421 621 741 
26 98 133 138 221 267 338 710 714 830 
104 386 589 594 655 657 670 693 957 986 
41 75 78 112 115 116 126 128 770 875 
41 75 78 112 115 116 126 128 954 986 
41 75 78 112 115 116 126 128 892 925 
130 162 220 394 470 584 640 659 681 925 
41 75 78 112 115 116 126 128 836 927 
41 75 78 112 115 116 126 128 855 978 
41 75 78 112 115 116 126 128 886 923 
52 134 283 390 422 533 626 674 716 814 
113 119 344 383 549 616 626 737 800 915 
23 368 411 437 467 688 761 853 857 878 
41 75 78 112 115 116 126 128 890 934 
40 130 267 450 587 751 777 852 893 958 
26 98 386 540 580 702 709 740 742 985 
41 75 78 112 115 116 126 128 916 984 
117 274 290 380 543 624 677 825 932 966 
75 121 457 630 698 759 781 790 860 984 
113 119 28 35 172 730 739 850 865 919 
113 119 391 637 749 780 814 828 891 932 
71 111 142 160 194 235 431 493 611 830 
302 304 323 429 542 577 661 670 706 859 
41 75 78 112 115 116 126 128 860 869 
79 141 197 404 479 574 644 732 773 983 
41 75 78 112 115 116 126 128 946 960 
54 90 148 173 279 340 487 533 892 916 
154 199 202 222 247 398 759 891 907 970 
26 98 260 305 412 784 818 861 946 980 
215 350 520 531 573 701 705 808 903 920 
12 107 356 362 488 513 619 675 838 852 
41 75 78 112 115 116 126 128 876 952 
41 75 78 112 115 116 126 128 708 985 
68 92 104 118 651 747 806 877 913 978 
95 183 206 294 416 721 729 792 877 942 
26 98 50 238 345 378 516 963 974 980 
41 75 78 112 115 116 126 128 853 879 
68 92 104 118 425 642 674 704 757 986 
41 75 78 112 115 116 126 128 907 990 
41 75 78 112 115 116 126 128 825 982 
41 75 78 112 115 116 126 128 818 968 
41 75 78 112 115 116 126 128 699 880 
51 59 143 201 218 292 469 491 835 983 
8 9 215 283 300 356 436 519 606 645 
26 98 491 582 663 739 821 871 886 999 
134 287 407 438 470 612 675 680 818 849 
26 98 180 487 605 823 838 904 977 1000 
117 154 352 357 472 598 609 630 753 977 
41 75 78 112 115 116 126 128 946 954 
113 119 150 190 535 604 755 810 954 969 
26 98 383 411 570 601 650 772 810 922 
41 75 78 112 115 116 126 128 644 871 
41 75 78 112 115 116 126 128 392 567 
113 119 302 347 412 445 637 673 811 920 
41 75 78 112 115 116 126 128 633 807 
41 75 78 112 115 116 126 128 742 886 
68 92 104 118 250 283 725 735 795 963 
122 232 308 475 773 780 855 911 934 973 
26 98 319 322 376 505 608 874 880 911 
41 75 78 112 115 116 126 128 875 947 
41 75 78 112 115 116 126 128 645 853 
41 75 78 112 115 116 126 128 911 919 
3 53 78 147 263 404 526 566 710 747 
68 92 104 118 530 627 710 717 856 863 
5 31 93 134 196 270 293 316 402 468 
180 241 329 488 562 625 652 693 918 972 
68 92 104 118 286 691 789 810 845 879 
41 75 78 112 115 116 126 128 758 866 
113 119 177 227 243 364 424 808 875 908 
110 196 310 356 446 514 653 695 751 963 
41 75 78 112 115 116 126 128 890 931 
210 242 311 318 436 443 486 816 925 943 
41 75 78 112 115 116 126 128 868 988 
25 102 235 256 316 331 504 656 951 996 
68 92 104 118 367 557 652 658 673 805 
127 280 465 476 488 720 836 898 967 988 
41 75 78 112 115 116 126 128 816 896 
111 184 561 617 661 809 892 919 923 928 
113 119 548 589 607 737 812 841 887 978 
68 92 104 118 353 408 451 774 926 991 
253 261 281 394 437 575 719 726 733 907 
41 75 78 112 115 116 126 128 752 936 
41 75 78 112 115 116 126 128 661 685 
41 75 78 112 115 116 126 128 969 998 
41 75 78 112 115 116 126 128 931 940 
205 244 362 422 529 607 659 765 928 955 
68 92 104 118 631 774 810 868 877 937 
397 428 523 649 676 751 818 828 858 895 
41 75 78 112 115 116 126 128 891 989 
41 75 78 112 115 116 126 128 756 861 
207 227 331 407 468 619 738 871 914 928 
26 98 376 493 509 633 714 762 807 920 
41 75 78 112 115 116 126 128 856 930 
101 135 189 254 517 594 642 729 942 948 
40 85 87 182 349 456 622 673 763 979 
94 170 286 575 585 599 641 711 712 772 
41 75 78 112 115 116 126 128 879 949 
282 400 576 629 674 736 745 772 893 918 
34 186 291 325 335 402 427 488 613 712 
54 92 273 357 572 675 683 720 881 900 
17 72 231 397 463 507 668 798 835 996 
26 98 175 380 444 596 800 808 831 886 
92 105 182 189 361 525 576 713 863 910 
26 98 184 219 314 369 473 590 683 760 
41 75 78 112 115 116 126 128 873 875 
41 75 78 112 115 116 126 128 719 975 
41 75 78 112 115 116 126 128 898 963 
113 119 414 475 502 530 616 694 906 981 
113 119 67 179 194 302 403 417 651 708 
38 179 460 666 677 738 821 872 877 912 
26 98 297 386 464 478 494 615 828 872 
113 119 207 280 397 506 669 747 818 840 
41 75 78 112 115 116 126 128 953 978 
41 75 78 112 115 116 126 128 870 914 
41 75 78 112 115 116 126 128 935 991 
41 75 78 112 115 116 126 128 918 960 
113 119 397 469 484 556 833 883 967 997 
396 459 590 655 689 712 722 740 805 949 
41 75 78 112 115 116 126 128 663 949 
26 216 232 257 411 499 679 754 913 940 
1 197 281 406 449 525 611 618 690 972 
68 92 104 118 451 467 592 606 726 933 
113 119 517 520 630 747 897 924 933 980 
26 98 197 321 322 478 710 727 905 996 
23 106 136 261 329 578 593 623 638 686 
41 75 78 112 115 116 126 128 715 833 
41 75 78 112 115 116 126 128 977 1000 
41 75 78 112 115 116 126 128 777 965 
41 75 78 112 115 116 126 128 811 883 
41 75 78 112 115 116 126 128 919 925 
59 124 137 141 161 363 419 649 791 942 
40 79 143 279 461 502 682 747 896 988 
39 215 232 240 329 437 454 571 592 643 
33 78 171 533 618 628 804 889 910 995 
41 75 78 112 115 116 126 128 919 987 
171 254 396 401 475 525 779 871 899 951 
41 75 78 112 115 116 126 128 799 816 
107 153 233 323 528 619 713 782 884 931 
41 75 78 112 115 116 126 128 869 934 
41 75 78 112 115 116 126 128 891 914 
90 136 259 280 289 439 514 781 844 967 
196 315 346 455 544 614 698 707 930 959 
109 159 252 280 296 303 524 557 722 848 
113 119 76 190 207 361 411 739 756 1000 
113 119 100 120 133 166 544 699 938 974 
41 75 78 112 115 116 126 128 937 974 
68 92 104 118 522 623 650 852 866 940 
113 119 47 297 401 527 564 599 648 762 
19 34 176 198 328 405 420 469 588 857 
41 75 78 112 115 116 126 128 940 980 
72 120 142 353 572 645 738 883 921 958 
41 75 78 112 115 116 126 128 706 838 
41 75 78 112 115 116 126 128 836 971 
14 99 118 119 423 462 471 671 727 940 
41 75 78 112 115 116 126 128 912 995 
41 75 78 112 115 116 126 128 749 841 
41 75 78 112 115 116 126 128 936 1000 
41 75 78 112 115 116 126 128 896 977 
1 94 165 307 445 618 679 807 938 953 
113 119 400 458 625 705 787 824 841 905 
41 75 78 112 115 116 126 128 773 810 
113 119 153 454 691 892 921 932 953 977 
41 75 78 112 115 116 126 128 934 998 
41 75 78 112 115 116 126 128 837 996 
41 75 78 112 115 116 126 128 622 845 
41 75 78 112 115 116 126 128 766 926 
113 119 307 370 498 609 825 860 935 940 
30 174 589 630 675 699 715 840 851 921 
113 119 311 319 330 349 688 760 773 983 
41 75 78 112 115 116 126 128 821 912 
41 75 78 112 115 116 126 128 661 979 
113 119 100 545 685 730 736 761 851 893 
351 433 563 579 698 734 779 815 836 943 
55 128 694 711 724 761 796 871 959 965 
24 79 203 267 384 537 551 568 735 999 
62 92 195 550 579 581 744 773 794 915 
229 281 331 466 597 622 679 703 867 910 
41 75 78 112 115 116 126 128 791 857 
10 228 280 325 362 497 517 769 782 906 
41 75 78 112 115 116 126 128 786 839 
68 92 104 118 271 329 526 672 744 926 
41 75 78 112 115 116 126 128 889 982 
113 119 272 358 423 508 679 907 910 921 
41 75 78 112 115 116 126 128 937 967 
41 75 78 112 115 116 126 128 748 884 
41 75 78 112 115 116 126 128 647 669 
41 75 78 112 115 116 126 128 806 975 
41 75 78 112 115 116 126 128 853 949 
58 164 319 328 467 608 750 754 845 861 
187 249 335 556 617 666 784 812 908 960 
68 92 104 118 237 528 712 740 887 900 
68 92 104 118 253 375 668 809 850 882 
113 119 406 509 522 768 845 855 872 945 
68 92 104 118 388 527 588 793 866 934 
41 75 78 112 115 116 126 128 865 895 
41 75 78 112 115 116 126 128 902 932 
29 156 162 211 336 382 583 888 984 992 
50 136 211 487 537 687 726 750 766 910 
3 26 82 368 431 478 494 553 616 846 
41 75 78 112 115 116 126 128 820 884 
92 135 159 364 491 526 563 755 895 966 
134 143 295 314 459 630 637 660 703 797 
6 107 221 260 384 448 501 772 951 998 
35 60 132 140 364 536 572 581 629 731 
8 95 230 270 396 444 543 713 766 996 
17 141 237 381 527 661 706 712 895 993 
113 119 149 219 516 634 690 790 868 885 
41 75 78 112 115 116 126 128 773 902 
41 75 78 112 115 116 126 128 735 806 
41 75 78 112 115 116 126 128 835 957 
41 75 78 112 115 116 126 128 863 927 
41 75 78 112 115 116 126 128 889 992 
41 75 78 112 115 116 126 128 918 936 
97 104 263 271 376 607 640 721 756 870 
41 75 78 112 115 116 126 128 902 977 
41 75 78 112 115 116 126 128 770 937 
18 161 221 251 255 581 586 672 783 907 
419 515 642 866 900 901 930 966 990 995 
41 75 78 112 115 116 126 128 970 1000 
25 132 237 329 422 497 558 670 702 975 
65 232 246 302 332 422 825 852 867 983 
41 75 78 112 115 116 126 128 932 941 
68 92 104 118 300 356 406 616 670 735 
41 75 78 112 115 116 126 128 907 1000 
34 58 208 367 377 432 519 769 788 814 
156 338 386 531 536 673 703 717 746 781 
41 75 78 112 115 116 126 128 968 977 
24 90 140 398 414 538 578 694 786 887 
68 92 104 118 409 540 595 696 829 994 
15 213 282 353 494 538 703 731 774 962 
41 75 78 112 115 116 126 128 850 960 
21 66 95 201 547 572 602 665 888 894 
57 166 195 398 484 518 598 625 724 997 
102 138 144 270 341 511 594 625 716 738 
41 75 78 112 115 116 126 128 600 851 
48 104 143 282 283 326 372 407 486 982 
65 193 212 366 473 571 604 626 731 860 
41 75 78 112 115 116 126 128 716 852 
41 75 78 112 115 116 126 128 666 903 
109 168 310 430 581 610 620 726 826 873 
34 86 217 272 340 443 547 666 736 974 
41 75 78 112 115 116 126 128 792 916 
41 75 78 112 115 116 126 128 838 999 
203 287 428 548 614 639 658 743 809 866 
198 204 325 449 557 625 732 822 842 907 
113 119 253 255 302 500 520 527 717 825 
103 116 312 375 648 715 737 820 966 976 
41 75 78 112 115 116 126 128 883 892 
13 38 181 316 529 569 637 827 929 930 
41 75 78 112 115 116 126 128 913 962 
46 58 70 147 220 227 629 643 718 958 
10 100 110 329 397 464 662 765 826 926 
68 92 104 118 564 676 692 703 783 833 
122 218 336 364 588 594 667 822 874 914 
41 75 78 112 115 116 126 128 745 783 
17 71 110 233 394 463 505 637 708 971 
113 119 114 242 587 667 744 817 850 853 
41 75 78 112 115 116 126 128 730 733 
113 119 374 469 602 613 694 722 794 890 
35 87 91 203 317 403 757 789 848 880 
113 119 298 343 395 408 538 753 770 872 
306 358 559 574 617 696 710 712 755 860 
41 75 78 112 115 116 126 128 820 997 
113 119 126 313 346 379 447 517 778 856 
157 159 199 255 337 772 880 881 958 962 
127 129 137 170 236 394 531 558 705 908 
149 167 256 333 412 676 726 750 926 936 
41 75 78 112 115 116 126 128 781 862 
68 92 104 118 451 713 867 877 949 955 
41 75 78 112 115 116 126 128 847 868 
41 75 78 112 115 116 126 128 945 982 
41 75 78 112 115 116 126 128 753 917 
239 412 473 609 733 747 808 870 916 951 
41 75 78 112 115 116 126 128 580 670 
91 202 245 283 325 407 425 505 543 837 
41 301 319 350 387 424 495 531 611 768 
52 68 178 215 237 438 450 559 732 961 
41 75 78 112 115 116 126 128 854 890 
41 75 78 112 115 116 126 128 978 990 
66 139 261 427 507 731 896 898 934 998 
41 75 78 112 115 116 126 128 648 980 
41 75 78 112 115 116 126 128 885 911 
41 75 78 112 115 116 126 128 675 919 
41 75 78 112 115 116 126 128 733 881 
41 75 78 112 115 116 126 128 949 966 
4 481 484 615 638 662 689 723 871 978 
4 119 250 360 373 398 526 735 863 891 
41 75 78 112 115 116 126 128 757 953 
41 75 78 112 115 116 126 128 758 837 
41 75 78 112 115 116 126 128 863 876 
41 75 78 112 115 116 126 128 945 977 
113 119 155 210 259 661 796 817 923 950 
7 55 59 172 226 313 536 564 878 893 
41 75 78 112 115 116 126 128 738 903 
304 415 590 687 716 738 806 911 979 996 
113 119 105 191 544 554 593 662 891 960 
41 75 78 112 115 116 126 128 729 940 
60 237 268 427 584 595 602 619 711 744 
18 293 296 523 537 681 709 824 856 961 
41 75 78 112 115 116 126 128 588 805 
41 107 228 416 442 528 584 656 661 760 
113 119 376 410 451 468 735 930 960 1000 
41 75 78 112 115 116 126 128 819 951 
113 119 226 234 366 440 505 760 778 998 
41 75 78 112 115 116 126 128 806 922 
112 146 330 427 495 542 729 815 820 841 
300 464 568 660 687 842 858 967 987 997 
32 51 174 181 225 427 449 472 551 717 
113 119 117 273 324 538 584 673 712 904 
41 75 78 112 115 116 126 128 778 873 
41 75 78 112 115 116 126 128 898 988 
41 75 78 112 115 116 126 128 842 867 
41 75 78 112 115 116 126 128 693 861 
113 119 204 320 350 497 560 677 727 770 
68 92 104 118 305 310 577 627 891 903 
47 113 332 334 357 526 561 599 866 902 
113 119 85 256 328 352 611 616 627 780 
41 75 78 112 115 116 126 128 700 884 
79 140 219 283 724 726 755 760 771 868 
113 119 142 355 485 556 562 635 725 779 
21 114 131 156 451 454 547 568 648 887 
41 75 78 112 115 116 126 128 935 936 
41 75 78 112 115 116 126 128 692 866 
41 75 78 112 115 116 126 128 820 860 
41 75 78 112 115 116 126 128 740 921 
20 316 354 408 421 466 484 510 870 963 
209 223 270 340 387 833 849 891 900 906 
6 56 99 256 290 390 462 817 894 987 
41 75 78 112 115 116 126 128 816 937 
41 75 78 112 115 116 126 128 888 971 
113 119 114 339 356 389 521 594 912 941 
39 95 222 226 254 357 748 849 896 993 
113 119 121 312 393 804 842 868 922 998 
41 75 78 112 115 116 126 128 718 907 
190 315 420 483 490 511 553 726 810 901 
41 75 78 112 115 116 126 128 845 893 
345 398 409 462 686 761 772 840 921 936 
41 75 78 112 115 116 126 128 870 975 
186 343 664 681 737 790 811 865 866 950 
205 330 357 420 434 449 475 571 748 992 
62 86 281 378 398 584 697 776 833 884 
171 176 312 335 342 528 549 621 655 938 
72 327 407 475 571 612 649 742 796 891 
70 202 526 537 685 770 895 901 908 929 
41 75 78 112 115 116 126 128 885 967 
113 119 271 388 478 490 510 616 722 806 
10 69 309 484 510 578 584 632 870 952 
68 92 104 118 623 647 753 761 854 952 
15 153 260 293 483 503 520 764 883 957 
41 75 78 112 115 116 126 128 958 985 
41 75 78 112 115 116 126 128 949 966 
36 70 95 206 325 366 447 550 709 882 
41 75 78 112 115 116 126 128 785 843 
41 75 78 112 115 116 126 128 806 844 
113 119 85 158 501 656 664 833 898 951 
41 75 78 112 115 116 126 128 670 859 
30 88 200 261 340 461 556 587 663 706 
100 243 258 443 547 706 748 768 782 893 
41 75 78 112 115 116 126 128 841 883 
41 75 78 112 115 116 126 128 935 981 
113 119 170 306 342 421 606 701 860 926 
41 75 78 112 115 116 126 128 752 936 
96 132 483 516 581 614 658 750 753 900 
197 218 448 508 517 608 694 727 746 988 
41 75 78 112 115 116 126 128 835 884 
93 145 185 187 215 454 541 825 868 932 
41 75 78 112 115 116 126 128 547 549 
41 75 78 112 115 116 126 128 675 822 
23 126 156 197 253 278 691 769 852 853 
68 92 104 118 361 379 391 626 636 662 
41 75 78 112 115 116 126 128 874 922 
41 75 78 112 115 116 126 128 885 928 
122 316 410 449 471 482 621 636 866 991 
41 75 78 112 115 116 126 128 847 848 
68 92 104 118 650 705 776 849 927 942 
41 75 78 112 115 116 126 128 807 969 
52 75 97 180 238 495 572 587 708 747 
41 75 78 112 115 116 126 128 819 852 
113 119 253 533 682 709 720 816 888 904 
