14 61 110 115 428 447 610 705 771 898 
14 61 110 115 448 670 750 846 850 941 
14 61 110 115 147 219 223 237 725 820 
14 61 110 115 763 923 939 944 949 981 
14 61 110 115 126 128 764 773 904 906 
14 61 110 115 126 128 531 702 783 833 
14 61 110 115 336 368 538 581 650 831 
14 61 110 115 538 594 695 736 795 920 
14 61 257 351 494 638 658 836 910 954 
14 61 110 115 631 658 675 790 808 885 
14 61 110 115 504 633 686 787 805 977 
14 61 110 115 338 446 816 827 961 971 
14 61 87 122 126 128 505 693 981 993 
14 61 110 115 514 597 607 725 859 922 
14 61 110 115 228 280 476 627 965 988 
14 61 127 234 296 354 515 553 700 984 
14 61 110 115 261 317 388 576 579 975 
14 61 87 122 126 128 735 736 764 798 
14 61 110 115 614 733 798 805 889 928 
14 61 87 122 126 128 368 406 787 910 
14 61 110 115 328 376 431 449 657 826 
14 61 110 115 349 506 657 712 717 912 
14 61 110 115 279 518 526 562 820 832 
14 61 110 115 310 673 738 746 960 985 
14 61 110 115 655 657 754 792 953 978 
14 61 87 122 126 128 529 762 824 950 
14 61 110 115 306 545 690 718 906 934 
14 61 87 122 126 128 698 771 970 983 
14 61 110 115 253 306 437 447 769 918 
28 72 110 115 655 757 771 814 889 937 
14 61 110 115 126 128 538 588 865 956 
28 72 110 115 126 128 311 651 776 934 
14 61 110 115 548 719 737 780 807 909 
14 61 241 284 539 553 565 600 756 801 
14 61 110 115 636 758 872 912 956 989 
14 61 87 122 126 128 658 661 767 877 
14 61 351 523 539 655 768 829 861 979 
14 61 110 115 404 533 679 781 813 822 
14 61 110 115 618 641 688 852 866 883 
14 61 85 188 308 382 464 722 843 916 
14 61 110 115 436 446 556 603 785 835 
14 61 439 570 723 752 760 826 914 971 
14 61 87 122 126 128 602 614 716 930 
14 61 110 115 744 828 839 854 865 893 
14 61 110 115 776 829 877 888 902 999 
14 61 120 127 126 128 745 825 874 876 
14 61 120 127 430 447 475 689 866 950 
14 61 110 115 153 361 367 588 622 764 
14 61 110 115 407 573 697 715 889 929 
14 61 120 127 289 426 514 583 670 996 
14 61 110 115 375 450 553 618 654 862 
14 61 110 115 126 128 623 731 782 948 
14 61 120 127 126 128 366 453 496 850 
14 61 110 115 417 425 543 804 854 983 
14 61 110 115 439 511 544 832 880 954 
14 61 369 479 595 767 783 828 862 883 
14 61 110 115 137 203 633 767 858 871 
14 61 110 115 576 578 588 834 873 933 
14 61 110 115 755 768 811 849 858 968 
14 61 110 115 373 385 614 627 656 805 
14 61 110 115 509 532 625 663 807 936 
14 61 110 115 587 601 616 746 747 967 
14 61 110 115 126 128 649 823 835 904 
14 61 110 115 345 380 436 632 817 889 
14 61 110 115 381 383 461 665 776 897 
14 61 110 115 423 439 753 790 877 977 
14 61 87 122 126 128 574 627 904 985 
14 61 110 115 300 347 574 583 701 798 
14 61 110 115 126 128 592 849 967 980 
14 61 87 122 126 128 646 851 894 958 
14 61 87 122 126 128 775 927 946 993 
14 61 110 115 476 483 786 813 899 1000 
14 61 347 437 454 658 767 848 934 966 
14 61 110 115 445 553 574 580 823 992 
14 61 290 337 515 658 766 971 984 986 
14 61 110 115 533 559 641 699 848 965 
14 61 120 127 670 725 958 960 965 973 
14 61 164 292 358 487 673 776 811 947 
14 61 110 115 581 654 814 854 942 977 
14 61 120 127 814 852 874 928 938 1000 
28 72 110 115 243 274 279 353 665 893 
14 61 110 115 460 681 737 866 921 966 
14 61 87 122 126 128 633 681 847 955 
14 61 110 115 346 369 442 462 591 701 
14 61 110 115 395 828 877 909 964 977 
14 61 405 481 586 617 628 636 830 914 
14 61 87 122 126 128 348 414 570 835 
14 61 110 115 403 426 491 499 867 954 
14 61 120 127 507 567 596 644 731 944 
14 61 87 122 126 128 696 815 902 909 
14 61 110 115 656 659 777 821 900 977 
14 61 110 115 685 696 732 923 947 996 
14 61 110 115 594 637 685 689 855 909 
14 61 87 122 126 128 856 863 960 993 
14 61 110 115 190 199 208 400 579 975 
14 61 110 115 444 572 610 650 727 864 
14 61 87 122 126 128 421 578 639 998 
14 61 110 115 217 311 540 636 692 932 
14 61 110 115 458 460 553 627 864 897 
14 61 87 122 126 128 574 584 832 899 
28 72 110 115 126 128 495 639 761 993 
28 72 110 115 542 652 731 745 846 954 
28 72 110 115 126 128 574 807 872 988 
28 72 110 115 126 128 705 784 896 958 
28 72 110 115 126 128 558 569 579 1000 
28 72 110 115 126 128 557 677 687 835 
28 72 110 115 126 128 479 534 570 989 
28 72 110 115 126 128 739 797 849 991 
28 72 110 115 126 128 371 391 721 845 
28 72 110 115 126 128 677 845 862 900 
28 72 110 115 531 616 695 846 927 943 
28 72 110 115 126 128 353 682 799 989 
28 72 110 115 126 128 658 836 935 951 
28 72 110 115 273 361 728 771 861 942 
28 72 110 115 302 324 566 708 860 930 
28 72 110 115 126 128 534 591 645 963 
28 72 110 115 287 371 535 885 915 926 
28 72 110 115 512 679 700 774 775 938 
28 72 110 115 126 128 795 806 903 952 
28 72 110 115 126 128 823 901 918 945 
28 72 110 115 635 700 702 729 750 924 
28 72 110 115 126 128 405 421 621 741 
28 72 110 115 126 128 338 710 714 830 
28 72 110 115 126 128 670 693 957 986 
28 72 110 115 126 128 540 707 770 875 
28 72 110 115 634 791 804 855 954 986 
28 72 110 115 126 128 864 889 892 925 
28 72 110 115 126 128 640 659 681 925 
107 112 120 127 126 128 809 822 836 927 
28 72 110 115 126 128 668 745 855 978 
28 72 110 115 126 128 735 750 886 923 
28 72 110 115 126 128 626 674 716 814 
28 72 110 115 126 128 626 737 800 915 
28 72 110 115 467 688 761 853 857 878 
28 72 110 115 126 128 622 889 890 934 
28 72 110 115 587 751 777 852 893 958 
28 72 110 115 126 128 709 740 742 985 
28 72 110 115 126 128 577 846 916 984 
28 72 110 115 126 128 677 825 932 966 
28 72 110 115 126 128 781 790 860 984 
28 72 110 115 126 128 739 850 865 919 
28 72 110 115 749 780 814 828 891 932 
28 72 110 115 126 128 431 493 611 830 
28 72 110 115 126 128 661 670 706 859 
28 72 110 115 126 128 485 673 860 869 
28 72 110 115 126 128 644 732 773 983 
28 72 110 115 126 128 736 842 946 960 
28 72 110 115 279 340 487 533 892 916 
28 72 110 115 247 398 759 891 907 970 
28 72 110 115 126 128 818 861 946 980 
28 72 110 115 126 128 705 808 903 920 
28 72 110 115 126 128 619 675 838 852 
28 72 110 115 741 765 792 816 876 952 
28 72 110 115 523 537 641 685 708 985 
28 72 110 115 126 128 806 877 913 978 
107 112 120 127 126 128 729 792 877 942 
28 72 110 115 345 378 516 963 974 980 
28 72 110 115 126 128 692 850 853 879 
28 72 110 115 126 128 674 704 757 986 
28 72 110 115 126 128 703 855 907 990 
28 72 110 115 276 642 666 672 825 982 
28 72 110 115 126 128 715 747 818 968 
28 72 110 115 126 128 498 580 699 880 
28 72 110 115 126 128 469 491 835 983 
28 72 110 115 126 128 436 519 606 645 
28 72 110 115 126 128 821 871 886 999 
28 72 110 115 470 612 675 680 818 849 
28 72 110 115 126 128 838 904 977 1000 
28 72 110 115 472 598 609 630 753 977 
28 72 110 115 575 638 879 912 946 954 
28 72 110 115 535 604 755 810 954 969 
28 72 110 115 126 128 650 772 810 922 
28 72 110 115 126 128 308 535 644 871 
28 72 110 115 126 128 315 333 392 567 
28 72 110 115 412 445 637 673 811 920 
28 72 110 115 126 128 515 610 633 807 
28 72 110 115 126 128 344 645 742 886 
28 72 110 115 126 128 725 735 795 963 
28 72 110 115 126 128 855 911 934 973 
28 72 110 115 126 128 608 874 880 911 
28 72 110 115 126 128 470 851 875 947 
28 72 110 115 137 352 553 607 645 853 
28 72 110 115 126 128 535 871 911 919 
28 72 110 115 263 404 526 566 710 747 
28 72 110 115 126 128 710 717 856 863 
28 72 110 115 126 128 293 316 402 468 
28 72 110 115 126 128 652 693 918 972 
28 72 110 115 286 691 789 810 845 879 
28 72 110 115 126 128 427 726 758 866 
28 72 110 115 126 128 424 808 875 908 
28 72 110 115 446 514 653 695 751 963 
28 72 110 115 126 128 556 665 890 931 
28 72 110 115 126 128 486 816 925 943 
28 72 110 115 126 128 650 716 868 988 
28 72 110 115 316 331 504 656 951 996 
28 72 110 115 126 128 652 658 673 805 
28 72 110 115 488 720 836 898 967 988 
28 72 110 115 126 128 740 801 816 896 
28 72 110 115 126 128 892 919 923 928 
28 72 110 115 126 128 812 841 887 978 
21 79 87 122 126 128 451 774 926 991 
21 79 87 122 126 128 719 726 733 907 
21 79 87 122 126 128 688 708 752 936 
21 79 87 122 126 128 499 654 661 685 
21 79 87 122 126 128 338 681 969 998 
21 79 87 122 126 128 760 766 931 940 
21 79 87 122 126 128 659 765 928 955 
123 79 87 122 126 128 810 868 877 937 
107 112 120 127 126 128 818 828 858 895 
107 112 120 127 126 128 687 710 891 989 
21 79 87 122 126 128 661 745 756 861 
21 79 87 122 126 128 738 871 914 928 
125 79 87 122 126 128 714 762 807 920 
107 112 120 127 126 128 676 807 856 930 
21 79 87 122 126 128 642 729 942 948 
21 79 87 122 126 128 622 673 763 979 
21 79 87 122 126 128 641 711 712 772 
21 79 87 122 126 128 720 795 879 949 
125 79 87 122 126 128 745 772 893 918 
107 112 120 127 126 128 427 488 613 712 
21 79 87 122 126 128 683 720 881 900 
21 79 87 122 126 128 668 798 835 996 
21 79 87 122 126 128 800 808 831 886 
107 112 120 127 126 128 576 713 863 910 
21 79 87 122 126 128 473 590 683 760 
21 79 87 122 126 128 767 788 873 875 
21 79 87 122 126 128 689 690 719 975 
21 79 87 122 126 128 801 852 898 963 
21 79 87 122 126 128 616 694 906 981 
107 112 120 127 126 128 403 417 651 708 
107 112 120 127 126 128 821 872 877 912 
21 79 87 122 126 128 494 615 828 872 
21 79 87 122 126 128 669 747 818 840 
107 112 120 127 126 128 791 904 953 978 
21 79 87 122 126 128 621 667 870 914 
107 112 120 127 126 128 674 764 935 991 
21 79 87 122 126 128 810 864 918 960 
107 112 120 127 126 128 833 883 967 997 
21 79 87 122 126 128 722 740 805 949 
21 79 87 122 126 128 534 547 663 949 
21 79 87 122 126 128 679 754 913 940 
21 79 87 122 126 128 611 618 690 972 
21 79 87 122 126 128 592 606 726 933 
21 79 87 122 126 128 897 924 933 980 
107 112 120 127 126 128 710 727 905 996 
21 79 87 122 126 128 593 623 638 686 
21 79 87 122 126 128 576 656 715 833 
21 79 87 122 126 128 870 908 977 1000 
21 79 87 122 126 128 718 721 777 965 
107 112 120 127 126 128 626 697 811 883 
21 79 87 122 126 128 628 817 919 925 
21 79 87 122 126 128 419 649 791 942 
21 79 87 122 126 128 682 747 896 988 
107 112 120 127 126 128 454 571 592 643 
21 79 87 122 126 128 804 889 910 995 
21 79 87 122 126 128 400 491 919 987 
107 112 120 127 126 128 779 871 899 951 
21 79 87 122 126 128 680 785 799 816 
107 112 120 127 126 128 713 782 884 931 
21 79 87 122 126 128 452 685 869 934 
107 112 120 127 126 128 612 743 891 914 
21 79 87 122 126 128 514 781 844 967 
21 79 87 122 126 128 698 707 930 959 
21 79 87 122 126 128 524 557 722 848 
107 112 120 127 126 128 411 739 756 1000 
21 79 87 122 126 128 544 699 938 974 
125 79 87 122 126 128 743 819 937 974 
21 79 87 122 126 128 650 852 866 940 
21 79 87 122 126 128 564 599 648 762 
21 79 87 122 126 128 420 469 588 857 
21 79 87 122 126 128 658 929 940 980 
21 79 87 122 126 128 738 883 921 958 
21 79 87 122 126 128 535 607 706 838 
107 112 120 127 126 128 726 733 836 971 
107 112 120 127 126 128 471 671 727 940 
21 79 87 122 126 128 676 768 912 995 
107 112 120 127 126 128 626 671 749 841 
21 79 87 122 126 128 751 878 936 1000 
107 112 120 127 126 128 598 874 896 977 
21 79 87 122 126 128 679 807 938 953 
21 79 87 122 126 128 787 824 841 905 
107 112 120 127 126 128 585 646 773 810 
21 79 87 122 126 128 921 932 953 977 
21 79 87 122 126 128 889 912 934 998 
21 79 87 122 126 128 785 830 837 996 
21 79 87 122 126 128 338 381 622 845 
21 79 87 122 126 128 603 737 766 926 
107 112 120 127 126 128 825 860 935 940 
107 112 120 127 126 128 715 840 851 921 
21 79 87 122 126 128 688 760 773 983 
21 79 87 122 126 128 634 655 821 912 
107 112 120 127 126 128 571 625 661 979 
107 112 120 127 126 128 736 761 851 893 
21 79 87 122 126 128 779 815 836 943 
21 79 87 122 126 128 796 871 959 965 
21 79 87 122 126 128 551 568 735 999 
107 112 120 127 126 128 744 773 794 915 
107 112 120 127 126 128 679 703 867 910 
107 112 120 127 126 128 478 734 791 857 
21 79 87 122 126 128 517 769 782 906 
107 112 120 127 243 327 368 696 786 839 
125 112 120 127 271 329 526 672 744 926 
125 65 76 179 542 580 668 807 889 982 
107 112 120 127 423 508 679 907 910 921 
87 105 342 457 704 806 858 906 937 967 
107 112 120 127 494 577 648 666 748 884 
107 112 120 127 219 299 489 507 647 669 
107 112 120 127 364 603 675 764 806 975 
107 112 120 127 419 573 678 770 853 949 
125 112 120 127 467 608 750 754 845 861 
107 112 120 127 617 666 784 812 908 960 
107 112 120 127 237 528 712 740 887 900 
68 179 201 251 253 375 668 809 850 882 
107 112 120 127 522 768 845 855 872 945 
107 112 120 127 388 527 588 793 866 934 
107 112 120 127 553 675 687 796 865 895 
125 112 120 127 373 384 424 691 902 932 
125 112 120 127 336 382 583 888 984 992 
50 136 211 487 537 687 726 750 766 910 
107 112 120 127 431 478 494 553 616 846 
7 123 140 230 506 513 533 700 820 884 
107 112 120 127 491 526 563 755 895 966 
107 112 120 127 459 630 637 660 703 797 
6 107 221 260 384 448 501 772 951 998 
107 112 120 127 364 536 572 581 629 731 
107 112 120 127 396 444 543 713 766 996 
125 141 237 381 527 661 706 712 895 993 
107 112 120 127 516 634 690 790 868 885 
125 231 364 378 450 580 659 759 773 902 
107 112 120 127 215 563 658 716 735 806 
134 180 323 488 496 512 519 584 835 957 
107 112 120 127 294 687 692 856 863 927 
107 112 120 127 326 482 556 743 889 992 
107 112 120 127 669 780 818 887 918 936 
107 112 120 127 376 607 640 721 756 870 
125 326 345 470 512 594 699 867 902 977 
107 112 120 127 558 567 641 679 770 937 
125 161 221 251 255 581 586 672 783 907 
125 112 120 127 900 901 930 966 990 995 
107 112 120 127 789 815 864 955 970 1000 
107 112 120 127 422 497 558 670 702 975 
107 112 120 127 332 422 825 852 867 983 
107 112 120 127 311 695 746 850 932 941 
107 112 120 127 300 356 406 616 670 735 
125 112 120 127 699 746 758 834 907 1000 
107 112 120 127 377 432 519 769 788 814 
107 112 120 127 536 673 703 717 746 781 
125 26 75 223 293 408 694 757 968 977 
107 112 120 127 414 538 578 694 786 887 
125 112 120 127 409 540 595 696 829 994 
15 213 282 353 494 538 703 731 774 962 
107 112 120 127 203 372 436 717 850 960 
107 112 120 127 547 572 602 665 888 894 
57 166 195 398 484 518 598 625 724 997 
123 138 144 270 341 511 594 625 716 738 
107 112 120 127 329 352 457 559 600 851 
125 112 120 127 283 326 372 407 486 982 
107 112 120 127 473 571 604 626 731 860 
125 112 120 127 348 373 470 489 716 852 
107 112 120 127 376 446 554 599 666 903 
107 112 120 127 581 610 620 726 826 873 
123 112 120 127 340 443 547 666 736 974 
107 112 120 127 476 570 599 686 792 916 
125 174 262 408 499 608 734 830 838 999 
107 112 120 127 614 639 658 743 809 866 
107 112 120 127 557 625 732 822 842 907 
107 112 120 127 302 500 520 527 717 825 
107 112 120 127 648 715 737 820 966 976 
107 112 120 127 304 650 703 727 883 892 
107 112 120 127 529 569 637 827 929 930 
107 112 120 127 488 603 696 780 913 962 
107 112 120 127 220 227 629 643 718 958 
10 100 110 329 397 464 662 765 826 926 
107 112 120 127 564 676 692 703 783 833 
107 112 120 127 588 594 667 822 874 914 
107 112 120 127 385 612 626 676 745 783 
107 112 120 127 394 463 505 637 708 971 
107 112 120 127 587 667 744 817 850 853 
107 112 120 127 598 613 701 716 730 733 
107 112 120 127 602 613 694 722 794 890 
107 112 120 127 317 403 757 789 848 880 
107 112 120 127 395 408 538 753 770 872 
306 358 559 574 617 696 710 712 755 860 
107 112 120 127 594 736 760 791 820 997 
125 112 120 127 346 379 447 517 778 856 
107 112 120 127 337 772 880 881 958 962 
107 112 120 127 236 394 531 558 705 908 
107 112 120 127 412 676 726 750 926 936 
107 112 120 127 392 621 737 750 781 862 
125 43 227 265 451 713 867 877 949 955 
107 112 120 127 527 601 635 721 847 868 
107 112 120 127 584 731 759 862 945 982 
107 112 120 127 602 615 624 655 753 917 
107 112 120 127 733 747 808 870 916 951 
18 151 256 397 447 505 547 557 580 670 
125 202 245 283 325 407 425 505 543 837 
107 112 120 127 387 424 495 531 611 768 
123 68 178 215 237 438 450 559 732 961 
107 112 120 127 519 530 623 802 854 890 
107 112 120 127 516 557 569 887 978 990 
66 139 261 427 507 731 896 898 934 998 
35 338 363 404 444 448 526 643 648 980 
84 131 206 287 460 584 739 795 885 911 
123 39 58 424 431 455 524 584 675 919 
105 74 76 267 278 441 664 679 733 881 
123 206 216 367 468 699 715 851 949 966 
4 481 484 615 638 662 689 723 871 978 
4 119 250 360 373 398 526 735 863 891 
27 245 253 377 453 545 557 612 757 953 
56 183 305 412 481 491 659 755 758 837 
125 540 637 674 676 693 703 847 863 876 
125 188 376 390 681 799 938 941 945 977 
125 88 155 210 259 661 796 817 923 950 
105 55 59 172 226 313 536 564 878 893 
125 290 306 341 365 398 478 708 738 903 
123 415 590 687 716 738 806 911 979 996 
125 33 105 191 544 554 593 662 891 960 
115 196 216 301 466 530 673 694 729 940 
125 237 268 427 584 595 602 619 711 744 
18 293 296 523 537 681 709 824 856 961 
2 24 117 184 262 313 372 470 588 805 
41 107 228 416 442 528 584 656 661 760 
203 348 376 410 451 468 735 930 960 1000 
125 213 313 434 489 602 743 754 819 951 
22 173 226 234 366 440 505 760 778 998 
63 80 92 228 236 581 613 703 806 922 
9 60 75 98 114 542 729 815 820 841 
300 464 568 660 687 842 858 967 987 997 
32 51 174 181 225 427 449 472 551 717 
15 36 117 273 324 538 584 673 712 904 
29 135 164 312 573 592 611 652 778 873 
123 115 134 142 299 628 757 836 898 988 
173 205 316 326 467 471 601 602 842 867 
125 83 385 525 572 595 630 663 693 861 
125 156 204 320 350 497 560 677 727 770 
13 41 68 150 305 310 577 627 891 903 
125 113 332 334 357 526 561 599 866 902 
37 62 85 256 328 352 611 616 627 780 
125 198 348 394 450 569 625 654 700 884 
79 140 219 283 724 726 755 760 771 868 
75 97 142 355 485 556 562 635 725 779 
21 114 131 156 451 454 547 568 648 887 
69 341 579 646 665 789 912 914 935 936 
125 143 167 331 405 464 621 674 692 866 
4 55 60 210 368 526 632 645 820 860 
51 65 100 267 342 394 395 728 740 921 
20 316 354 408 421 466 484 510 870 963 
209 223 270 340 387 833 849 891 900 906 
6 56 99 256 290 390 462 817 894 987 
70 159 365 429 525 603 607 684 816 937 
125 157 212 279 560 693 793 823 888 971 
18 91 114 339 356 389 521 594 912 941 
125 95 222 226 254 357 748 849 896 993 
35 85 121 312 393 804 842 868 922 998 
116 139 212 264 353 437 438 483 718 907 
190 315 420 483 490 511 553 726 810 901 
125 64 268 335 451 492 534 610 845 893 
125 398 409 462 686 761 772 840 921 936 
27 163 185 219 221 321 400 489 870 975 
125 343 664 681 737 790 811 865 866 950 
105 330 357 420 434 449 475 571 748 992 
62 86 281 378 398 584 697 776 833 884 
171 176 312 335 342 528 549 621 655 938 
72 327 407 475 571 612 649 742 796 891 
125 202 526 537 685 770 895 901 908 929 
105 126 193 257 318 523 755 806 885 967 
106 233 271 388 478 490 510 616 722 806 
10 69 309 484 510 578 584 632 870 952 
121 156 255 599 623 647 753 761 854 952 
15 153 260 293 483 503 520 764 883 957 
11 13 169 209 221 640 747 856 958 985 
123 121 343 405 606 662 835 943 949 966 
123 70 95 206 325 366 447 550 709 882 
40 350 456 498 521 701 705 777 785 843 
47 59 172 231 289 309 359 504 806 844 
10 18 85 158 501 656 664 833 898 951 
125 142 308 330 477 479 647 668 670 859 
30 88 200 261 340 461 556 587 663 706 
100 243 258 443 547 706 748 768 782 893 
125 131 387 454 570 695 702 704 841 883 
125 367 471 672 674 679 700 731 935 981 
3 26 170 306 342 421 606 701 860 926 
54 62 331 361 376 444 601 665 752 936 
105 132 483 516 581 614 658 750 753 900 
197 218 448 508 517 608 694 727 746 988 
20 246 318 398 522 595 691 717 835 884 
125 145 185 187 215 454 541 825 868 932 
56 127 231 255 285 329 339 526 547 549 
105 103 346 362 390 449 651 669 675 822 
125 126 156 197 253 278 691 769 852 853 
38 96 184 267 361 379 391 626 636 662 
125 203 207 313 570 695 750 797 874 922 
125 191 217 323 396 627 661 777 885 928 
122 316 410 449 471 482 621 636 866 991 
125 60 75 98 114 733 808 822 847 848 
105 400 573 619 650 705 776 849 927 942 
36 63 259 345 504 568 670 736 807 969 
52 75 97 180 238 495 572 587 708 747 
125 152 208 410 490 657 732 809 819 852 
125 227 253 533 682 709 720 816 888 904 
