124 125 127 128 428 447 610 705 771 898 
124 125 127 128 448 670 750 846 850 941 
30 33 57 86 147 219 223 237 725 820 
124 125 127 128 763 923 939 944 949 981 
124 125 127 128 742 744 764 773 904 906 
124 125 127 128 311 463 531 702 783 833 
124 125 127 128 336 368 538 581 650 831 
166 202 317 339 538 594 695 736 795 920 
124 125 127 128 494 638 658 836 910 954 
124 125 127 128 631 658 675 790 808 885 
124 125 127 128 504 633 686 787 805 977 
15 204 209 273 338 446 816 827 961 971 
3 94 166 339 437 448 505 693 981 993 
124 125 127 128 514 597 607 725 859 922 
124 125 127 128 228 280 476 627 965 988 
69 97 127 234 296 354 515 553 700 984 
124 125 127 128 261 317 388 576 579 975 
124 125 127 128 439 584 735 736 764 798 
124 125 127 128 614 733 798 805 889 928 
124 125 127 128 276 321 368 406 787 910 
74 103 198 256 328 376 431 449 657 826 
124 125 127 128 349 506 657 712 717 912 
124 125 127 128 279 518 526 562 820 832 
124 125 127 128 310 673 738 746 960 985 
124 125 127 128 655 657 754 792 953 978 
124 125 127 128 412 432 529 762 824 950 
124 125 127 128 306 545 690 718 906 934 
124 125 127 128 674 680 698 771 970 983 
124 125 127 128 253 306 437 447 769 918 
110 118 119 424 655 757 771 814 889 937 
32 158 175 228 303 324 538 588 865 956 
124 125 127 128 240 289 311 651 776 934 
124 125 127 128 548 719 737 780 807 909 
199 237 241 284 539 553 565 600 756 801 
110 118 119 631 636 758 872 912 956 989 
124 125 127 128 573 628 658 661 767 877 
124 125 127 128 539 655 768 829 861 979 
124 125 127 128 404 533 679 781 813 822 
55 316 566 574 618 641 688 852 866 883 
124 125 127 128 308 382 464 722 843 916 
124 125 127 128 436 446 556 603 785 835 
338 351 439 570 723 752 760 826 914 971 
171 198 296 497 580 587 602 614 716 930 
124 125 127 128 744 828 839 854 865 893 
124 125 127 128 776 829 877 888 902 999 
152 205 334 387 434 447 745 825 874 876 
124 125 127 128 430 447 475 689 866 950 
82 89 108 128 153 361 367 588 622 764 
2 269 280 314 407 573 697 715 889 929 
109 253 255 257 289 426 514 583 670 996 
124 125 127 128 375 450 553 618 654 862 
37 188 197 264 425 549 623 731 782 948 
51 128 139 185 252 272 366 453 496 850 
124 125 127 128 417 425 543 804 854 983 
124 125 127 128 439 511 544 832 880 954 
124 125 127 128 595 767 783 828 862 883 
124 125 127 128 137 203 633 767 858 871 
110 118 119 536 576 578 588 834 873 933 
124 125 127 128 755 768 811 849 858 968 
4 83 175 331 373 385 614 627 656 805 
124 125 127 128 509 532 625 663 807 936 
124 125 127 128 587 601 616 746 747 967 
66 92 146 308 458 616 649 823 835 904 
124 125 127 128 345 380 436 632 817 889 
124 125 127 128 381 383 461 665 776 897 
124 125 127 128 423 439 753 790 877 977 
124 125 127 128 340 470 574 627 904 985 
124 125 127 128 300 347 574 583 701 798 
124 125 127 128 371 427 592 849 967 980 
124 125 127 128 398 399 646 851 894 958 
124 125 127 128 284 545 775 927 946 993 
124 125 127 128 476 483 786 813 899 1000 
124 125 127 128 454 658 767 848 934 966 
124 125 127 128 445 553 574 580 823 992 
124 125 127 128 515 658 766 971 984 986 
124 125 127 128 533 559 641 699 848 965 
124 125 127 128 670 725 958 960 965 973 
62 97 164 292 358 487 673 776 811 947 
124 125 127 128 581 654 814 854 942 977 
124 125 127 128 814 852 874 928 938 1000 
124 125 127 128 243 274 279 353 665 893 
124 125 127 128 460 681 737 866 921 966 
124 125 127 128 443 486 633 681 847 955 
124 125 127 128 346 369 442 462 591 701 
124 125 127 128 395 828 877 909 964 977 
124 125 127 128 116 617 628 636 830 914 
124 125 127 128 189 291 348 414 570 835 
124 125 127 128 403 426 491 499 867 954 
124 125 127 128 507 567 596 644 731 944 
110 118 119 128 490 593 696 815 902 909 
124 125 127 128 656 659 777 821 900 977 
124 125 127 128 685 696 732 923 947 996 
124 125 127 128 594 637 685 689 855 909 
35 77 444 474 652 838 856 863 960 993 
124 125 127 128 190 199 208 400 579 975 
124 125 127 128 444 572 610 650 727 864 
124 125 127 128 410 416 421 578 639 998 
124 125 127 128 217 311 540 636 692 932 
124 125 127 128 458 460 553 627 864 897 
124 125 127 128 344 516 574 584 832 899 
22 115 313 355 422 423 495 639 761 993 
124 125 127 128 542 652 731 745 846 954 
124 125 127 128 494 510 574 807 872 988 
124 125 127 128 462 531 705 784 896 958 
88 133 232 297 342 536 558 569 579 1000 
124 125 127 128 501 550 557 677 687 835 
124 125 127 128 410 451 479 534 570 989 
257 463 573 688 714 731 739 797 849 991 
110 118 119 221 256 337 371 391 721 845 
124 125 127 128 545 609 677 845 862 900 
124 125 127 128 531 616 695 846 927 943 
124 125 127 128 116 349 353 682 799 989 
124 125 127 128 557 641 658 836 935 951 
124 125 127 128 273 361 728 771 861 942 
124 125 127 128 302 324 566 708 860 930 
124 125 127 128 433 442 534 591 645 963 
124 125 127 128 287 371 535 885 915 926 
124 125 127 128 512 679 700 774 775 938 
124 125 127 128 427 700 795 806 903 952 
124 125 127 128 634 730 823 901 918 945 
193 202 247 371 635 700 702 729 750 924 
50 227 262 263 333 342 405 421 621 741 
124 125 127 128 221 267 338 710 714 830 
124 125 127 128 655 657 670 693 957 986 
124 125 127 128 388 449 540 707 770 875 
124 125 127 128 634 791 804 855 954 986 
124 125 127 128 596 609 864 889 892 925 
124 125 127 128 470 584 640 659 681 925 
124 125 127 128 476 516 809 822 836 927 
3 113 191 408 463 645 668 745 855 978 
124 125 127 128 440 705 735 750 886 923 
124 125 127 128 422 533 626 674 716 814 
124 125 127 128 549 616 626 737 800 915 
23 368 411 437 467 688 761 853 857 878 
124 125 127 128 307 604 622 889 890 934 
124 125 127 128 587 751 777 852 893 958 
210 308 386 540 580 702 709 740 742 985 
124 125 127 128 379 480 577 846 916 984 
124 125 127 128 543 624 677 825 932 966 
92 105 114 126 698 759 781 790 860 984 
16 24 28 35 172 730 739 850 865 919 
124 125 127 128 749 780 814 828 891 932 
124 125 127 128 194 235 431 493 611 830 
124 125 127 128 542 577 661 670 706 859 
117 160 197 206 340 373 485 673 860 869 
92 105 114 126 479 574 644 732 773 983 
23 76 122 168 298 536 736 842 946 960 
54 90 148 173 279 340 487 533 892 916 
154 199 202 222 247 398 759 891 907 970 
84 165 260 305 412 784 818 861 946 980 
215 350 520 531 573 701 705 808 903 920 
124 125 127 128 488 513 619 675 838 852 
124 125 127 128 741 765 792 816 876 952 
124 125 127 128 523 537 641 685 708 985 
124 125 127 128 651 747 806 877 913 978 
95 183 206 294 416 721 729 792 877 942 
124 125 127 128 345 378 516 963 974 980 
124 125 127 128 124 442 692 850 853 879 
124 125 127 128 425 642 674 704 757 986 
124 125 127 128 530 647 703 855 907 990 
92 105 114 126 276 642 666 672 825 982 
124 125 127 128 493 615 715 747 818 968 
26 178 189 223 426 463 498 580 699 880 
51 59 143 201 218 292 469 491 835 983 
124 125 127 128 300 356 436 519 606 645 
124 125 127 128 663 739 821 871 886 999 
124 125 127 128 470 612 675 680 818 849 
124 125 127 128 605 823 838 904 977 1000 
124 125 127 128 472 598 609 630 753 977 
124 125 127 128 575 638 879 912 946 954 
124 125 127 128 535 604 755 810 954 969 
124 125 127 128 570 601 650 772 810 922 
22 68 115 117 129 205 308 535 644 871 
21 94 132 133 145 183 315 333 392 567 
124 125 127 128 412 445 637 673 811 920 
49 382 400 405 409 446 515 610 633 807 
124 125 127 128 200 234 344 645 742 886 
27 75 186 214 250 283 725 735 795 963 
124 125 127 128 773 780 855 911 934 973 
124 125 127 128 376 505 608 874 880 911 
124 125 127 128 321 441 470 851 875 947 
124 125 127 128 137 352 553 607 645 853 
124 125 127 128 403 504 535 871 911 919 
124 125 127 128 263 404 526 566 710 747 
124 125 127 128 530 627 710 717 856 863 
124 125 127 128 196 270 293 316 402 468 
180 241 329 488 562 625 652 693 918 972 
124 125 127 128 286 691 789 810 845 879 
124 125 127 128 326 381 427 726 758 866 
124 125 127 128 243 364 424 808 875 908 
124 125 127 128 446 514 653 695 751 963 
99 320 429 439 481 513 556 665 890 931 
124 125 127 128 436 443 486 816 925 943 
124 125 127 128 572 609 650 716 868 988 
124 125 127 128 316 331 504 656 951 996 
131 156 190 360 367 557 652 658 673 805 
124 125 127 128 488 720 836 898 967 988 
110 118 119 165 346 578 740 801 816 896 
124 125 127 128 661 809 892 919 923 928 
124 125 127 128 607 737 812 841 887 978 
160 264 297 335 353 408 451 774 926 991 
124 125 127 128 437 575 719 726 733 907 
124 125 127 128 624 687 688 708 752 936 
77 92 125 183 330 452 499 654 661 685 
124 125 127 128 154 225 338 681 969 998 
124 125 127 128 559 751 760 766 931 940 
124 125 127 128 529 607 659 765 928 955 
124 125 127 128 631 774 810 868 877 937 
397 428 523 649 676 751 818 828 858 895 
124 125 127 128 434 501 687 710 891 989 
124 125 127 128 396 585 661 745 756 861 
124 125 127 128 468 619 738 871 914 928 
124 125 127 128 509 633 714 762 807 920 
124 125 127 128 495 531 676 807 856 930 
124 125 127 128 517 594 642 729 942 948 
124 125 127 128 349 456 622 673 763 979 
124 125 127 128 585 599 641 711 712 772 
55 77 495 512 541 668 720 795 879 949 
282 400 576 629 674 736 745 772 893 918 
124 125 127 128 335 402 427 488 613 712 
124 125 127 128 572 675 683 720 881 900 
124 125 127 128 463 507 668 798 835 996 
124 125 127 128 444 596 800 808 831 886 
124 125 127 128 361 525 576 713 863 910 
124 125 127 128 314 369 473 590 683 760 
131 212 229 253 264 615 767 788 873 875 
124 125 127 128 386 618 689 690 719 975 
124 125 127 128 652 788 801 852 898 963 
124 125 127 128 502 530 616 694 906 981 
124 125 127 128 194 302 403 417 651 708 
124 125 127 128 677 738 821 872 877 912 
32 91 297 386 464 478 494 615 828 872 
124 125 127 128 397 506 669 747 818 840 
110 118 119 587 657 666 791 904 953 978 
237 244 324 508 559 596 621 667 870 914 
124 125 127 128 582 636 674 764 935 991 
95 248 336 470 485 746 810 864 918 960 
124 125 127 128 484 556 833 883 967 997 
396 459 590 655 689 712 722 740 805 949 
124 125 127 128 339 413 534 547 663 949 
124 125 127 128 411 499 679 754 913 940 
1 197 281 406 449 525 611 618 690 972 
124 125 127 128 451 467 592 606 726 933 
124 125 127 128 630 747 897 924 933 980 
124 125 127 128 322 478 710 727 905 996 
124 125 127 128 329 578 593 623 638 686 
124 125 127 128 497 554 576 656 715 833 
110 118 119 313 360 710 870 908 977 1000 
124 125 127 128 116 595 718 721 777 965 
69 90 110 133 545 621 626 697 811 883 
92 105 114 126 424 498 628 817 919 925 
59 124 137 141 161 363 419 649 791 942 
124 125 127 128 461 502 682 747 896 988 
124 125 127 128 329 437 454 571 592 643 
124 125 127 128 618 628 804 889 910 995 
124 125 127 128 311 343 400 491 919 987 
124 125 127 128 475 525 779 871 899 951 
124 125 127 128 598 603 680 785 799 816 
107 153 233 323 528 619 713 782 884 931 
124 125 127 128 382 401 452 685 869 934 
124 125 127 128 544 580 612 743 891 914 
90 136 259 280 289 439 514 781 844 967 
26 66 71 106 116 614 698 707 930 959 
124 125 127 128 296 303 524 557 722 848 
61 63 76 190 207 361 411 739 756 1000 
124 125 127 128 133 166 544 699 938 974 
162 217 250 304 333 735 743 819 937 974 
124 125 127 128 522 623 650 852 866 940 
124 125 127 128 401 527 564 599 648 762 
124 125 127 128 328 405 420 469 588 857 
124 125 127 128 308 381 658 929 940 980 
124 125 127 128 572 645 738 883 921 958 
124 125 127 128 467 480 535 607 706 838 
5 97 256 266 296 382 726 733 836 971 
110 118 119 128 423 462 471 671 727 940 
124 125 127 128 472 599 676 768 912 995 
15 101 245 304 436 483 626 671 749 841 
124 125 127 128 718 736 751 878 936 1000 
83 109 171 327 353 568 598 874 896 977 
124 125 127 128 445 618 679 807 938 953 
124 125 127 128 625 705 787 824 841 905 
124 125 127 128 435 552 585 646 773 810 
47 96 153 454 691 892 921 932 953 977 
124 125 127 128 649 795 889 912 934 998 
124 125 127 128 420 754 785 830 837 996 
124 125 127 128 89 259 338 381 622 845 
110 118 119 128 298 571 603 737 766 926 
124 125 127 128 498 609 825 860 935 940 
30 174 589 630 675 699 715 840 851 921 
124 125 127 128 330 349 688 760 773 983 
124 125 127 128 596 619 634 655 821 912 
105 199 388 400 469 515 571 625 661 979 
124 125 127 128 685 730 736 761 851 893 
124 125 127 128 698 734 779 815 836 943 
124 125 127 128 724 761 796 871 959 965 
124 125 127 128 384 537 551 568 735 999 
124 125 127 128 579 581 744 773 794 915 
124 125 127 128 597 622 679 703 867 910 
124 125 127 128 348 398 478 734 791 857 
124 125 127 128 362 497 517 769 782 906 
9 22 104 203 243 327 368 696 786 839 
124 125 127 128 271 329 526 672 744 926 
124 125 127 128 542 580 668 807 889 982 
124 125 127 128 423 508 679 907 910 921 
124 125 127 128 704 806 858 906 937 967 
124 125 127 128 494 577 648 666 748 884 
124 125 127 128 219 299 489 507 647 669 
124 125 127 128 364 603 675 764 806 975 
86 224 332 416 419 573 678 770 853 949 
124 125 127 128 467 608 750 754 845 861 
187 249 335 556 617 666 784 812 908 960 
11 46 138 209 237 528 712 740 887 900 
124 125 127 128 116 375 668 809 850 882 
33 243 406 509 522 768 845 855 872 945 
124 125 127 128 388 527 588 793 866 934 
124 125 127 128 553 675 687 796 865 895 
124 125 127 128 373 384 424 691 902 932 
29 156 162 211 336 382 583 888 984 992 
50 136 211 487 537 687 726 750 766 910 
3 26 82 368 431 478 494 553 616 846 
7 123 140 230 506 513 533 700 820 884 
124 125 127 128 491 526 563 755 895 966 
124 125 127 128 459 630 637 660 703 797 
124 125 127 128 384 448 501 772 951 998 
124 125 127 128 364 536 572 581 629 731 
8 95 230 270 396 444 543 713 766 996 
124 125 127 128 527 661 706 712 895 993 
124 125 127 128 516 634 690 790 868 885 
124 125 127 128 450 580 659 759 773 902 
110 118 119 128 215 563 658 716 735 806 
124 125 127 128 496 512 519 584 835 957 
124 125 127 128 294 687 692 856 863 927 
124 125 127 128 326 482 556 743 889 992 
124 125 127 128 669 780 818 887 918 936 
97 104 263 271 376 607 640 721 756 870 
124 125 127 128 512 594 699 867 902 977 
26 66 71 106 116 567 641 679 770 937 
18 161 221 251 255 581 586 672 783 907 
124 125 127 128 900 901 930 966 990 995 
124 125 127 128 789 815 864 955 970 1000 
124 125 127 128 422 497 558 670 702 975 
124 125 127 128 332 422 825 852 867 983 
124 125 127 128 311 695 746 850 932 941 
124 125 127 128 300 356 406 616 670 735 
124 125 127 128 699 746 758 834 907 1000 
124 125 127 128 377 432 519 769 788 814 
124 125 127 128 536 673 703 717 746 781 
124 125 127 128 293 408 694 757 968 977 
92 105 114 126 414 538 578 694 786 887 
124 125 127 128 409 540 595 696 829 994 
124 125 127 128 494 538 703 731 774 962 
124 125 127 128 203 372 436 717 850 960 
124 125 127 128 547 572 602 665 888 894 
124 125 127 128 484 518 598 625 724 997 
124 125 127 128 341 511 594 625 716 738 
124 125 127 128 329 352 457 559 600 851 
124 125 127 128 283 326 372 407 486 982 
124 125 127 128 473 571 604 626 731 860 
124 125 127 128 348 373 470 489 716 852 
26 66 71 106 116 446 554 599 666 903 
124 125 127 128 581 610 620 726 826 873 
124 125 127 128 116 443 547 666 736 974 
37 285 296 474 476 570 599 686 792 916 
124 125 127 128 499 608 734 830 838 999 
124 125 127 128 614 639 658 743 809 866 
124 125 127 128 557 625 732 822 842 907 
85 213 253 255 302 500 520 527 717 825 
124 125 127 128 648 715 737 820 966 976 
124 125 127 128 304 650 703 727 883 892 
124 125 127 128 529 569 637 827 929 930 
99 201 303 323 488 603 696 780 913 962 
46 58 70 147 220 227 629 643 718 958 
124 125 127 128 397 464 662 765 826 926 
113 201 336 399 564 676 692 703 783 833 
110 118 119 364 588 594 667 822 874 914 
124 125 127 128 385 612 626 676 745 783 
124 125 127 128 394 463 505 637 708 971 
124 125 127 128 587 667 744 817 850 853 
124 125 127 128 598 613 701 716 730 733 
124 125 127 128 602 613 694 722 794 890 
35 87 91 203 317 403 757 789 848 880 
124 125 127 128 395 408 538 753 770 872 
306 358 559 574 617 696 710 712 755 860 
124 125 127 128 594 736 760 791 820 997 
89 104 126 313 346 379 447 517 778 856 
124 125 127 128 337 772 880 881 958 962 
127 129 137 170 236 394 531 558 705 908 
124 125 127 128 412 676 726 750 926 936 
124 125 127 128 392 621 737 750 781 862 
124 125 127 128 451 713 867 877 949 955 
53 74 432 453 527 601 635 721 847 868 
124 125 127 128 584 731 759 862 945 982 
180 272 273 444 602 615 624 655 753 917 
124 125 127 128 733 747 808 870 916 951 
124 125 127 128 447 505 547 557 580 670 
124 125 127 128 325 407 425 505 543 837 
124 125 127 128 387 424 495 531 611 768 
124 125 127 128 237 438 450 559 732 961 
227 437 448 472 519 530 623 802 854 890 
92 105 114 126 516 557 569 887 978 990 
124 125 127 128 507 731 896 898 934 998 
124 125 127 128 444 448 526 643 648 980 
124 125 127 128 460 584 739 795 885 911 
124 125 127 128 431 455 524 584 675 919 
40 74 76 267 278 441 664 679 733 881 
124 125 127 128 468 699 715 851 949 966 
124 125 127 128 638 662 689 723 871 978 
4 119 250 360 373 398 526 735 863 891 
124 125 127 128 453 545 557 612 757 953 
56 183 305 412 481 491 659 755 758 837 
124 125 127 128 676 693 703 847 863 876 
124 125 127 128 681 799 938 941 945 977 
124 125 127 128 259 661 796 817 923 950 
124 125 127 128 226 313 536 564 878 893 
124 125 127 128 365 398 478 708 738 903 
304 415 590 687 716 738 806 911 979 996 
124 125 127 128 544 554 593 662 891 960 
124 125 127 128 466 530 673 694 729 940 
124 125 127 128 584 595 602 619 711 744 
124 125 127 128 537 681 709 824 856 961 
124 125 127 128 262 313 372 470 588 805 
124 125 127 128 442 528 584 656 661 760 
124 125 127 128 451 468 735 930 960 1000 
124 125 127 128 489 602 743 754 819 951 
124 125 127 128 366 440 505 760 778 998 
63 80 92 228 236 581 613 703 806 922 
124 125 127 128 495 542 729 815 820 841 
124 125 127 128 687 842 858 967 987 997 
32 51 174 181 225 427 449 472 551 717 
124 125 127 128 324 538 584 673 712 904 
124 125 127 128 573 592 611 652 778 873 
124 125 127 128 299 628 757 836 898 988 
124 125 127 128 467 471 601 602 842 867 
124 125 127 128 572 595 630 663 693 861 
124 125 127 128 116 497 560 677 727 770 
124 125 127 128 305 310 577 627 891 903 
124 125 127 128 357 526 561 599 866 902 
37 62 85 256 328 352 611 616 627 780 
124 125 127 128 450 569 625 654 700 884 
124 125 127 128 724 726 755 760 771 868 
124 125 127 128 485 556 562 635 725 779 
124 125 127 128 451 454 547 568 648 887 
124 125 127 128 665 789 912 914 935 936 
124 125 127 128 405 464 621 674 692 866 
124 125 127 128 368 526 632 645 820 860 
124 125 127 128 342 394 395 728 740 921 
124 125 127 128 421 466 484 510 870 963 
110 118 119 128 387 833 849 891 900 906 
124 125 127 128 290 390 462 817 894 987 
124 125 127 128 525 603 607 684 816 937 
124 125 127 128 560 693 793 823 888 971 
124 125 127 128 356 389 521 594 912 941 
124 125 127 128 254 357 748 849 896 993 
35 85 121 312 393 804 842 868 922 998 
124 125 127 128 353 437 438 483 718 907 
124 125 127 128 490 511 553 726 810 901 
124 125 127 128 116 492 534 610 845 893 
124 125 127 128 686 761 772 840 921 936 
124 125 127 128 221 321 400 489 870 975 
124 125 127 128 737 790 811 865 866 950 
124 125 127 128 434 449 475 571 748 992 
124 125 127 128 398 584 697 776 833 884 
124 125 127 128 342 528 549 621 655 938 
124 125 127 128 571 612 649 742 796 891 
124 125 127 128 685 770 895 901 908 929 
124 125 127 128 318 523 755 806 885 967 
124 125 127 128 478 490 510 616 722 806 
124 125 127 128 510 578 584 632 870 952 
110 118 119 128 623 647 753 761 854 952 
124 125 127 128 483 503 520 764 883 957 
124 125 127 128 221 640 747 856 958 985 
75 121 343 405 606 662 835 943 949 966 
124 125 127 128 325 366 447 550 709 882 
124 125 127 128 521 701 705 777 785 843 
47 59 172 231 289 309 359 504 806 844 
124 125 127 128 501 656 664 833 898 951 
124 125 127 128 477 479 647 668 670 859 
124 125 127 128 340 461 556 587 663 706 
100 243 258 443 547 706 748 768 782 893 
85 131 387 454 570 695 702 704 841 883 
179 367 471 672 674 679 700 731 935 981 
124 125 127 128 342 421 606 701 860 926 
124 125 127 128 376 444 601 665 752 936 
124 125 127 128 581 614 658 750 753 900 
124 125 127 128 517 608 694 727 746 988 
20 246 318 398 522 595 691 717 835 884 
124 125 127 128 215 454 541 825 868 932 
124 125 127 128 285 329 339 526 547 549 
62 103 346 362 390 449 651 669 675 822 
110 118 119 128 253 278 691 769 852 853 
124 125 127 128 361 379 391 626 636 662 
124 125 127 128 570 695 750 797 874 922 
124 125 127 128 396 627 661 777 885 928 
124 125 127 128 471 482 621 636 866 991 
124 125 127 128 713 733 808 822 847 848 
124 125 127 128 650 705 776 849 927 942 
36 63 259 345 504 568 670 736 807 969 
124 125 127 128 238 495 572 587 708 747 
124 125 127 128 490 657 732 809 819 852 
124 125 127 128 682 709 720 816 888 904 
