168 209 299 399 428 447 610 705 771 898 
70 109 122 125 116 127 128 846 850 941 
70 109 122 125 147 219 223 237 725 820 
104 115 124 743 763 923 939 944 949 981 
238 397 487 719 742 744 764 773 904 906 
80 106 107 110 116 127 128 702 783 833 
42 126 260 302 336 368 538 581 650 831 
166 202 317 339 538 594 695 736 795 920 
142 247 257 351 494 638 658 836 910 954 
303 348 434 597 631 658 675 790 808 885 
178 199 281 419 504 633 686 787 805 977 
15 204 209 273 338 446 816 827 961 971 
70 109 122 125 437 448 505 693 981 993 
7 108 177 365 514 597 607 725 859 922 
39 144 162 182 228 280 476 627 965 988 
69 97 127 234 296 354 515 553 700 984 
5 172 241 244 261 317 388 576 579 975 
12 64 376 429 439 584 735 736 764 798 
202 534 564 591 614 733 798 805 889 928 
131 196 203 269 276 321 368 406 787 910 
74 103 198 256 328 376 431 449 657 826 
70 109 122 125 116 127 128 712 717 912 
80 106 107 110 116 127 128 562 820 832 
104 115 124 305 310 673 738 746 960 985 
2 79 429 543 655 657 754 792 953 978 
95 269 320 401 412 432 529 762 824 950 
52 85 244 269 306 545 690 718 906 934 
80 106 107 110 116 127 128 771 970 983 
3 112 153 160 253 306 437 447 769 918 
80 106 107 110 116 127 128 814 889 937 
70 109 122 125 303 324 538 588 865 956 
80 106 107 110 116 127 128 651 776 934 
107 173 183 481 548 719 737 780 807 909 
80 106 107 110 116 127 128 600 756 801 
80 106 107 110 116 127 128 912 956 989 
1 332 497 554 573 628 658 661 767 877 
80 106 107 110 116 127 128 829 861 979 
92 159 334 335 404 533 679 781 813 822 
70 109 122 125 618 641 688 852 866 883 
7 108 85 188 308 382 464 722 843 916 
70 109 122 125 436 446 556 603 785 835 
2 79 439 570 723 752 760 826 914 971 
80 106 107 110 116 127 128 614 716 930 
80 106 107 110 116 127 128 854 865 893 
10 15 142 189 776 829 877 888 902 999 
80 106 107 110 116 127 128 825 874 876 
59 67 292 394 430 447 475 689 866 950 
2 79 108 128 153 361 367 588 622 764 
80 106 107 110 116 127 128 715 889 929 
80 106 107 110 116 127 128 583 670 996 
70 109 122 125 375 450 553 618 654 862 
37 188 197 264 425 549 623 731 782 948 
80 106 107 110 116 127 128 453 496 850 
29 86 140 207 417 425 543 804 854 983 
51 192 263 302 439 511 544 832 880 954 
70 109 122 125 595 767 783 828 862 883 
80 106 107 110 116 127 128 767 858 871 
70 109 122 125 116 127 128 834 873 933 
26 108 288 741 755 768 811 849 858 968 
104 115 124 331 373 385 614 627 656 805 
80 106 107 110 116 127 128 663 807 936 
104 115 124 489 587 601 616 746 747 967 
66 92 146 308 458 616 649 823 835 904 
80 106 107 110 116 127 128 632 817 889 
80 106 107 110 116 127 128 665 776 897 
67 225 317 383 423 439 753 790 877 977 
7 108 245 251 340 470 574 627 904 985 
50 167 214 294 300 347 574 583 701 798 
70 109 122 125 371 427 592 849 967 980 
105 117 119 327 398 399 646 851 894 958 
121 149 165 244 284 545 775 927 946 993 
70 109 122 125 476 483 786 813 899 1000 
70 109 122 125 454 658 767 848 934 966 
80 106 107 110 116 127 128 580 823 992 
6 58 290 337 515 658 766 971 984 986 
113 186 412 461 533 559 641 699 848 965 
77 366 456 613 670 725 958 960 965 973 
62 97 164 292 358 487 673 776 811 947 
80 106 107 110 116 127 128 854 942 977 
149 534 541 793 814 852 874 928 938 1000 
70 109 122 125 243 274 279 353 665 893 
36 251 398 419 460 681 737 866 921 966 
70 109 122 125 443 486 633 681 847 955 
23 53 73 206 346 369 442 462 591 701 
66 131 276 285 395 828 877 909 964 977 
80 106 107 110 116 127 128 636 830 914 
2 79 158 163 189 291 348 414 570 835 
155 171 239 355 403 426 491 499 867 954 
81 386 447 491 507 567 596 644 731 944 
2 42 393 397 490 593 696 815 902 909 
80 106 107 110 116 127 128 821 900 977 
80 106 107 110 116 127 128 923 947 996 
179 328 329 404 594 637 685 689 855 909 
35 77 444 474 652 838 856 863 960 993 
30 59 153 188 190 199 208 400 579 975 
80 106 107 110 116 127 128 650 727 864 
80 106 107 110 116 127 128 578 639 998 
35 79 83 129 217 311 540 636 692 932 
22 112 233 277 458 460 553 627 864 897 
80 106 107 110 116 127 128 584 832 899 
22 115 313 355 422 423 495 639 761 993 
212 312 345 438 542 652 731 745 846 954 
55 57 74 146 494 510 574 807 872 988 
70 109 122 125 462 531 705 784 896 958 
88 133 232 297 342 536 558 569 579 1000 
20 131 258 419 501 550 557 677 687 835 
45 71 87 380 410 451 479 534 570 989 
257 463 573 688 714 731 739 797 849 991 
80 106 107 110 116 127 128 391 721 845 
2 79 158 514 545 609 677 845 862 900 
80 106 107 110 116 127 128 846 927 943 
70 109 122 125 295 349 353 682 799 989 
80 106 107 110 116 127 128 836 935 951 
80 106 107 110 116 127 128 771 861 942 
2 79 245 276 302 324 566 708 860 930 
70 109 122 125 116 127 128 591 645 963 
37 132 158 200 287 371 535 885 915 926 
70 109 122 125 512 679 700 774 775 938 
80 106 107 110 116 127 128 806 903 952 
80 106 107 110 116 127 128 901 918 945 
193 202 247 371 635 700 702 729 750 924 
50 227 262 263 333 342 405 421 621 741 
45 71 87 138 221 267 338 710 714 830 
80 106 107 110 116 127 128 693 957 986 
99 130 162 290 388 449 540 707 770 875 
129 413 460 462 634 791 804 855 954 986 
32 80 472 557 596 609 864 889 892 925 
130 162 220 394 470 584 640 659 681 925 
70 109 122 125 116 127 128 822 836 927 
3 113 191 408 463 645 668 745 855 978 
113 111 377 425 440 705 735 750 886 923 
80 106 107 110 116 127 128 674 716 814 
106 164 344 383 549 616 626 737 800 915 
23 368 411 437 467 688 761 853 857 878 
80 106 107 110 116 127 128 889 890 934 
80 106 107 110 116 127 128 852 893 958 
210 308 386 540 580 702 709 740 742 985 
2 164 272 364 379 480 577 846 916 984 
117 274 290 380 543 624 677 825 932 966 
75 121 457 630 698 759 781 790 860 984 
70 109 122 125 172 730 739 850 865 919 
185 190 391 637 749 780 814 828 891 932 
71 111 142 160 194 235 431 493 611 830 
70 109 122 125 542 577 661 670 706 859 
80 106 107 110 116 127 128 673 860 869 
45 71 87 404 479 574 644 732 773 983 
23 76 122 168 298 536 736 842 946 960 
70 109 122 125 279 340 487 533 892 916 
2 79 202 222 247 398 759 891 907 970 
80 106 107 110 116 127 128 861 946 980 
215 350 520 531 573 701 705 808 903 920 
80 106 107 110 116 127 128 675 838 852 
329 459 637 672 741 765 792 816 876 952 
70 109 122 125 523 537 641 685 708 985 
96 291 337 574 651 747 806 877 913 978 
95 183 206 294 416 721 729 792 877 942 
7 17 50 238 345 378 516 963 974 980 
80 106 107 110 116 127 128 850 853 879 
80 106 107 110 116 127 128 704 757 986 
70 138 309 474 530 647 703 855 907 990 
87 90 187 206 276 642 666 672 825 982 
52 76 193 209 493 615 715 747 818 968 
26 178 189 223 426 463 498 580 699 880 
80 106 107 110 116 127 128 491 835 983 
8 9 215 283 300 356 436 519 606 645 
7 108 491 582 663 739 821 871 886 999 
80 106 107 110 116 127 128 680 818 849 
40 139 180 487 605 823 838 904 977 1000 
70 109 122 125 472 598 609 630 753 977 
2 79 377 472 575 638 879 912 946 954 
46 83 150 190 535 604 755 810 954 969 
2 79 383 411 570 601 650 772 810 922 
22 68 115 117 129 205 308 535 644 871 
21 94 132 133 145 183 315 333 392 567 
70 109 122 125 412 445 637 673 811 920 
80 106 107 110 116 127 128 610 633 807 
6 60 69 182 200 234 344 645 742 886 
27 75 186 214 250 283 725 735 795 963 
122 232 308 475 773 780 855 911 934 973 
238 282 319 322 376 505 608 874 880 911 
80 106 107 110 116 127 128 851 875 947 
68 70 95 107 137 352 553 607 645 853 
104 115 124 252 403 504 535 871 911 919 
3 53 78 147 263 404 526 566 710 747 
70 109 122 125 530 627 710 717 856 863 
113 31 93 134 196 270 293 316 402 468 
180 241 329 488 562 625 652 693 918 972 
80 106 107 110 116 127 128 810 845 879 
36 103 228 252 326 381 427 726 758 866 
18 44 177 227 243 364 424 808 875 908 
80 106 107 110 116 127 128 695 751 963 
99 320 429 439 481 513 556 665 890 931 
104 115 124 318 436 443 486 816 925 943 
221 274 314 359 572 609 650 716 868 988 
80 106 107 110 116 127 128 656 951 996 
70 109 122 125 367 557 652 658 673 805 
80 106 107 110 116 127 128 898 967 988 
80 106 107 110 116 127 128 801 816 896 
111 184 561 617 661 809 892 919 923 928 
80 106 107 110 116 127 128 841 887 978 
160 264 297 335 353 408 451 774 926 991 
253 261 281 394 437 575 719 726 733 907 
130 237 324 361 624 687 688 708 752 936 
77 92 125 183 330 452 499 654 661 685 
35 72 93 146 154 225 338 681 969 998 
98 188 207 301 559 751 760 766 931 940 
80 106 107 110 116 127 128 765 928 955 
70 250 263 630 631 774 810 868 877 937 
397 428 523 649 676 751 818 828 858 895 
120 196 358 368 434 501 687 710 891 989 
70 109 122 125 396 585 661 745 756 861 
80 106 107 110 116 127 128 871 914 928 
80 106 107 110 116 127 128 762 807 920 
290 342 347 400 495 531 676 807 856 930 
101 135 189 254 517 594 642 729 942 948 
40 85 87 182 349 456 622 673 763 979 
113 170 286 575 585 599 641 711 712 772 
55 77 495 512 541 668 720 795 879 949 
282 400 576 629 674 736 745 772 893 918 
34 186 291 325 335 402 427 488 613 712 
54 92 273 357 572 675 683 720 881 900 
17 72 231 397 463 507 668 798 835 996 
158 165 175 380 444 596 800 808 831 886 
92 105 182 189 361 525 576 713 863 910 
29 137 184 219 314 369 473 590 683 760 
131 212 229 253 264 615 767 788 873 875 
70 109 122 125 386 618 689 690 719 975 
19 319 330 420 652 788 801 852 898 963 
70 109 122 125 502 530 616 694 906 981 
80 106 107 110 116 127 128 417 651 708 
80 106 107 110 116 127 128 872 877 912 
2 79 297 386 464 478 494 615 828 872 
50 129 207 280 397 506 669 747 818 840 
184 387 511 587 657 666 791 904 953 978 
70 109 122 125 559 596 621 667 870 914 
93 379 401 509 582 636 674 764 935 991 
70 109 122 125 485 746 810 864 918 960 
80 106 107 110 116 127 128 883 967 997 
80 106 107 110 116 127 128 740 805 949 
52 250 251 301 339 413 534 547 663 949 
80 106 107 110 116 127 128 754 913 940 
7 108 281 406 449 525 611 618 690 972 
145 371 435 448 451 467 592 606 726 933 
80 106 107 110 116 127 128 924 933 980 
80 106 107 110 116 127 128 727 905 996 
80 106 107 110 116 127 128 623 638 686 
185 223 395 486 497 554 576 656 715 833 
179 251 312 313 360 710 870 908 977 1000 
104 115 124 479 523 595 718 721 777 965 
69 90 110 133 545 621 626 697 811 883 
19 159 295 372 424 498 628 817 919 925 
59 124 137 141 161 363 419 649 791 942 
70 109 122 125 461 502 682 747 896 988 
39 215 232 240 329 437 454 571 592 643 
33 78 171 533 618 628 804 889 910 995 
80 106 107 110 116 127 128 491 919 987 
80 106 107 110 116 127 128 871 899 951 
70 109 122 125 116 127 128 785 799 816 
70 109 122 125 116 127 128 782 884 931 
51 174 225 271 382 401 452 685 869 934 
80 106 107 110 116 127 128 743 891 914 
70 109 122 125 289 439 514 781 844 967 
196 315 346 455 544 614 698 707 930 959 
109 159 252 280 296 303 524 557 722 848 
61 63 76 190 207 361 411 739 756 1000 
17 67 100 120 133 166 544 699 938 974 
80 106 107 110 116 127 128 819 937 974 
89 182 234 324 522 623 650 852 866 940 
19 41 47 297 401 527 564 599 648 762 
19 34 176 198 328 405 420 469 588 857 
70 109 122 125 308 381 658 929 940 980 
70 109 122 125 572 645 738 883 921 958 
45 71 87 459 467 480 535 607 706 838 
70 109 122 125 296 382 726 733 836 971 
70 109 122 125 423 462 471 671 727 940 
167 202 211 448 472 599 676 768 912 995 
70 109 122 125 116 127 128 671 749 841 
57 116 174 593 718 736 751 878 936 1000 
70 109 122 125 353 568 598 874 896 977 
1 94 165 307 445 618 679 807 938 953 
53 186 400 458 625 705 787 824 841 905 
184 286 287 395 435 552 585 646 773 810 
47 96 153 454 691 892 921 932 953 977 
247 304 588 637 649 795 889 912 934 998 
80 106 107 110 116 127 128 830 837 996 
17 42 61 78 89 259 338 381 622 845 
80 106 107 110 116 127 128 737 766 926 
195 280 307 370 498 609 825 860 935 940 
70 109 122 125 675 699 715 840 851 921 
80 106 107 110 116 127 128 760 773 983 
284 393 492 571 596 619 634 655 821 912 
105 199 388 400 469 515 571 625 661 979 
70 109 122 125 685 730 736 761 851 893 
351 433 563 579 698 734 779 815 836 943 
80 106 107 110 116 127 128 871 959 965 
24 79 203 267 384 537 551 568 735 999 
80 106 107 110 116 127 128 773 794 915 
229 281 331 466 597 622 679 703 867 910 
80 106 107 110 116 127 128 734 791 857 
80 106 107 110 116 127 128 769 782 906 
80 106 107 110 116 127 128 696 786 839 
54 70 128 138 271 329 526 672 744 926 
16 65 76 179 542 580 668 807 889 982 
80 106 107 110 116 127 128 907 910 921 
13 83 101 457 704 806 858 906 937 967 
94 101 357 416 494 577 648 666 748 884 
70 109 122 125 219 299 489 507 647 669 
80 106 107 110 116 127 128 764 806 975 
70 109 122 125 419 573 678 770 853 949 
58 164 319 328 467 608 750 754 845 861 
113 249 335 556 617 666 784 812 908 960 
70 109 122 125 237 528 712 740 887 900 
70 109 122 125 253 375 668 809 850 882 
80 106 107 110 116 127 128 855 872 945 
80 106 107 110 116 127 128 793 866 934 
70 109 122 125 553 675 687 796 865 895 
70 109 122 125 373 384 424 691 902 932 
70 109 122 125 336 382 583 888 984 992 
80 106 107 110 116 127 128 750 766 910 
70 109 122 125 431 478 494 553 616 846 
80 106 107 110 116 127 128 700 820 884 
80 106 107 110 116 127 128 755 895 966 
134 143 295 314 459 630 637 660 703 797 
6 107 221 260 384 448 501 772 951 998 
80 106 107 110 116 127 128 581 629 731 
8 95 230 270 396 444 543 713 766 996 
17 141 237 381 527 661 706 712 895 993 
80 106 107 110 116 127 128 790 868 885 
138 231 364 378 450 580 659 759 773 902 
2 79 153 203 215 563 658 716 735 806 
134 180 323 488 496 512 519 584 835 957 
80 106 107 110 116 127 128 856 863 927 
25 84 119 233 326 482 556 743 889 992 
257 346 553 645 669 780 818 887 918 936 
97 104 263 271 376 607 640 721 756 870 
70 109 122 125 512 594 699 867 902 977 
80 106 107 110 116 127 128 679 770 937 
70 109 122 125 255 581 586 672 783 907 
80 106 107 110 116 127 128 966 990 995 
80 106 107 110 116 127 128 955 970 1000 
25 132 237 329 422 497 558 670 702 975 
80 106 107 110 116 127 128 852 867 983 
2 79 177 301 311 695 746 850 932 941 
78 146 225 251 300 356 406 616 670 735 
70 109 122 125 699 746 758 834 907 1000 
104 115 124 367 377 432 519 769 788 814 
156 338 386 531 536 673 703 717 746 781 
5 26 75 223 293 408 694 757 968 977 
24 90 140 398 414 538 578 694 786 887 
86 91 345 365 409 540 595 696 829 994 
2 79 282 353 494 538 703 731 774 962 
11 48 63 199 203 372 436 717 850 960 
70 109 122 125 547 572 602 665 888 894 
80 106 107 110 116 127 128 625 724 997 
70 109 122 125 341 511 594 625 716 738 
13 36 180 269 329 352 457 559 600 851 
104 115 124 282 283 326 372 407 486 982 
80 106 107 110 116 127 128 626 731 860 
96 172 195 338 348 373 470 489 716 852 
80 106 107 110 116 127 128 599 666 903 
109 168 310 430 581 610 620 726 826 873 
80 106 107 110 116 127 128 666 736 974 
80 106 107 110 116 127 128 686 792 916 
131 174 262 408 499 608 734 830 838 999 
80 106 107 110 116 127 128 743 809 866 
70 109 122 125 557 625 732 822 842 907 
104 115 124 255 302 500 520 527 717 825 
45 71 87 375 648 715 737 820 966 976 
70 109 122 125 304 650 703 727 883 892 
70 109 122 125 116 127 128 827 929 930 
80 106 107 110 116 127 128 780 913 962 
80 106 107 110 116 127 128 643 718 958 
10 100 110 329 397 464 662 765 826 926 
70 109 122 125 564 676 692 703 783 833 
122 218 336 364 588 594 667 822 874 914 
80 106 107 110 116 127 128 676 745 783 
17 71 110 233 394 463 505 637 708 971 
40 71 114 242 587 667 744 817 850 853 
80 106 107 110 116 127 128 716 730 733 
230 274 374 469 602 613 694 722 794 890 
35 87 91 203 317 403 757 789 848 880 
70 109 122 125 116 127 128 753 770 872 
306 358 559 574 617 696 710 712 755 860 
279 366 477 521 594 736 760 791 820 997 
89 104 126 313 346 379 447 517 778 856 
80 106 107 110 116 127 128 881 958 962 
127 129 137 170 236 394 531 558 705 908 
70 109 122 125 412 676 726 750 926 936 
35 183 225 288 392 621 737 750 781 862 
80 106 107 110 116 127 128 877 949 955 
80 106 107 110 116 127 128 721 847 868 
80 106 107 110 116 127 128 862 945 982 
180 272 273 444 602 615 624 655 753 917 
239 412 473 609 733 747 808 870 916 951 
80 106 107 110 116 127 128 557 580 670 
91 202 245 283 325 407 425 505 543 837 
41 301 319 350 387 424 495 531 611 768 
52 68 178 215 237 438 450 559 732 961 
70 109 122 125 519 530 623 802 854 890 
158 350 395 415 516 557 569 887 978 990 
66 139 261 427 507 731 896 898 934 998 
70 109 122 125 444 448 526 643 648 980 
80 106 107 110 116 127 128 795 885 911 
80 106 107 110 116 127 128 584 675 919 
80 106 107 110 116 127 128 679 733 881 
135 206 216 367 468 699 715 851 949 966 
4 481 484 615 638 662 689 723 871 978 
45 71 87 360 373 398 526 735 863 891 
80 106 107 110 116 127 128 612 757 953 
56 183 305 412 481 491 659 755 758 837 
430 540 637 674 676 693 703 847 863 876 
80 106 107 110 116 127 128 941 945 977 
62 88 155 210 259 661 796 817 923 950 
7 55 59 172 226 313 536 564 878 893 
70 109 122 125 365 398 478 708 738 903 
45 71 87 687 716 738 806 911 979 996 
10 33 105 191 544 554 593 662 891 960 
115 196 216 301 466 530 673 694 729 940 
80 106 107 110 116 127 128 619 711 744 
45 71 87 523 537 681 709 824 856 961 
80 106 107 110 116 127 128 470 588 805 
41 107 228 416 442 528 584 656 661 760 
203 348 376 410 451 468 735 930 960 1000 
80 106 107 110 116 127 128 754 819 951 
22 173 226 234 366 440 505 760 778 998 
80 106 107 110 116 127 128 703 806 922 
80 106 107 110 116 127 128 815 820 841 
80 106 107 110 116 127 128 967 987 997 
80 106 107 110 116 127 128 472 551 717 
15 36 117 273 324 538 584 673 712 904 
29 135 164 312 573 592 611 652 778 873 
80 106 107 110 116 127 128 836 898 988 
173 205 316 326 467 471 601 602 842 867 
198 251 385 525 572 595 630 663 693 861 
70 109 122 125 350 497 560 677 727 770 
13 41 68 150 305 310 577 627 891 903 
80 106 107 110 116 127 128 599 866 902 
37 62 85 256 328 352 611 616 627 780 
80 106 107 110 116 127 128 654 700 884 
80 106 107 110 116 127 128 760 771 868 
80 106 107 110 116 127 128 635 725 779 
21 114 131 156 451 454 547 568 648 887 
70 109 122 125 665 789 912 914 935 936 
21 143 167 331 405 464 621 674 692 866 
4 55 60 210 368 526 632 645 820 860 
70 109 122 125 342 394 395 728 740 921 
80 106 107 110 116 127 128 510 870 963 
209 223 270 340 387 833 849 891 900 906 
70 109 122 125 290 390 462 817 894 987 
80 106 107 110 116 127 128 684 816 937 
21 157 212 279 560 693 793 823 888 971 
80 106 107 110 116 127 128 594 912 941 
39 95 222 226 254 357 748 849 896 993 
80 106 107 110 116 127 128 868 922 998 
116 139 212 264 353 437 438 483 718 907 
190 315 420 483 490 511 553 726 810 901 
80 106 107 110 116 127 128 610 845 893 
345 398 409 462 686 761 772 840 921 936 
70 109 122 125 221 321 400 489 870 975 
80 106 107 110 116 127 128 865 866 950 
70 109 122 125 434 449 475 571 748 992 
2 79 281 378 398 584 697 776 833 884 
171 176 312 335 342 528 549 621 655 938 
70 109 122 125 571 612 649 742 796 891 
70 202 526 537 685 770 895 901 908 929 
70 109 122 125 318 523 755 806 885 967 
106 233 271 388 478 490 510 616 722 806 
104 115 124 484 510 578 584 632 870 952 
104 115 124 599 623 647 753 761 854 952 
80 106 107 110 116 127 128 764 883 957 
11 13 169 209 221 640 747 856 958 985 
80 106 107 110 116 127 128 943 949 966 
36 70 95 206 325 366 447 550 709 882 
80 106 107 110 116 127 128 777 785 843 
47 59 172 231 289 309 359 504 806 844 
104 115 124 158 501 656 664 833 898 951 
116 142 308 330 477 479 647 668 670 859 
30 88 200 261 340 461 556 587 663 706 
100 243 258 443 547 706 748 768 782 893 
85 131 387 454 570 695 702 704 841 883 
179 367 471 672 674 679 700 731 935 981 
3 26 170 306 342 421 606 701 860 926 
7 108 331 361 376 444 601 665 752 936 
96 132 483 516 581 614 658 750 753 900 
80 106 107 110 116 127 128 727 746 988 
45 71 87 398 522 595 691 717 835 884 
93 145 185 187 215 454 541 825 868 932 
70 109 122 125 116 127 128 526 547 549 
80 106 107 110 116 127 128 669 675 822 
23 126 156 197 253 278 691 769 852 853 
70 109 122 125 116 127 128 626 636 662 
8 203 207 313 570 695 750 797 874 922 
80 106 107 110 116 127 128 777 885 928 
70 109 122 125 471 482 621 636 866 991 
70 109 122 125 116 127 128 822 847 848 
70 109 122 125 650 705 776 849 927 942 
36 63 259 345 504 568 670 736 807 969 
52 75 97 180 238 495 572 587 708 747 
49 152 208 410 490 657 732 809 819 852 
67 227 253 533 682 709 720 816 888 904 
