80 106 107 110 116 127 128 705 771 898 
70 109 122 125 116 127 128 846 850 941 
80 106 107 110 116 127 128 237 725 820 
70 109 122 125 116 127 128 944 949 981 
70 109 122 125 116 127 128 773 904 906 
80 106 107 110 116 127 128 702 783 833 
70 109 122 125 116 127 128 581 650 831 
70 109 122 125 116 127 128 736 795 920 
80 106 107 110 116 127 128 836 910 954 
70 109 122 125 116 127 128 790 808 885 
2 79 107 110 116 127 128 787 805 977 
2 79 107 110 116 127 128 827 961 971 
2 79 107 110 116 127 128 693 981 993 
80 106 107 110 116 127 128 725 859 922 
80 106 107 110 116 127 128 627 965 988 
80 106 107 110 116 127 128 553 700 984 
80 106 107 110 116 127 128 576 579 975 
80 106 107 110 116 127 128 736 764 798 
70 109 122 125 116 127 128 805 889 928 
80 106 107 110 116 127 128 406 787 910 
80 106 107 110 116 127 128 449 657 826 
80 106 107 110 116 127 128 712 717 912 
70 109 122 125 116 127 128 562 820 832 
80 106 107 110 116 127 128 746 960 985 
80 106 107 110 116 127 128 792 953 978 
70 109 122 125 116 127 128 762 824 950 
80 106 107 110 116 127 128 718 906 934 
70 109 122 125 116 127 128 771 970 983 
2 79 107 110 116 127 128 447 769 918 
70 109 122 125 116 127 128 814 889 937 
70 109 122 125 116 127 128 588 865 956 
70 109 122 125 116 127 128 651 776 934 
80 106 107 110 116 127 128 780 807 909 
70 109 122 125 116 127 128 600 756 801 
80 106 107 110 116 127 128 912 956 989 
80 106 107 110 116 127 128 661 767 877 
80 106 107 110 116 127 128 829 861 979 
80 106 107 110 116 127 128 781 813 822 
80 106 107 110 116 127 128 852 866 883 
80 106 107 110 116 127 128 722 843 916 
80 106 107 110 116 127 128 603 785 835 
70 109 122 125 116 127 128 826 914 971 
80 106 107 110 116 127 128 614 716 930 
80 106 107 110 116 127 128 854 865 893 
70 109 122 125 116 127 128 888 902 999 
80 106 107 110 116 127 128 825 874 876 
80 106 107 110 116 127 128 689 866 950 
80 106 107 110 116 127 128 588 622 764 
80 106 107 110 116 127 128 715 889 929 
80 106 107 110 116 127 128 583 670 996 
70 109 122 125 116 127 128 618 654 862 
80 106 107 110 116 127 128 731 782 948 
70 109 122 125 116 127 128 453 496 850 
70 109 122 125 116 127 128 804 854 983 
80 106 107 110 116 127 128 832 880 954 
70 109 122 125 116 127 128 828 862 883 
80 106 107 110 116 127 128 767 858 871 
2 79 107 110 116 127 128 834 873 933 
80 106 107 110 116 127 128 849 858 968 
70 109 122 125 116 127 128 627 656 805 
80 106 107 110 116 127 128 663 807 936 
80 106 107 110 116 127 128 746 747 967 
80 106 107 110 116 127 128 823 835 904 
70 109 122 125 116 127 128 632 817 889 
2 79 122 125 116 127 128 665 776 897 
70 109 122 125 116 127 128 790 877 977 
70 109 122 125 116 127 128 627 904 985 
80 106 107 110 116 127 128 583 701 798 
70 109 122 125 116 127 128 849 967 980 
104 115 124 110 116 127 128 851 894 958 
80 106 107 110 116 127 128 927 946 993 
104 115 124 110 116 127 128 813 899 1000 
80 106 107 110 116 127 128 848 934 966 
70 109 122 125 116 127 128 580 823 992 
80 106 107 110 116 127 128 971 984 986 
70 109 122 125 116 127 128 699 848 965 
2 79 122 125 116 127 128 960 965 973 
80 106 107 110 116 127 128 776 811 947 
2 79 107 110 116 127 128 854 942 977 
80 106 107 110 116 127 128 928 938 1000 
80 106 107 110 116 127 128 353 665 893 
70 109 122 125 116 127 128 866 921 966 
80 106 107 110 116 127 128 681 847 955 
2 79 107 110 116 127 128 462 591 701 
70 109 122 125 116 127 128 909 964 977 
80 106 107 110 116 127 128 636 830 914 
2 79 122 125 116 127 128 414 570 835 
80 106 107 110 116 127 128 499 867 954 
80 106 107 110 116 127 128 644 731 944 
70 109 122 125 116 127 128 815 902 909 
70 109 122 125 116 127 128 821 900 977 
80 106 107 110 116 127 128 923 947 996 
80 106 107 110 116 127 128 689 855 909 
70 109 122 125 116 127 128 863 960 993 
80 106 107 110 116 127 128 400 579 975 
70 109 122 125 116 127 128 650 727 864 
80 106 107 110 116 127 128 578 639 998 
80 106 107 110 116 127 128 636 692 932 
70 109 122 125 116 127 128 627 864 897 
80 106 107 110 116 127 128 584 832 899 
70 109 122 125 116 127 128 639 761 993 
70 109 122 125 116 127 128 745 846 954 
70 109 122 125 116 127 128 807 872 988 
70 109 122 125 116 127 128 784 896 958 
80 106 107 110 116 127 128 569 579 1000 
80 106 107 110 116 127 128 677 687 835 
70 109 122 125 116 127 128 534 570 989 
80 106 107 110 116 127 128 797 849 991 
80 106 107 110 116 127 128 391 721 845 
80 106 107 110 116 127 128 845 862 900 
70 109 122 125 116 127 128 846 927 943 
80 106 107 110 116 127 128 682 799 989 
80 106 107 110 116 127 128 836 935 951 
70 109 122 125 116 127 128 771 861 942 
70 109 122 125 116 127 128 708 860 930 
80 106 107 110 116 127 128 591 645 963 
70 109 122 125 116 127 128 885 915 926 
80 106 107 110 116 127 128 774 775 938 
80 106 107 110 116 127 128 806 903 952 
80 106 107 110 116 127 128 901 918 945 
80 106 107 110 116 127 128 729 750 924 
70 109 122 125 116 127 128 421 621 741 
80 106 107 110 116 127 128 710 714 830 
80 106 107 110 116 127 128 693 957 986 
70 109 122 125 116 127 128 707 770 875 
2 79 107 110 116 127 128 855 954 986 
70 109 122 125 116 127 128 889 892 925 
80 106 107 110 116 127 128 659 681 925 
80 106 107 110 116 127 128 822 836 927 
80 106 107 110 116 127 128 745 855 978 
80 106 107 110 116 127 128 750 886 923 
2 79 122 125 116 127 128 674 716 814 
80 106 107 110 116 127 128 737 800 915 
2 79 122 125 116 127 128 853 857 878 
70 109 122 125 116 127 128 889 890 934 
80 106 107 110 116 127 128 852 893 958 
70 109 122 125 116 127 128 740 742 985 
80 106 107 110 116 127 128 846 916 984 
80 106 107 110 116 127 128 825 932 966 
80 106 107 110 116 127 128 790 860 984 
2 79 107 110 116 127 128 850 865 919 
80 106 107 110 116 127 128 828 891 932 
70 109 122 125 116 127 128 493 611 830 
70 109 122 125 116 127 128 670 706 859 
80 106 107 110 116 127 128 673 860 869 
80 106 107 110 116 127 128 732 773 983 
80 106 107 110 116 127 128 842 946 960 
70 109 122 125 116 127 128 533 892 916 
2 79 107 110 116 127 128 891 907 970 
70 109 122 125 116 127 128 861 946 980 
80 106 107 110 116 127 128 808 903 920 
70 109 122 125 116 127 128 675 838 852 
70 109 122 125 116 127 128 816 876 952 
80 106 107 110 116 127 128 685 708 985 
80 106 107 110 116 127 128 877 913 978 
70 109 122 125 116 127 128 792 877 942 
70 109 122 125 116 127 128 963 974 980 
2 79 107 110 116 127 128 850 853 879 
80 106 107 110 116 127 128 704 757 986 
80 106 107 110 116 127 128 855 907 990 
80 106 107 110 116 127 128 672 825 982 
80 106 107 110 116 127 128 747 818 968 
80 106 107 110 116 127 128 580 699 880 
80 106 107 110 116 127 128 491 835 983 
80 106 107 110 116 127 128 519 606 645 
80 106 107 110 116 127 128 871 886 999 
80 106 107 110 116 127 128 680 818 849 
70 109 122 125 116 127 128 904 977 1000 
80 106 107 110 116 127 128 630 753 977 
80 106 107 110 116 127 128 912 946 954 
70 109 122 125 116 127 128 810 954 969 
70 109 122 125 116 127 128 772 810 922 
70 109 122 125 116 127 128 535 644 871 
80 106 107 110 116 127 128 333 392 567 
80 106 107 110 116 127 128 673 811 920 
70 109 122 125 116 127 128 610 633 807 
80 106 107 110 116 127 128 645 742 886 
80 106 107 110 116 127 128 735 795 963 
70 109 122 125 116 127 128 911 934 973 
80 106 107 110 116 127 128 874 880 911 
80 106 107 110 116 127 128 851 875 947 
80 106 107 110 116 127 128 607 645 853 
80 106 107 110 116 127 128 871 911 919 
80 106 107 110 116 127 128 566 710 747 
70 109 122 125 116 127 128 717 856 863 
70 109 122 125 116 127 128 316 402 468 
70 109 122 125 116 127 128 693 918 972 
70 109 122 125 116 127 128 810 845 879 
80 106 107 110 116 127 128 726 758 866 
80 106 107 110 116 127 128 808 875 908 
80 106 107 110 116 127 128 695 751 963 
70 109 122 125 116 127 128 665 890 931 
2 79 107 110 116 127 128 816 925 943 
80 106 107 110 116 127 128 716 868 988 
104 115 124 110 116 127 128 656 951 996 
70 109 122 125 116 127 128 658 673 805 
70 109 122 125 116 127 128 898 967 988 
2 79 107 110 116 127 128 801 816 896 
80 106 107 110 116 127 128 919 923 928 
80 106 107 110 116 127 128 841 887 978 
70 109 122 125 116 127 128 774 926 991 
70 109 122 125 116 127 128 726 733 907 
70 109 122 125 116 127 128 708 752 936 
80 106 107 110 116 127 128 654 661 685 
80 106 107 110 116 127 128 681 969 998 
2 79 107 110 116 127 128 766 931 940 
70 109 122 125 116 127 128 765 928 955 
80 106 107 110 116 127 128 868 877 937 
70 109 122 125 116 127 128 828 858 895 
70 109 122 125 116 127 128 710 891 989 
80 106 107 110 116 127 128 745 756 861 
70 109 122 125 116 127 128 871 914 928 
104 115 124 110 116 127 128 762 807 920 
80 106 107 110 116 127 128 807 856 930 
70 109 122 125 116 127 128 729 942 948 
70 109 122 125 116 127 128 673 763 979 
80 106 107 110 116 127 128 711 712 772 
80 106 107 110 116 127 128 795 879 949 
70 109 122 125 116 127 128 772 893 918 
80 106 107 110 116 127 128 488 613 712 
70 109 122 125 116 127 128 720 881 900 
2 79 122 125 116 127 128 798 835 996 
70 109 122 125 116 127 128 808 831 886 
70 109 122 125 116 127 128 713 863 910 
80 106 107 110 116 127 128 590 683 760 
70 109 122 125 116 127 128 788 873 875 
104 115 124 110 116 127 128 690 719 975 
2 79 107 110 116 127 128 852 898 963 
70 109 122 125 116 127 128 694 906 981 
80 106 107 110 116 127 128 417 651 708 
80 106 107 110 116 127 128 872 877 912 
80 106 107 110 116 127 128 615 828 872 
80 106 107 110 116 127 128 747 818 840 
80 106 107 110 116 127 128 904 953 978 
80 106 107 110 116 127 128 667 870 914 
70 109 122 125 116 127 128 764 935 991 
80 106 107 110 116 127 128 864 918 960 
2 79 122 125 116 127 128 883 967 997 
80 106 107 110 116 127 128 740 805 949 
70 109 122 125 116 127 128 547 663 949 
80 106 107 110 116 127 128 754 913 940 
80 106 107 110 116 127 128 618 690 972 
80 106 107 110 116 127 128 606 726 933 
104 115 124 110 116 127 128 924 933 980 
70 109 122 125 116 127 128 727 905 996 
80 106 107 110 116 127 128 623 638 686 
80 106 107 110 116 127 128 656 715 833 
80 106 107 110 116 127 128 908 977 1000 
80 106 107 110 116 127 128 721 777 965 
70 109 122 125 116 127 128 697 811 883 
80 106 107 110 116 127 128 817 919 925 
2 79 122 125 116 127 128 649 791 942 
70 109 122 125 116 127 128 747 896 988 
70 109 122 125 116 127 128 571 592 643 
2 79 107 110 116 127 128 889 910 995 
80 106 107 110 116 127 128 491 919 987 
70 109 122 125 116 127 128 871 899 951 
80 106 107 110 116 127 128 785 799 816 
80 106 107 110 116 127 128 782 884 931 
80 106 107 110 116 127 128 685 869 934 
70 109 122 125 116 127 128 743 891 914 
70 109 122 125 116 127 128 781 844 967 
70 109 122 125 116 127 128 707 930 959 
70 109 122 125 116 127 128 557 722 848 
80 106 107 110 116 127 128 739 756 1000 
80 106 107 110 116 127 128 699 938 974 
80 106 107 110 116 127 128 819 937 974 
70 109 122 125 116 127 128 852 866 940 
80 106 107 110 116 127 128 599 648 762 
80 106 107 110 116 127 128 469 588 857 
70 109 122 125 116 127 128 929 940 980 
80 106 107 110 116 127 128 883 921 958 
80 106 107 110 116 127 128 607 706 838 
80 106 107 110 116 127 128 733 836 971 
80 106 107 110 116 127 128 671 727 940 
80 106 107 110 116 127 128 768 912 995 
80 106 107 110 116 127 128 671 749 841 
70 109 122 125 116 127 128 878 936 1000 
2 79 107 110 116 127 128 874 896 977 
104 115 124 110 116 127 128 807 938 953 
2 79 122 125 625 705 787 824 841 905 
80 106 107 110 116 127 128 646 773 810 
80 106 107 110 116 127 128 932 953 977 
70 109 122 125 116 127 128 912 934 998 
80 106 107 110 116 127 128 830 837 996 
70 109 122 125 116 127 128 381 622 845 
80 106 107 110 116 127 128 737 766 926 
80 106 107 110 116 127 128 860 935 940 
80 106 107 110 116 127 128 840 851 921 
70 109 122 125 116 127 128 760 773 983 
70 109 122 125 116 127 128 655 821 912 
70 109 122 125 116 127 128 625 661 979 
80 106 107 110 116 127 128 761 851 893 
70 109 122 125 116 127 128 815 836 943 
70 109 122 125 116 127 128 871 959 965 
80 106 107 110 116 127 128 568 735 999 
80 106 107 110 116 127 128 773 794 915 
80 106 107 110 116 127 128 703 867 910 
80 106 107 110 116 127 128 734 791 857 
80 106 107 110 116 127 128 769 782 906 
80 106 107 110 116 127 128 696 786 839 
70 109 122 125 116 127 128 672 744 926 
80 106 107 110 116 127 128 807 889 982 
2 79 107 110 116 127 128 907 910 921 
80 106 107 110 116 127 128 906 937 967 
70 109 122 125 116 127 128 666 748 884 
80 106 107 110 116 127 128 507 647 669 
70 109 122 125 116 127 128 764 806 975 
70 109 122 125 116 127 128 770 853 949 
70 109 122 125 116 127 128 754 845 861 
80 106 107 110 116 127 128 812 908 960 
70 109 122 125 116 127 128 740 887 900 
70 109 122 125 116 127 128 809 850 882 
70 109 122 125 116 127 128 855 872 945 
70 109 122 125 116 127 128 793 866 934 
80 106 107 110 116 127 128 796 865 895 
80 106 107 110 116 127 128 691 902 932 
80 106 107 110 116 127 128 888 984 992 
80 106 107 110 116 127 128 750 766 910 
80 106 107 110 116 127 128 553 616 846 
80 106 107 110 116 127 128 700 820 884 
70 109 122 125 116 127 128 755 895 966 
70 109 122 125 116 127 128 660 703 797 
80 106 107 110 116 127 128 772 951 998 
2 79 107 110 116 127 128 581 629 731 
70 109 122 125 116 127 128 713 766 996 
80 106 107 110 116 127 128 712 895 993 
80 106 107 110 116 127 128 790 868 885 
80 106 107 110 116 127 128 759 773 902 
2 79 107 110 116 127 128 716 735 806 
70 109 122 125 116 127 128 584 835 957 
70 109 122 125 116 127 128 856 863 927 
80 106 107 110 116 127 128 743 889 992 
80 106 107 110 116 127 128 887 918 936 
80 106 107 110 116 127 128 721 756 870 
80 106 107 110 116 127 128 867 902 977 
80 106 107 110 116 127 128 679 770 937 
2 79 107 110 116 127 128 672 783 907 
70 109 122 125 116 127 128 966 990 995 
2 79 107 110 116 127 128 955 970 1000 
70 109 122 125 116 127 128 670 702 975 
2 79 107 110 116 127 128 852 867 983 
80 106 107 110 116 127 128 850 932 941 
80 106 107 110 116 127 128 616 670 735 
70 109 122 125 116 127 128 834 907 1000 
70 109 122 125 116 127 128 769 788 814 
70 109 122 125 116 127 128 717 746 781 
70 109 122 125 116 127 128 757 968 977 
80 106 107 110 116 127 128 694 786 887 
80 106 107 110 116 127 128 696 829 994 
80 106 107 110 116 127 128 731 774 962 
70 109 122 125 116 127 128 717 850 960 
70 109 122 125 116 127 128 665 888 894 
70 109 122 125 116 127 128 625 724 997 
80 106 107 110 116 127 128 625 716 738 
70 109 122 125 116 127 128 559 600 851 
70 109 122 125 116 127 128 407 486 982 
80 106 107 110 116 127 128 626 731 860 
80 106 107 110 116 127 128 489 716 852 
80 106 107 110 116 127 128 599 666 903 
70 109 122 125 116 127 128 726 826 873 
70 109 122 125 116 127 128 666 736 974 
70 109 122 125 116 127 128 686 792 916 
80 106 107 110 116 127 128 830 838 999 
80 106 107 110 116 127 128 743 809 866 
70 109 122 125 116 127 128 822 842 907 
80 106 107 110 116 127 128 527 717 825 
80 106 107 110 116 127 128 820 966 976 
70 109 122 125 116 127 128 727 883 892 
2 79 107 110 116 127 128 827 929 930 
70 109 122 125 116 127 128 780 913 962 
80 106 107 110 116 127 128 643 718 958 
80 106 107 110 116 127 128 765 826 926 
70 109 122 125 116 127 128 703 783 833 
80 106 107 110 116 127 128 822 874 914 
70 109 122 125 116 127 128 676 745 783 
70 109 122 125 116 127 128 637 708 971 
80 106 107 110 116 127 128 817 850 853 
80 106 107 110 116 127 128 716 730 733 
70 109 122 125 116 127 128 722 794 890 
70 109 122 125 116 127 128 789 848 880 
2 79 107 110 116 127 128 753 770 872 
70 109 122 125 116 127 128 712 755 860 
80 106 107 110 116 127 128 791 820 997 
80 106 107 110 116 127 128 517 778 856 
70 109 122 125 116 127 128 881 958 962 
2 79 107 110 116 127 128 558 705 908 
80 106 107 110 116 127 128 750 926 936 
70 109 122 125 116 127 128 750 781 862 
80 106 107 110 116 127 128 877 949 955 
80 106 107 110 116 127 128 721 847 868 
80 106 107 110 116 127 128 862 945 982 
80 106 107 110 116 127 128 655 753 917 
80 106 107 110 116 127 128 870 916 951 
80 106 107 110 116 127 128 557 580 670 
80 106 107 110 116 127 128 505 543 837 
80 106 107 110 116 127 128 531 611 768 
80 106 107 110 116 127 128 559 732 961 
80 106 107 110 116 127 128 802 854 890 
80 106 107 110 116 127 128 887 978 990 
70 109 122 125 116 127 128 898 934 998 
70 109 122 125 444 448 526 643 648 980 
70 109 122 125 116 127 128 795 885 911 
80 106 107 110 116 127 128 584 675 919 
70 109 122 125 116 127 128 679 733 881 
2 79 107 110 116 127 128 851 949 966 
70 109 122 125 116 127 128 723 871 978 
70 109 122 125 116 127 128 735 863 891 
2 79 107 110 116 127 128 612 757 953 
70 109 122 125 116 127 128 755 758 837 
80 106 107 110 116 127 128 847 863 876 
104 115 124 125 116 127 128 941 945 977 
70 109 122 125 116 127 128 817 923 950 
80 106 107 110 116 127 128 564 878 893 
70 109 122 125 116 127 128 708 738 903 
70 109 122 125 116 127 128 911 979 996 
70 109 122 125 116 127 128 662 891 960 
70 109 122 125 116 127 128 694 729 940 
70 109 122 125 116 127 128 619 711 744 
2 79 107 110 116 127 128 824 856 961 
70 109 122 125 116 127 128 470 588 805 
70 109 122 125 116 127 128 656 661 760 
104 115 124 125 116 127 128 930 960 1000 
70 109 122 125 116 127 128 754 819 951 
70 109 122 125 116 127 128 760 778 998 
2 79 122 125 116 127 128 703 806 922 
70 109 122 125 116 127 128 815 820 841 
2 79 107 110 116 127 128 967 987 997 
2 79 122 125 116 127 128 472 551 717 
70 109 122 125 116 127 128 673 712 904 
2 79 107 110 116 127 128 652 778 873 
70 109 122 125 116 127 128 836 898 988 
70 109 122 125 116 127 128 602 842 867 
70 109 122 125 116 127 128 663 693 861 
70 109 122 125 116 127 128 677 727 770 
80 106 107 110 116 127 128 627 891 903 
70 109 122 125 116 127 128 599 866 902 
70 109 122 125 116 127 128 616 627 780 
70 109 122 125 116 127 128 654 700 884 
70 109 122 125 116 127 128 760 771 868 
80 106 107 110 116 127 128 635 725 779 
70 109 122 125 116 127 128 568 648 887 
70 109 122 125 116 127 128 914 935 936 
80 106 107 110 116 127 128 674 692 866 
70 109 122 125 116 127 128 645 820 860 
70 109 122 125 116 127 128 728 740 921 
70 109 122 125 116 127 128 510 870 963 
70 109 122 125 116 127 128 891 900 906 
70 109 122 125 116 127 128 817 894 987 
70 109 122 125 116 127 128 684 816 937 
80 106 107 110 116 127 128 823 888 971 
70 109 122 125 116 127 128 594 912 941 
70 109 122 125 116 127 128 849 896 993 
70 109 122 125 116 127 128 868 922 998 
70 109 122 125 116 127 128 483 718 907 
80 106 107 110 116 127 128 726 810 901 
70 109 122 125 116 127 128 610 845 893 
70 109 122 125 116 127 128 840 921 936 
80 106 107 110 116 127 128 489 870 975 
70 109 122 125 116 127 128 865 866 950 
104 115 124 110 116 127 128 571 748 992 
80 106 107 110 116 127 128 776 833 884 
2 79 107 110 116 127 128 621 655 938 
70 109 122 125 116 127 128 742 796 891 
70 109 122 125 116 127 128 901 908 929 
80 106 107 110 116 127 128 806 885 967 
70 109 122 125 116 127 128 616 722 806 
104 115 124 125 116 127 128 632 870 952 
70 109 122 125 623 647 753 761 854 952 
70 109 122 125 116 127 128 764 883 957 
70 109 122 125 116 127 128 856 958 985 
2 79 107 110 116 127 128 943 949 966 
70 109 122 125 116 127 128 550 709 882 
104 115 124 110 116 127 128 777 785 843 
104 115 124 125 116 127 128 504 806 844 
80 106 107 110 116 127 128 833 898 951 
70 109 122 125 116 127 128 668 670 859 
70 109 122 125 116 127 128 587 663 706 
70 109 122 125 116 127 128 768 782 893 
80 106 107 110 116 127 128 704 841 883 
70 109 122 125 116 127 128 731 935 981 
104 115 124 125 116 127 128 701 860 926 
70 109 122 125 116 127 128 665 752 936 
80 106 107 110 116 127 128 750 753 900 
70 109 122 125 116 127 128 727 746 988 
2 79 122 125 116 127 128 717 835 884 
80 106 107 110 116 127 128 825 868 932 
70 109 122 125 116 127 128 526 547 549 
104 115 124 125 116 127 128 669 675 822 
2 79 122 125 116 127 128 769 852 853 
80 106 107 110 116 127 128 626 636 662 
2 79 122 125 116 127 128 797 874 922 
70 109 122 125 116 127 128 777 885 928 
70 109 122 125 116 127 128 636 866 991 
70 109 122 125 116 127 128 822 847 848 
70 109 122 125 116 127 128 849 927 942 
70 109 122 125 116 127 128 736 807 969 
70 109 122 125 116 127 128 587 708 747 
70 109 122 125 490 657 732 809 819 852 
80 106 107 110 116 127 128 816 888 904 
