107 124 128 399 428 447 610 705 771 898 
107 124 128 377 448 670 750 846 850 941 
107 124 128 86 147 219 223 237 725 820 
107 124 128 743 763 923 939 944 949 981 
107 124 128 719 742 744 764 773 904 906 
107 124 128 272 311 463 531 702 783 833 
107 124 128 302 336 368 538 581 650 831 
107 124 128 339 538 594 695 736 795 920 
107 124 128 351 494 638 658 836 910 954 
107 124 128 597 631 658 675 790 808 885 
107 124 128 419 504 633 686 787 805 977 
107 124 128 273 338 446 816 827 961 971 
107 124 128 339 437 448 505 693 981 993 
107 124 128 365 514 597 607 725 859 922 
107 124 128 182 228 280 476 627 965 988 
107 124 128 234 296 354 515 553 700 984 
107 124 128 244 261 317 388 576 579 975 
107 124 128 429 439 584 735 736 764 798 
107 124 128 591 614 733 798 805 889 928 
107 124 128 269 276 321 368 406 787 910 
107 124 128 256 328 376 431 449 657 826 
107 124 128 336 349 506 657 712 717 912 
107 124 128 222 279 518 526 562 820 832 
107 124 128 305 310 673 738 746 960 985 
107 124 128 543 655 657 754 792 953 978 
107 124 128 401 412 432 529 762 824 950 
107 124 128 269 306 545 690 718 906 934 
107 124 128 640 674 680 698 771 970 983 
107 124 128 160 253 306 437 447 769 918 
107 124 128 424 655 757 771 814 889 937 
107 124 128 228 303 324 538 588 865 956 
107 124 128 178 240 289 311 651 776 934 
107 124 128 481 548 719 737 780 807 909 
107 124 128 284 539 553 565 600 756 801 
107 124 128 631 636 758 872 912 956 989 
107 124 128 554 573 628 658 661 767 877 
107 124 128 523 539 655 768 829 861 979 
107 124 128 335 404 533 679 781 813 822 
107 124 128 574 618 641 688 852 866 883 
107 124 128 188 308 382 464 722 843 916 
107 124 128 400 436 446 556 603 785 835 
107 124 128 570 723 752 760 826 914 971 
107 124 128 497 580 587 602 614 716 930 
107 124 128 509 744 828 839 854 865 893 
107 124 128 189 776 829 877 888 902 999 
107 124 128 387 434 447 745 825 874 876 
107 124 128 394 430 447 475 689 866 950 
107 124 128 128 153 361 367 588 622 764 
107 124 128 314 407 573 697 715 889 929 
107 124 128 257 289 426 514 583 670 996 
107 124 128 329 375 450 553 618 654 862 
107 124 128 264 425 549 623 731 782 948 
107 124 128 185 252 272 366 453 496 850 
107 124 128 207 417 425 543 804 854 983 
107 124 128 302 439 511 544 832 880 954 
107 124 128 479 595 767 783 828 862 883 
107 124 128 136 137 203 633 767 858 871 
107 124 128 536 576 578 588 834 873 933 
107 124 128 741 755 768 811 849 858 968 
107 124 128 331 373 385 614 627 656 805 
107 124 128 464 509 532 625 663 807 936 
107 124 128 489 587 601 616 746 747 967 
107 124 128 308 458 616 649 823 835 904 
107 124 128 320 345 380 436 632 817 889 
107 124 128 215 381 383 461 665 776 897 
107 124 128 383 423 439 753 790 877 977 
107 124 128 251 340 470 574 627 904 985 
107 124 128 294 300 347 574 583 701 798 
107 124 128 353 371 427 592 849 967 980 
107 124 128 327 398 399 646 851 894 958 
107 124 128 244 284 545 775 927 946 993 
107 124 128 445 476 483 786 813 899 1000 
107 124 128 437 454 658 767 848 934 966 
107 124 128 243 445 553 574 580 823 992 
107 124 128 337 515 658 766 971 984 986 
107 124 128 461 533 559 641 699 848 965 
107 124 128 613 670 725 958 960 965 973 
107 124 128 292 358 487 673 776 811 947 
107 124 128 491 581 654 814 854 942 977 
107 124 128 793 814 852 874 928 938 1000 
107 124 128 241 243 274 279 353 665 893 
107 124 128 419 460 681 737 866 921 966 
107 124 128 195 443 486 633 681 847 955 
107 124 128 206 346 369 442 462 591 701 
107 124 128 285 395 828 877 909 964 977 
107 124 128 481 586 617 628 636 830 914 
107 124 128 163 189 291 348 414 570 835 
107 124 128 355 403 426 491 499 867 954 
107 124 128 491 507 567 596 644 731 944 
107 124 128 397 490 593 696 815 902 909 
107 124 128 551 656 659 777 821 900 977 
107 124 128 426 685 696 732 923 947 996 
107 124 128 404 594 637 685 689 855 909 
107 124 128 474 652 838 856 863 960 993 
107 124 128 188 190 199 208 400 579 975 
107 124 128 366 444 572 610 650 727 864 
107 124 128 320 410 416 421 578 639 998 
107 124 128 129 217 311 540 636 692 932 
107 124 128 277 458 460 553 627 864 897 
107 124 128 315 344 516 574 584 832 899 
21 115 313 355 422 423 495 639 761 993 
21 312 345 438 542 652 731 745 846 954 
55 57 74 146 494 510 574 807 872 988 
65 83 134 449 462 531 705 784 896 958 
88 133 232 297 342 536 558 569 579 1000 
21 131 258 419 501 550 557 677 687 835 
48 188 238 380 410 451 479 534 570 989 
21 463 573 688 714 731 739 797 849 991 
20 75 91 97 115 337 371 391 721 845 
21 72 158 514 545 609 677 845 862 900 
21 143 271 453 531 616 695 846 927 943 
54 67 160 265 295 349 353 682 799 989 
36 159 280 335 557 641 658 836 935 951 
20 75 91 97 115 361 728 771 861 942 
44 136 245 276 302 324 566 708 860 930 
139 209 409 412 433 442 534 591 645 963 
21 132 158 200 287 371 535 885 915 926 
88 93 118 121 122 123 125 127 775 938 
54 242 412 426 427 700 795 806 903 952 
20 75 91 97 115 730 823 901 918 945 
21 202 247 371 635 700 702 729 750 924 
50 227 262 263 333 342 405 421 621 741 
20 75 91 97 115 267 338 710 714 830 
21 386 589 594 655 657 670 693 957 986 
99 130 162 290 388 449 540 707 770 875 
129 413 460 462 634 791 804 855 954 986 
21 80 472 557 596 609 864 889 892 925 
130 162 220 394 470 584 640 659 681 925 
21 232 347 358 476 516 809 822 836 927 
21 113 191 408 463 645 668 745 855 978 
76 111 377 425 440 705 735 750 886 923 
52 134 283 390 422 533 626 674 716 814 
21 164 344 383 549 616 626 737 800 915 
23 368 411 437 467 688 761 853 857 878 
21 205 268 274 307 604 622 889 890 934 
21 130 267 450 587 751 777 852 893 958 
99 126 386 540 580 702 709 740 742 985 
20 75 91 97 115 480 577 846 916 984 
117 274 290 380 543 624 677 825 932 966 
75 121 457 630 698 759 781 790 860 984 
21 24 28 35 172 730 739 850 865 919 
21 190 391 637 749 780 814 828 891 932 
71 111 142 160 194 235 431 493 611 830 
302 304 323 429 542 577 661 670 706 859 
21 160 197 206 340 373 485 673 860 869 
88 93 118 121 122 123 125 127 773 983 
21 76 122 168 298 536 736 842 946 960 
54 90 148 173 279 340 487 533 892 916 
21 199 202 222 247 398 759 891 907 970 
84 165 260 305 412 784 818 861 946 980 
215 350 520 531 573 701 705 808 903 920 
12 107 356 362 488 513 619 675 838 852 
329 459 637 672 741 765 792 816 876 952 
106 395 401 416 523 537 641 685 708 985 
96 291 337 574 651 747 806 877 913 978 
21 183 206 294 416 721 729 792 877 942 
7 17 50 238 345 378 516 963 974 980 
21 36 100 113 124 442 692 850 853 879 
21 71 164 265 425 642 674 704 757 986 
21 138 309 474 530 647 703 855 907 990 
87 90 187 206 276 642 666 672 825 982 
20 75 91 97 115 615 715 747 818 968 
20 75 91 97 115 463 498 580 699 880 
21 59 143 201 218 292 469 491 835 983 
21 9 215 283 300 356 436 519 606 645 
142 317 491 582 663 739 821 871 886 999 
20 75 91 97 115 612 675 680 818 849 
20 75 91 97 115 823 838 904 977 1000 
117 154 352 357 472 598 609 630 753 977 
21 217 377 472 575 638 879 912 946 954 
20 75 91 97 115 604 755 810 954 969 
21 309 383 411 570 601 650 772 810 922 
21 68 115 117 129 205 308 535 644 871 
21 94 132 133 145 183 315 333 392 567 
21 233 302 347 412 445 637 673 811 920 
20 75 91 97 115 446 515 610 633 807 
21 60 69 182 200 234 344 645 742 886 
27 75 186 214 250 283 725 735 795 963 
21 232 308 475 773 780 855 911 934 973 
238 282 319 322 376 505 608 874 880 911 
68 138 285 294 321 441 470 851 875 947 
68 70 95 107 137 352 553 607 645 853 
10 130 167 252 403 504 535 871 911 919 
21 53 78 147 263 404 526 566 710 747 
20 75 91 97 115 627 710 717 856 863 
21 31 93 134 196 270 293 316 402 468 
21 241 329 488 562 625 652 693 918 972 
21 18 99 278 286 691 789 810 845 879 
36 103 228 252 326 381 427 726 758 866 
21 44 177 227 243 364 424 808 875 908 
110 196 310 356 446 514 653 695 751 963 
21 320 429 439 481 513 556 665 890 931 
21 242 311 318 436 443 486 816 925 943 
221 274 314 359 572 609 650 716 868 988 
25 102 235 256 316 331 504 656 951 996 
131 156 190 360 367 557 652 658 673 805 
88 93 118 121 122 123 125 127 967 988 
20 53 105 165 346 578 740 801 816 896 
21 184 561 617 661 809 892 919 923 928 
193 493 548 589 607 737 812 841 887 978 
160 264 297 335 353 408 451 774 926 991 
253 261 281 394 437 575 719 726 733 907 
130 237 324 361 624 687 688 708 752 936 
77 92 125 183 330 452 499 654 661 685 
20 75 91 97 115 225 338 681 969 998 
98 188 207 301 559 751 760 766 931 940 
205 244 362 422 529 607 659 765 928 955 
20 75 91 97 115 774 810 868 877 937 
397 428 523 649 676 751 818 828 858 895 
88 93 118 121 122 123 125 127 891 989 
29 89 113 291 396 585 661 745 756 861 
88 93 118 121 122 123 125 127 914 928 
209 323 376 493 509 633 714 762 807 920 
290 342 347 400 495 531 676 807 856 930 
88 93 118 121 122 123 125 127 942 948 
40 85 87 182 349 456 622 673 763 979 
94 170 286 575 585 599 641 711 712 772 
55 77 495 512 541 668 720 795 879 949 
282 400 576 629 674 736 745 772 893 918 
34 186 291 325 335 402 427 488 613 712 
54 92 273 357 572 675 683 720 881 900 
17 72 231 397 463 507 668 798 835 996 
158 165 175 380 444 596 800 808 831 886 
92 105 182 189 361 525 576 713 863 910 
20 75 91 97 115 369 473 590 683 760 
131 212 229 253 264 615 767 788 873 875 
99 126 257 378 386 618 689 690 719 975 
19 319 330 420 652 788 801 852 898 963 
82 367 414 475 502 530 616 694 906 981 
4 52 67 179 194 302 403 417 651 708 
20 75 91 97 115 738 821 872 877 912 
20 75 91 97 115 478 494 615 828 872 
50 129 207 280 397 506 669 747 818 840 
184 387 511 587 657 666 791 904 953 978 
20 75 91 97 115 596 621 667 870 914 
93 379 401 509 582 636 674 764 935 991 
95 248 336 470 485 746 810 864 918 960 
55 229 397 469 484 556 833 883 967 997 
396 459 590 655 689 712 722 740 805 949 
52 250 251 301 339 413 534 547 663 949 
26 216 232 257 411 499 679 754 913 940 
1 197 281 406 449 525 611 618 690 972 
145 371 435 448 451 467 592 606 726 933 
20 75 91 97 115 747 897 924 933 980 
50 61 197 321 322 478 710 727 905 996 
23 106 136 261 329 578 593 623 638 686 
99 126 395 486 497 554 576 656 715 833 
179 251 312 313 360 710 870 908 977 1000 
80 254 391 479 523 595 718 721 777 965 
69 90 110 133 545 621 626 697 811 883 
19 159 295 372 424 498 628 817 919 925 
20 75 91 97 115 363 419 649 791 942 
20 75 91 97 115 502 682 747 896 988 
99 126 232 240 329 437 454 571 592 643 
20 75 91 97 115 628 804 889 910 995 
20 75 91 97 115 343 400 491 919 987 
171 254 396 401 475 525 779 871 899 951 
265 333 379 486 598 603 680 785 799 816 
107 153 233 323 528 619 713 782 884 931 
20 75 91 97 115 401 452 685 869 934 
20 75 91 97 115 580 612 743 891 914 
90 136 259 280 289 439 514 781 844 967 
196 315 346 455 544 614 698 707 930 959 
88 93 118 121 122 123 125 127 722 848 
61 63 76 190 207 361 411 739 756 1000 
20 75 91 97 115 166 544 699 938 974 
162 217 250 304 333 735 743 819 937 974 
89 182 234 324 522 623 650 852 866 940 
19 41 47 297 401 527 564 599 648 762 
19 34 176 198 328 405 420 469 588 857 
33 55 62 211 308 381 658 929 940 980 
88 93 118 121 122 123 125 127 921 958 
229 361 447 459 467 480 535 607 706 838 
5 97 256 266 296 382 726 733 836 971 
14 99 118 119 423 462 471 671 727 940 
20 75 91 97 115 599 676 768 912 995 
15 101 245 304 436 483 626 671 749 841 
20 75 91 97 115 736 751 878 936 1000 
20 75 91 97 115 568 598 874 896 977 
20 75 91 97 115 618 679 807 938 953 
53 186 400 458 625 705 787 824 841 905 
184 286 287 395 435 552 585 646 773 810 
47 96 153 454 691 892 921 932 953 977 
88 93 118 121 122 123 125 127 934 998 
20 75 91 97 115 754 785 830 837 996 
20 75 91 97 115 259 338 381 622 845 
20 75 91 97 115 571 603 737 766 926 
195 280 307 370 498 609 825 860 935 940 
20 75 91 97 115 699 715 840 851 921 
20 75 91 97 115 349 688 760 773 983 
284 393 492 571 596 619 634 655 821 912 
82 199 388 400 469 515 571 625 661 979 
60 78 100 545 685 730 736 761 851 893 
351 433 563 579 698 734 779 815 836 943 
55 128 694 711 724 761 796 871 959 965 
88 93 118 121 122 123 125 127 735 999 
82 92 195 550 579 581 744 773 794 915 
229 281 331 466 597 622 679 703 867 910 
39 201 235 298 348 398 478 734 791 857 
20 75 91 97 115 497 517 769 782 906 
20 75 91 97 115 327 368 696 786 839 
54 70 128 138 271 329 526 672 744 926 
16 65 76 179 542 580 668 807 889 982 
148 199 272 358 423 508 679 907 910 921 
20 75 91 97 115 806 858 906 937 967 
20 75 91 97 115 577 648 666 748 884 
70 94 201 212 219 299 489 507 647 669 
42 189 275 325 364 603 675 764 806 975 
86 224 332 416 419 573 678 770 853 949 
58 164 319 328 467 608 750 754 845 861 
20 75 91 97 115 666 784 812 908 960 
99 126 138 209 237 528 712 740 887 900 
68 179 201 251 253 375 668 809 850 882 
33 243 406 509 522 768 845 855 872 945 
28 101 117 232 388 527 588 793 866 934 
232 312 355 535 553 675 687 796 865 895 
55 69 257 328 373 384 424 691 902 932 
29 156 162 211 336 382 583 888 984 992 
50 136 211 487 537 687 726 750 766 910 
3 26 82 368 431 478 494 553 616 846 
20 75 91 97 115 513 533 700 820 884 
92 135 159 364 491 526 563 755 895 966 
134 143 295 314 459 630 637 660 703 797 
6 107 221 260 384 448 501 772 951 998 
35 60 132 140 364 536 572 581 629 731 
20 75 91 97 115 444 543 713 766 996 
20 75 91 97 115 661 706 712 895 993 
22 51 149 219 516 634 690 790 868 885 
20 75 91 97 115 580 659 759 773 902 
20 75 91 97 115 563 658 716 735 806 
20 75 91 97 115 512 519 584 835 957 
17 49 71 118 294 687 692 856 863 927 
25 84 119 233 326 482 556 743 889 992 
257 346 553 645 669 780 818 887 918 936 
97 104 263 271 376 607 640 721 756 870 
125 326 345 470 512 594 699 867 902 977 
99 126 446 520 558 567 641 679 770 937 
18 161 221 251 255 581 586 672 783 907 
419 515 642 866 900 901 930 966 990 995 
79 406 598 718 789 815 864 955 970 1000 
25 132 237 329 422 497 558 670 702 975 
65 232 246 302 332 422 825 852 867 983 
20 133 177 301 311 695 746 850 932 941 
78 146 225 251 300 356 406 616 670 735 
39 223 460 499 699 746 758 834 907 1000 
20 75 91 97 115 432 519 769 788 814 
20 75 91 97 115 673 703 717 746 781 
20 75 91 97 115 408 694 757 968 977 
24 90 140 398 414 538 578 694 786 887 
86 91 345 365 409 540 595 696 829 994 
15 213 282 353 494 538 703 731 774 962 
11 48 63 199 203 372 436 717 850 960 
21 66 95 201 547 572 602 665 888 894 
20 75 91 97 115 518 598 625 724 997 
102 138 144 270 341 511 594 625 716 738 
13 36 180 269 329 352 457 559 600 851 
20 75 91 97 115 326 372 407 486 982 
65 193 212 366 473 571 604 626 731 860 
20 75 91 97 115 373 470 489 716 852 
152 158 222 305 376 446 554 599 666 903 
109 168 310 430 581 610 620 726 826 873 
34 86 217 272 340 443 547 666 736 974 
20 75 91 97 115 570 599 686 792 916 
131 174 262 408 499 608 734 830 838 999 
203 287 428 548 614 639 658 743 809 866 
198 204 325 449 557 625 732 822 842 907 
20 75 91 97 115 500 520 527 717 825 
103 116 312 375 648 715 737 820 966 976 
94 200 219 255 304 650 703 727 883 892 
13 38 181 316 529 569 637 827 929 930 
20 75 91 97 115 603 696 780 913 962 
46 58 70 147 220 227 629 643 718 958 
10 100 110 329 397 464 662 765 826 926 
20 75 91 97 115 676 692 703 783 833 
122 218 336 364 588 594 667 822 874 914 
20 75 91 97 115 612 626 676 745 783 
17 71 110 233 394 463 505 637 708 971 
40 71 114 242 587 667 744 817 850 853 
281 338 410 589 598 613 701 716 730 733 
230 274 374 469 602 613 694 722 794 890 
35 87 91 203 317 403 757 789 848 880 
20 75 91 97 115 408 538 753 770 872 
306 358 559 574 617 696 710 712 755 860 
279 366 477 521 594 736 760 791 820 997 
89 104 126 313 346 379 447 517 778 856 
157 159 199 255 337 772 880 881 958 962 
20 75 91 97 115 394 531 558 705 908 
149 167 256 333 412 676 726 750 926 936 
35 183 225 288 392 621 737 750 781 862 
24 43 227 265 451 713 867 877 949 955 
53 74 432 453 527 601 635 721 847 868 
20 75 91 97 115 731 759 862 945 982 
180 272 273 444 602 615 624 655 753 917 
20 75 91 97 115 747 808 870 916 951 
18 151 256 397 447 505 547 557 580 670 
91 202 245 283 325 407 425 505 543 837 
20 75 91 97 115 424 495 531 611 768 
52 68 178 215 237 438 450 559 732 961 
20 75 91 97 115 530 623 802 854 890 
99 126 395 415 516 557 569 887 978 990 
66 139 261 427 507 731 896 898 934 998 
35 338 363 404 444 448 526 643 648 980 
84 131 206 287 460 584 739 795 885 911 
35 39 58 424 431 455 524 584 675 919 
40 74 76 267 278 441 664 679 733 881 
135 206 216 367 468 699 715 851 949 966 
4 481 484 615 638 662 689 723 871 978 
4 119 250 360 373 398 526 735 863 891 
27 245 253 377 453 545 557 612 757 953 
56 183 305 412 481 491 659 755 758 837 
430 540 637 674 676 693 703 847 863 876 
113 188 376 390 681 799 938 941 945 977 
62 88 155 210 259 661 796 817 923 950 
7 55 59 172 226 313 536 564 878 893 
98 290 306 341 365 398 478 708 738 903 
304 415 590 687 716 738 806 911 979 996 
10 33 105 191 544 554 593 662 891 960 
115 196 216 301 466 530 673 694 729 940 
60 237 268 427 584 595 602 619 711 744 
18 293 296 523 537 681 709 824 856 961 
2 24 117 184 262 313 372 470 588 805 
41 107 228 416 442 528 584 656 661 760 
203 348 376 410 451 468 735 930 960 1000 
128 213 313 434 489 602 743 754 819 951 
22 173 226 234 366 440 505 760 778 998 
63 80 92 228 236 581 613 703 806 922 
112 146 330 427 495 542 729 815 820 841 
300 464 568 660 687 842 858 967 987 997 
32 51 174 181 225 427 449 472 551 717 
15 36 117 273 324 538 584 673 712 904 
29 135 164 312 573 592 611 652 778 873 
108 115 134 142 299 628 757 836 898 988 
173 205 316 326 467 471 601 602 842 867 
198 251 385 525 572 595 630 663 693 861 
91 156 204 320 350 497 560 677 727 770 
13 41 68 150 305 310 577 627 891 903 
47 113 332 334 357 526 561 599 866 902 
37 62 85 256 328 352 611 616 627 780 
94 198 348 394 450 569 625 654 700 884 
79 140 219 283 724 726 755 760 771 868 
75 97 142 355 485 556 562 635 725 779 
21 114 131 156 451 454 547 568 648 887 
69 341 579 646 665 789 912 914 935 936 
21 143 167 331 405 464 621 674 692 866 
4 55 60 210 368 526 632 645 820 860 
51 65 100 267 342 394 395 728 740 921 
20 316 354 408 421 466 484 510 870 963 
209 223 270 340 387 833 849 891 900 906 
6 56 99 256 290 390 462 817 894 987 
70 159 365 429 525 603 607 684 816 937 
21 157 212 279 560 693 793 823 888 971 
18 91 114 339 356 389 521 594 912 941 
39 95 222 226 254 357 748 849 896 993 
35 85 121 312 393 804 842 868 922 998 
116 139 212 264 353 437 438 483 718 907 
190 315 420 483 490 511 553 726 810 901 
58 64 268 335 451 492 534 610 845 893 
345 398 409 462 686 761 772 840 921 936 
27 163 185 219 221 321 400 489 870 975 
186 343 664 681 737 790 811 865 866 950 
205 330 357 420 434 449 475 571 748 992 
62 86 281 378 398 584 697 776 833 884 
171 176 312 335 342 528 549 621 655 938 
72 327 407 475 571 612 649 742 796 891 
70 202 526 537 685 770 895 901 908 929 
28 126 193 257 318 523 755 806 885 967 
106 233 271 388 478 490 510 616 722 806 
10 69 309 484 510 578 584 632 870 952 
121 156 255 599 623 647 753 761 854 952 
15 153 260 293 483 503 520 764 883 957 
11 13 169 209 221 640 747 856 958 985 
75 121 343 405 606 662 835 943 949 966 
36 70 95 206 325 366 447 550 709 882 
40 350 456 498 521 701 705 777 785 843 
47 59 172 231 289 309 359 504 806 844 
10 18 85 158 501 656 664 833 898 951 
116 142 308 330 477 479 647 668 670 859 
30 88 200 261 340 461 556 587 663 706 
100 243 258 443 547 706 748 768 782 893 
85 131 387 454 570 695 702 704 841 883 
179 367 471 672 674 679 700 731 935 981 
3 26 170 306 342 421 606 701 860 926 
54 62 331 361 376 444 601 665 752 936 
96 132 483 516 581 614 658 750 753 900 
197 218 448 508 517 608 694 727 746 988 
20 246 318 398 522 595 691 717 835 884 
93 145 185 187 215 454 541 825 868 932 
56 127 231 255 285 329 339 526 547 549 
62 103 346 362 390 449 651 669 675 822 
23 126 156 197 253 278 691 769 852 853 
38 96 184 267 361 379 391 626 636 662 
8 203 207 313 570 695 750 797 874 922 
97 191 217 323 396 627 661 777 885 928 
122 316 410 449 471 482 621 636 866 991 
94 168 395 429 713 733 808 822 847 848 
29 400 573 619 650 705 776 849 927 942 
36 63 259 345 504 568 670 736 807 969 
52 75 97 180 238 495 572 587 708 747 
49 152 208 410 490 657 732 809 819 852 
67 227 253 533 682 709 720 816 888 904 
