168 209 299 399 428 447 610 705 771 898 
227 355 367 377 448 670 750 846 850 941 
11 43 48 50 50 219 223 237 725 820 
25 41 45 50 49 50 939 944 949 981 
25 41 45 50 50 50 50 773 904 906 
48 49 50 48 49 50 531 702 783 833 
11 43 48 50 48 50 50 581 650 831 
40 49 50 50 48 50 695 736 795 920 
25 41 45 50 49 50 50 836 910 954 
21 30 39 48 49 50 50 790 808 885 
50 42 43 48 50 50 686 787 805 977 
25 41 45 50 50 50 50 827 961 971 
34 35 36 48 50 50 505 693 981 993 
21 30 39 48 49 50 50 725 859 922 
11 43 48 50 49 50 476 627 965 988 
34 35 36 50 47 48 50 553 700 984 
26 34 44 47 48 50 388 576 579 975 
48 49 50 48 47 48 50 736 764 798 
48 49 50 48 49 50 49 805 889 928 
48 49 50 50 48 50 368 406 787 910 
40 49 50 45 47 48 50 449 657 826 
25 41 45 50 47 48 50 712 717 912 
20 42 43 48 50 48 50 562 820 832 
34 35 36 47 48 50 50 746 960 985 
21 30 39 48 49 50 50 792 953 978 
48 49 50 45 47 48 50 762 824 950 
50 49 50 50 306 545 690 718 906 934 
18 25 50 50 47 48 50 771 970 983 
48 49 50 47 48 50 437 447 769 918 
21 30 39 48 49 50 771 814 889 937 
40 49 50 50 50 50 49 588 865 956 
25 41 45 50 50 50 311 651 776 934 
48 49 50 45 47 48 50 780 807 909 
25 41 45 50 47 48 50 600 756 801 
20 29 42 43 47 48 49 912 956 989 
34 35 36 50 48 50 658 661 767 877 
34 35 36 50 50 48 50 829 861 979 
40 49 50 48 50 50 679 781 813 822 
34 35 36 50 48 50 50 852 866 883 
40 49 50 50 50 50 464 722 843 916 
25 41 45 50 47 48 50 603 785 835 
37 47 49 50 50 50 760 826 914 971 
21 30 39 48 49 50 50 614 716 930 
25 41 45 50 50 50 839 854 865 893 
48 49 50 48 49 50 877 888 902 999 
20 25 49 50 50 50 50 825 874 876 
25 41 45 50 50 50 475 689 866 950 
21 30 39 48 49 50 50 588 622 764 
48 49 50 48 49 50 697 715 889 929 
37 47 49 50 48 50 514 583 670 996 
25 41 45 50 49 50 553 618 654 862 
50 49 50 45 47 48 50 731 782 948 
25 41 45 50 49 50 366 453 496 850 
34 35 36 45 47 48 50 804 854 983 
21 30 39 48 49 50 50 832 880 954 
20 42 43 48 50 48 50 828 862 883 
21 30 39 48 49 50 633 767 858 871 
48 49 50 50 576 578 588 834 873 933 
34 35 36 50 47 48 50 849 858 968 
21 30 39 48 49 50 614 627 656 805 
21 30 39 48 49 50 50 663 807 936 
34 35 36 50 50 50 616 746 747 967 
25 41 45 50 47 48 50 823 835 904 
21 30 39 48 49 50 436 632 817 889 
37 47 49 50 50 48 50 665 776 897 
48 49 50 50 47 48 50 790 877 977 
20 42 43 48 50 50 574 627 904 985 
48 49 50 48 50 50 574 583 701 798 
20 42 43 48 50 48 50 849 967 980 
21 30 39 48 49 50 646 851 894 958 
20 42 43 48 50 50 775 927 946 993 
21 30 39 48 49 50 786 813 899 1000 
21 30 39 48 49 50 50 848 934 966 
25 41 45 50 47 48 50 580 823 992 
50 21 39 48 49 50 766 971 984 986 
21 30 39 48 49 50 50 699 848 965 
20 42 43 48 50 50 50 960 965 973 
34 35 36 48 50 48 50 776 811 947 
11 43 48 50 49 50 50 854 942 977 
25 41 45 50 49 50 50 928 938 1000 
25 41 45 50 50 50 279 353 665 893 
37 47 49 50 50 50 737 866 921 966 
20 42 43 48 50 48 50 681 847 955 
20 42 43 48 50 48 49 462 591 701 
25 41 45 50 47 48 50 909 964 977 
37 47 49 50 50 50 628 636 830 914 
25 41 45 50 50 50 348 414 570 835 
21 30 39 48 49 50 491 499 867 954 
40 49 50 50 48 50 49 644 731 944 
37 47 49 50 47 48 50 815 902 909 
21 30 39 48 49 50 50 821 900 977 
15 46 49 50 48 50 732 923 947 996 
37 47 49 50 50 48 50 689 855 909 
25 41 45 50 47 48 50 863 960 993 
50 39 42 45 47 48 50 400 579 975 
25 41 45 50 49 50 610 650 727 864 
25 41 45 50 48 50 421 578 639 998 
34 35 36 48 50 48 50 636 692 932 
37 47 49 50 48 50 553 627 864 897 
48 49 50 50 47 48 50 584 832 899 
25 41 45 50 49 50 50 639 761 993 
20 42 43 48 50 48 50 745 846 954 
48 49 50 50 50 510 574 807 872 988 
48 49 50 50 48 50 705 784 896 958 
28 39 42 45 47 48 50 569 579 1000 
40 49 50 50 47 48 50 677 687 835 
48 49 50 50 48 50 479 534 570 989 
30 50 36 45 47 48 50 797 849 991 
20 25 49 50 50 50 49 391 721 845 
25 41 45 50 50 50 677 845 862 900 
28 39 42 45 47 48 50 846 927 943 
26 34 44 47 48 50 50 682 799 989 
20 42 43 48 50 50 50 836 935 951 
28 39 42 45 47 48 50 771 861 942 
21 30 39 48 49 50 566 708 860 930 
26 34 44 47 48 50 534 591 645 963 
34 35 36 48 50 50 50 885 915 926 
48 49 50 47 48 50 50 774 775 938 
21 30 39 48 49 50 50 806 903 952 
40 49 50 47 48 50 50 901 918 945 
20 25 49 50 50 50 49 729 750 924 
4 21 49 50 48 50 405 421 621 741 
20 42 43 48 50 50 50 710 714 830 
50 35 36 48 49 50 50 693 957 986 
21 30 39 48 49 50 50 707 770 875 
20 25 49 50 47 48 50 855 954 986 
21 30 39 48 49 50 50 889 892 925 
50 35 36 50 50 48 49 659 681 925 
20 42 43 48 50 50 809 822 836 927 
26 34 44 47 48 50 668 745 855 978 
20 25 49 50 49 50 735 750 886 923 
4 21 50 48 50 50 626 674 716 814 
26 34 44 47 48 50 50 737 800 915 
38 41 45 50 49 50 50 853 857 878 
36 50 43 48 50 604 622 889 890 934 
48 49 50 50 48 50 777 852 893 958 
4 21 49 50 48 50 50 740 742 985 
48 49 50 50 49 50 50 846 916 984 
4 21 42 45 47 48 50 825 932 966 
28 39 42 45 47 48 50 790 860 984 
4 21 42 45 47 48 50 850 865 919 
20 42 43 48 50 50 50 828 891 932 
48 49 50 50 49 50 50 493 611 830 
4 21 44 47 48 50 50 670 706 859 
28 39 42 45 47 48 50 673 860 869 
37 47 49 50 50 50 644 732 773 983 
26 34 44 47 48 50 50 842 946 960 
30 50 36 48 49 50 50 533 892 916 
50 39 42 45 47 48 50 891 907 970 
34 35 36 50 47 48 50 861 946 980 
20 25 49 50 50 50 50 808 903 920 
21 30 39 48 49 50 50 675 838 852 
4 21 49 50 47 48 50 816 876 952 
38 41 42 45 47 48 50 685 708 985 
34 35 36 48 50 50 50 877 913 978 
21 30 39 48 49 50 50 792 877 942 
28 39 42 45 47 48 50 963 974 980 
50 39 42 45 47 48 50 850 853 879 
48 49 50 45 47 48 50 704 757 986 
48 49 50 50 49 50 50 855 907 990 
40 49 50 48 50 50 666 672 825 982 
21 30 39 48 49 50 50 747 818 968 
20 42 43 48 50 50 498 580 699 880 
50 34 44 47 48 50 50 491 835 983 
50 41 45 50 47 48 50 519 606 645 
34 35 36 48 50 50 821 871 886 999 
4 21 36 48 50 48 50 680 818 849 
34 35 36 45 47 48 50 904 977 1000 
21 30 39 48 49 50 609 630 753 977 
18 25 50 48 50 50 879 912 946 954 
25 41 45 50 48 50 755 810 954 969 
40 49 50 45 47 48 50 772 810 922 
20 42 43 48 50 50 50 535 644 871 
48 49 50 50 47 48 50 333 392 567 
34 35 36 45 47 48 50 673 811 920 
20 42 43 48 50 50 515 610 633 807 
21 30 39 48 49 50 344 645 742 886 
4 21 45 50 250 283 725 735 795 963 
34 35 36 45 47 48 50 911 934 973 
40 49 50 48 49 50 608 874 880 911 
20 42 43 48 50 48 50 851 875 947 
34 35 36 47 48 50 50 607 645 853 
26 34 44 47 48 50 535 871 911 919 
34 35 36 50 50 50 50 566 710 747 
21 30 39 48 49 50 49 717 856 863 
50 49 50 50 196 270 293 316 402 468 
20 42 43 48 50 48 49 693 918 972 
34 35 36 45 47 48 50 810 845 879 
34 35 36 50 50 50 49 726 758 866 
48 49 50 47 48 50 424 808 875 908 
48 49 50 47 48 50 50 695 751 963 
20 25 49 50 48 50 556 665 890 931 
4 21 49 50 49 50 50 816 925 943 
48 49 50 50 50 50 650 716 868 988 
28 39 42 45 47 48 50 656 951 996 
28 39 42 45 47 48 50 658 673 805 
37 47 49 50 47 48 50 898 967 988 
48 49 50 50 47 48 49 801 816 896 
21 30 39 48 49 50 892 919 923 928 
48 49 50 50 49 50 812 841 887 978 
34 35 36 45 47 48 50 774 926 991 
36 50 49 50 48 50 719 726 733 907 
25 31 44 47 48 50 688 708 752 936 
48 49 50 48 49 50 50 654 661 685 
48 50 50 48 48 50 338 681 969 998 
48 49 50 50 49 50 760 766 931 940 
21 30 39 48 49 50 50 765 928 955 
34 35 36 50 631 774 810 868 877 937 
1 33 47 48 50 50 818 828 858 895 
21 30 39 48 49 50 50 710 891 989 
34 35 36 50 47 48 50 745 756 861 
48 49 50 50 468 619 738 871 914 928 
20 25 49 50 47 48 50 762 807 920 
21 30 39 48 49 50 676 807 856 930 
40 49 50 48 50 594 642 729 942 948 
50 41 45 50 49 50 622 673 763 979 
28 39 42 45 47 48 50 711 712 772 
11 43 48 50 50 668 720 795 879 949 
15 46 49 50 48 50 745 772 893 918 
48 49 50 47 48 50 427 488 613 712 
26 34 44 47 48 50 49 720 881 900 
1 33 47 48 463 507 668 798 835 996 
50 49 50 50 50 596 800 808 831 886 
50 35 36 45 48 50 576 713 863 910 
34 35 36 48 49 50 50 590 683 760 
36 50 49 50 49 50 767 788 873 875 
40 49 50 50 47 48 50 690 719 975 
48 49 50 48 49 50 801 852 898 963 
48 49 50 48 49 50 50 694 906 981 
40 49 50 47 48 50 403 417 651 708 
48 49 50 50 48 50 821 872 877 912 
26 34 44 47 48 50 49 615 828 872 
48 49 50 45 47 48 50 747 818 840 
26 34 44 47 48 50 791 904 953 978 
48 49 50 50 559 596 621 667 870 914 
25 41 45 50 48 50 50 764 935 991 
11 43 48 50 48 50 50 864 918 960 
50 49 50 50 49 50 50 883 967 997 
25 41 45 50 689 712 722 740 805 949 
26 34 44 47 48 50 534 547 663 949 
34 35 36 50 411 499 679 754 913 940 
4 21 50 50 50 525 611 618 690 972 
25 39 49 50 48 50 592 606 726 933 
4 21 39 48 49 50 50 924 933 980 
50 49 50 50 322 478 710 727 905 996 
34 35 36 50 329 578 593 623 638 686 
15 46 49 50 47 48 50 656 715 833 
28 39 42 45 47 48 50 908 977 1000 
36 50 45 50 47 48 50 721 777 965 
25 41 45 50 48 50 626 697 811 883 
28 39 42 45 47 48 50 817 919 925 
36 50 40 45 48 50 419 649 791 942 
44 49 50 43 47 48 49 747 896 988 
20 25 49 50 49 50 454 571 592 643 
1 33 47 48 50 628 804 889 910 995 
47 49 50 45 47 48 50 491 919 987 
30 50 42 45 47 48 50 871 899 951 
48 49 50 45 48 50 680 785 799 816 
48 49 50 50 528 619 713 782 884 931 
20 29 42 43 47 48 49 685 869 934 
40 49 50 48 50 580 612 743 891 914 
15 46 49 50 48 50 514 781 844 967 
29 46 47 48 49 50 698 707 930 959 
38 41 40 45 48 50 50 557 722 848 
34 35 36 50 47 48 50 739 756 1000 
33 49 50 50 48 50 544 699 938 974 
1 33 47 48 49 50 50 819 937 974 
20 42 43 48 50 623 650 852 866 940 
21 44 46 50 50 527 564 599 648 762 
1 33 47 48 49 50 420 469 588 857 
48 50 43 48 50 48 50 929 940 980 
37 46 50 50 572 645 738 883 921 958 
48 49 50 50 467 480 535 607 706 838 
21 30 39 48 49 50 726 733 836 971 
38 41 39 48 49 50 471 671 727 940 
20 47 48 49 50 599 676 768 912 995 
29 46 47 48 49 50 626 671 749 841 
20 25 49 50 47 48 50 878 936 1000 
37 46 50 45 47 48 50 874 896 977 
26 34 44 47 48 50 679 807 938 953 
15 46 49 50 49 50 787 824 841 905 
50 41 45 50 50 552 585 646 773 810 
25 39 49 50 49 50 921 932 953 977 
1 33 47 48 49 50 889 912 934 998 
20 42 43 48 50 754 785 830 837 996 
33 49 50 50 48 50 338 381 622 845 
28 39 42 45 47 48 50 737 766 926 
20 42 43 48 50 609 825 860 935 940 
50 30 39 48 49 50 715 840 851 921 
37 46 50 50 330 349 688 760 773 983 
25 31 49 50 596 619 634 655 821 912 
20 25 49 50 469 515 571 625 661 979 
15 46 49 50 50 730 736 761 851 893 
48 50 48 50 49 50 779 815 836 943 
37 47 49 50 50 50 796 871 959 965 
25 31 50 47 48 50 551 568 735 999 
25 41 45 50 50 48 50 773 794 915 
47 49 50 48 597 622 679 703 867 910 
15 46 49 50 48 50 50 734 791 857 
25 39 49 50 49 50 517 769 782 906 
29 46 47 48 49 50 49 696 786 839 
38 41 39 48 49 50 526 672 744 926 
21 30 39 48 49 50 668 807 889 982 
20 42 43 48 50 508 679 907 910 921 
28 39 42 45 47 48 50 906 937 967 
18 25 50 48 50 577 648 666 748 884 
18 25 50 48 49 50 489 507 647 669 
36 50 50 48 49 50 675 764 806 975 
33 38 40 45 48 50 678 770 853 949 
25 39 49 50 47 48 50 754 845 861 
34 35 36 556 617 666 784 812 908 960 
25 41 45 50 48 50 712 740 887 900 
26 34 44 47 48 50 668 809 850 882 
20 47 48 49 50 50 845 855 872 945 
25 39 49 50 388 527 588 793 866 934 
1 33 47 48 553 675 687 796 865 895 
29 46 47 48 49 50 424 691 902 932 
37 47 49 50 336 382 583 888 984 992 
33 49 50 50 50 687 726 750 766 910 
25 39 49 50 431 478 494 553 616 846 
15 46 49 50 506 513 533 700 820 884 
1 33 47 48 47 48 50 755 895 966 
25 31 43 48 50 48 49 660 703 797 
1 33 47 48 49 50 501 772 951 998 
48 50 49 50 47 48 50 581 629 731 
33 49 50 50 49 50 543 713 766 996 
21 30 39 48 49 50 706 712 895 993 
20 42 43 48 50 634 690 790 868 885 
29 46 47 48 49 50 659 759 773 902 
50 25 49 50 47 48 50 716 735 806 
25 39 49 50 47 48 49 584 835 957 
37 46 50 47 48 50 692 856 863 927 
18 25 50 233 326 482 556 743 889 992 
37 46 50 50 50 780 818 887 918 936 
25 41 45 50 48 50 640 721 756 870 
48 50 49 50 512 594 699 867 902 977 
33 49 50 48 49 50 641 679 770 937 
18 25 50 49 50 581 586 672 783 907 
48 49 50 45 47 48 50 966 990 995 
34 35 36 45 47 48 50 955 970 1000 
26 34 44 47 48 50 558 670 702 975 
21 44 46 50 332 422 825 852 867 983 
36 50 50 48 50 695 746 850 932 941 
26 34 44 47 48 50 406 616 670 735 
21 30 39 48 49 50 758 834 907 1000 
21 44 46 50 48 50 519 769 788 814 
18 25 50 50 49 50 703 717 746 781 
20 42 43 48 50 408 694 757 968 977 
48 50 49 50 414 538 578 694 786 887 
33 38 40 45 48 50 595 696 829 994 
50 29 42 43 47 48 49 731 774 962 
28 39 42 45 47 48 50 717 850 960 
25 31 50 45 47 48 50 665 888 894 
20 42 43 48 50 518 598 625 724 997 
33 49 50 45 48 50 49 625 716 738 
25 31 50 269 329 352 457 559 600 851 
48 49 50 45 48 50 372 407 486 982 
42 49 50 50 473 571 604 626 731 860 
18 25 50 50 348 373 470 489 716 852 
15 46 49 50 47 48 49 599 666 903 
33 38 40 45 48 50 620 726 826 873 
48 49 50 50 340 443 547 666 736 974 
20 29 42 43 47 48 49 686 792 916 
42 49 50 45 47 48 50 830 838 999 
26 34 44 47 48 50 658 743 809 866 
20 25 49 50 49 50 732 822 842 907 
36 50 49 50 302 500 520 527 717 825 
20 25 49 50 49 50 737 820 966 976 
15 46 49 50 49 50 703 727 883 892 
47 49 50 47 48 50 637 827 929 930 
40 49 50 45 47 48 50 780 913 962 
20 25 49 50 220 227 629 643 718 958 
21 30 39 48 49 50 662 765 826 926 
33 38 40 45 48 50 692 703 783 833 
34 35 36 50 49 50 667 822 874 914 
48 49 50 214 385 612 626 676 745 783 
18 25 50 50 49 50 505 637 708 971 
20 42 43 48 50 48 49 817 850 853 
37 47 49 50 598 613 701 716 730 733 
20 25 49 50 47 48 49 722 794 890 
25 31 50 47 48 50 757 789 848 880 
1 33 47 48 395 408 538 753 770 872 
37 46 50 48 48 50 710 712 755 860 
33 49 50 45 48 50 760 791 820 997 
34 35 36 50 346 379 447 517 778 856 
25 39 49 50 48 50 880 881 958 962 
40 49 50 48 50 394 531 558 705 908 
15 46 49 50 50 676 726 750 926 936 
18 25 50 49 50 50 737 750 781 862 
26 34 44 47 48 50 50 877 949 955 
37 47 49 50 527 601 635 721 847 868 
37 46 50 48 584 731 759 862 945 982 
33 38 40 45 48 50 49 655 753 917 
48 50 50 48 49 50 808 870 916 951 
20 25 49 50 447 505 547 557 580 670 
37 47 49 50 48 50 50 505 543 837 
33 38 40 45 48 50 49 531 611 768 
30 50 42 45 47 48 50 559 732 961 
33 38 40 45 48 50 623 802 854 890 
1 33 47 48 516 557 569 887 978 990 
48 49 50 47 48 50 896 898 934 998 
48 49 50 48 49 50 526 643 648 980 
25 41 45 50 460 584 739 795 885 911 
21 33 40 45 48 50 524 584 675 919 
42 49 50 267 278 441 664 679 733 881 
25 39 49 50 468 699 715 851 949 966 
26 34 44 47 48 50 50 723 871 978 
20 25 49 50 373 398 526 735 863 891 
30 50 50 49 50 545 557 612 757 953 
37 47 49 50 481 491 659 755 758 837 
15 46 49 50 676 693 703 847 863 876 
47 49 50 390 681 799 938 941 945 977 
40 49 50 210 259 661 796 817 923 950 
25 31 42 45 47 48 50 564 878 893 
26 34 44 47 48 50 478 708 738 903 
26 34 44 47 48 50 50 911 979 996 
4 21 40 45 48 50 593 662 891 960 
50 49 50 301 466 530 673 694 729 940 
36 50 45 50 47 48 49 619 711 744 
20 42 43 48 50 48 50 824 856 961 
33 49 50 50 50 313 372 470 588 805 
30 50 50 416 442 528 584 656 661 760 
18 25 50 50 451 468 735 930 960 1000 
37 46 50 434 489 602 743 754 819 951 
47 49 50 50 366 440 505 760 778 998 
26 34 44 47 48 50 613 703 806 922 
26 34 44 47 48 50 729 815 820 841 
4 21 50 660 687 842 858 967 987 997 
18 25 50 50 225 427 449 472 551 717 
47 49 50 48 324 538 584 673 712 904 
30 50 164 312 573 592 611 652 778 873 
38 41 39 48 49 50 757 836 898 988 
4 21 50 326 467 471 601 602 842 867 
26 34 44 47 48 50 630 663 693 861 
42 49 50 47 48 50 560 677 727 770 
4 21 43 48 50 310 577 627 891 903 
20 25 49 50 357 526 561 599 866 902 
25 41 45 50 328 352 611 616 627 780 
26 34 44 47 48 50 625 654 700 884 
21 33 50 45 47 48 50 760 771 868 
25 39 49 50 485 556 562 635 725 779 
50 38 40 45 48 50 547 568 648 887 
20 29 42 43 47 48 49 914 935 936 
36 50 42 45 47 48 50 674 692 866 
38 41 45 50 368 526 632 645 820 860 
50 33 47 48 342 394 395 728 740 921 
4 21 50 408 421 466 484 510 870 963 
11 43 48 50 47 48 50 891 900 906 
50 43 48 50 48 50 462 817 894 987 
37 46 50 50 525 603 607 684 816 937 
26 34 44 47 48 50 793 823 888 971 
33 49 50 45 48 50 521 594 912 941 
26 34 44 47 48 50 748 849 896 993 
15 46 49 50 393 804 842 868 922 998 
11 43 48 50 353 437 438 483 718 907 
20 47 48 49 50 511 553 726 810 901 
34 35 36 50 451 492 534 610 845 893 
48 49 50 462 686 761 772 840 921 936 
37 47 49 50 50 321 400 489 870 975 
21 33 44 47 48 50 811 865 866 950 
47 49 50 420 434 449 475 571 748 992 
36 50 40 45 48 50 697 776 833 884 
37 47 49 50 50 528 549 621 655 938 
20 29 42 43 47 48 49 742 796 891 
26 34 44 47 48 50 895 901 908 929 
20 47 48 49 50 50 755 806 885 967 
21 33 271 388 478 490 510 616 722 806 
20 25 49 50 510 578 584 632 870 952 
40 49 50 599 623 647 753 761 854 952 
20 29 42 43 47 48 49 764 883 957 
25 31 50 50 221 640 747 856 958 985 
20 47 48 49 50 50 835 943 949 966 
18 25 50 206 325 366 447 550 709 882 
33 49 50 49 50 701 705 777 785 843 
20 25 49 50 289 309 359 504 806 844 
18 25 50 158 501 656 664 833 898 951 
38 41 45 50 477 479 647 668 670 859 
29 46 47 48 49 50 556 587 663 706 
18 25 50 48 50 706 748 768 782 893 
33 38 40 45 48 50 50 704 841 883 
26 34 44 47 48 50 49 731 935 981 
30 50 50 306 342 421 606 701 860 926 
50 21 39 48 49 50 601 665 752 936 
48 49 50 50 581 614 658 750 753 900 
21 30 39 48 49 50 694 727 746 988 
4 21 50 50 522 595 691 717 835 884 
1 33 47 48 215 454 541 825 868 932 
48 49 50 255 285 329 339 526 547 549 
50 39 49 50 390 449 651 669 675 822 
25 39 49 50 253 278 691 769 852 853 
4 21 50 267 361 379 391 626 636 662 
34 35 36 313 570 695 750 797 874 922 
40 49 50 45 48 50 661 777 885 928 
50 49 50 449 471 482 621 636 866 991 
33 49 50 45 48 50 808 822 847 848 
21 44 46 50 650 705 776 849 927 942 
37 47 49 50 504 568 670 736 807 969 
37 47 49 50 238 495 572 587 708 747 
33 49 50 50 49 50 732 809 819 852 
48 49 50 533 682 709 720 816 888 904 
