18 28 120 122 125 126 128 705 771 898 
101 107 117 118 125 126 128 846 850 941 
119 127 117 118 125 126 128 237 725 820 
101 107 117 118 125 126 128 944 949 981 
101 107 117 118 125 126 128 773 904 906 
101 107 117 118 125 126 128 702 783 833 
18 28 120 122 125 126 128 581 650 831 
101 107 117 118 125 126 128 736 795 920 
101 107 117 118 125 126 128 836 910 954 
101 107 117 118 125 126 128 790 808 885 
101 107 117 118 125 126 128 787 805 977 
101 107 117 118 125 126 128 827 961 971 
101 107 117 118 125 126 128 693 981 993 
101 107 117 118 125 126 128 725 859 922 
101 107 117 118 114 280 476 627 965 988 
101 107 117 118 114 354 515 553 700 984 
101 107 117 118 125 126 128 576 579 975 
101 107 117 118 125 126 128 736 764 798 
101 107 117 118 125 126 128 805 889 928 
101 107 117 118 125 126 128 406 787 910 
18 28 120 122 125 126 128 449 657 826 
18 28 120 122 125 126 128 712 717 912 
101 107 117 118 279 518 526 562 820 832 
101 107 117 118 125 126 128 746 960 985 
101 107 117 118 125 126 128 792 953 978 
18 28 120 122 125 126 128 762 824 950 
101 107 117 118 125 126 128 718 906 934 
101 107 117 118 125 126 128 771 970 983 
101 107 117 118 125 126 128 447 769 918 
18 28 120 122 125 126 128 814 889 937 
18 28 120 122 125 126 128 588 865 956 
18 28 120 122 125 126 128 651 776 934 
101 107 117 118 125 126 128 780 807 909 
119 127 120 122 125 126 128 600 756 801 
101 107 117 118 125 126 128 912 956 989 
101 107 117 118 125 126 128 661 767 877 
101 107 117 118 125 126 128 829 861 979 
101 107 117 118 125 126 128 781 813 822 
18 28 120 122 125 126 128 852 866 883 
101 107 117 118 125 126 128 722 843 916 
18 28 120 122 125 126 128 603 785 835 
101 107 117 118 125 126 128 826 914 971 
101 107 117 118 125 126 128 614 716 930 
101 107 117 118 125 126 128 854 865 893 
101 107 117 118 125 126 128 888 902 999 
101 107 117 118 125 126 128 825 874 876 
18 28 120 122 125 126 128 689 866 950 
101 107 117 118 125 126 128 588 622 764 
18 28 120 122 125 126 128 715 889 929 
18 28 120 122 125 126 128 583 670 996 
18 28 120 122 125 126 128 618 654 862 
18 28 120 122 125 126 128 731 782 948 
18 28 120 122 125 126 128 453 496 850 
101 107 117 118 125 126 128 804 854 983 
101 107 117 118 125 126 128 832 880 954 
101 107 117 118 595 767 783 828 862 883 
18 28 120 122 125 126 128 767 858 871 
18 28 120 122 125 126 128 834 873 933 
101 107 117 118 125 126 128 849 858 968 
119 127 117 118 125 126 128 627 656 805 
101 107 117 118 125 126 128 663 807 936 
18 28 120 122 125 126 128 746 747 967 
101 107 117 118 125 126 128 823 835 904 
18 28 120 122 125 126 128 632 817 889 
119 127 117 118 125 126 128 665 776 897 
101 107 117 118 125 126 128 790 877 977 
101 107 117 118 125 126 128 627 904 985 
101 107 117 118 125 126 128 583 701 798 
101 107 117 118 125 126 128 849 967 980 
101 107 117 118 125 126 128 851 894 958 
101 107 117 118 125 126 128 927 946 993 
101 107 117 118 125 126 128 813 899 1000 
119 127 117 118 125 126 128 848 934 966 
101 107 117 118 125 126 128 580 823 992 
101 107 117 118 125 126 128 971 984 986 
101 107 117 118 125 126 128 699 848 965 
101 107 117 118 125 126 128 960 965 973 
101 107 117 118 125 126 128 776 811 947 
18 28 120 122 125 126 128 854 942 977 
119 127 120 122 125 126 128 928 938 1000 
101 107 117 118 125 126 128 353 665 893 
101 107 117 118 125 126 128 866 921 966 
18 28 120 122 125 126 128 681 847 955 
101 107 117 118 125 126 128 462 591 701 
101 107 117 118 125 126 128 909 964 977 
18 28 120 122 125 126 128 636 830 914 
18 28 120 122 125 126 128 414 570 835 
18 28 120 122 125 126 128 499 867 954 
18 28 120 122 125 126 128 644 731 944 
101 107 117 118 125 126 128 815 902 909 
101 107 117 118 125 126 128 821 900 977 
18 28 120 122 125 126 128 923 947 996 
18 28 120 122 125 126 128 689 855 909 
18 28 120 122 125 126 128 863 960 993 
101 107 117 118 125 126 128 400 579 975 
101 107 117 118 125 126 128 650 727 864 
101 107 117 118 125 126 128 578 639 998 
101 107 117 118 125 126 128 636 692 932 
119 127 117 118 125 126 128 627 864 897 
101 107 117 118 125 126 128 584 832 899 
119 127 120 122 125 126 128 639 761 993 
18 28 120 122 125 126 128 745 846 954 
18 28 120 122 125 126 128 807 872 988 
18 28 120 122 125 126 128 784 896 958 
18 28 120 122 125 126 128 569 579 1000 
18 28 120 122 125 126 128 677 687 835 
18 28 120 122 125 126 128 534 570 989 
18 28 120 122 125 126 128 797 849 991 
119 127 120 122 125 126 128 391 721 845 
18 28 120 122 125 126 128 845 862 900 
18 28 120 122 125 126 128 846 927 943 
18 28 120 122 125 126 128 682 799 989 
18 28 120 122 125 126 128 836 935 951 
18 28 120 122 125 126 128 771 861 942 
18 28 120 122 125 126 128 708 860 930 
18 28 120 122 125 126 128 591 645 963 
18 28 120 122 125 126 128 885 915 926 
18 28 120 122 125 126 128 774 775 938 
119 127 120 122 125 126 128 806 903 952 
18 28 120 122 125 126 128 901 918 945 
18 28 120 122 125 126 128 729 750 924 
18 28 120 122 125 126 128 421 621 741 
18 28 120 122 125 126 128 710 714 830 
18 28 120 122 125 126 128 693 957 986 
18 28 120 122 125 126 128 707 770 875 
18 28 120 122 125 126 128 855 954 986 
18 28 120 122 125 126 128 889 892 925 
18 28 120 122 125 126 128 659 681 925 
119 127 120 122 125 126 128 822 836 927 
18 28 120 122 125 126 128 745 855 978 
119 127 120 122 125 126 128 750 886 923 
18 28 120 122 125 126 128 674 716 814 
18 28 120 122 125 126 128 737 800 915 
18 28 120 122 125 126 128 853 857 878 
119 127 120 122 125 126 128 889 890 934 
18 28 120 122 125 126 128 852 893 958 
18 28 120 122 125 126 128 740 742 985 
18 28 120 122 125 126 128 846 916 984 
18 28 120 122 125 126 128 825 932 966 
119 127 120 122 125 126 128 790 860 984 
18 28 120 122 125 126 128 850 865 919 
18 28 120 122 125 126 128 828 891 932 
18 28 120 122 125 126 128 493 611 830 
18 28 120 122 125 126 128 670 706 859 
18 28 120 122 125 126 128 673 860 869 
119 127 120 122 125 126 128 732 773 983 
18 28 120 122 125 126 128 842 946 960 
18 28 120 122 125 126 128 533 892 916 
18 28 120 122 125 126 128 891 907 970 
18 28 120 122 125 126 128 861 946 980 
18 28 120 122 125 126 128 808 903 920 
18 28 120 122 125 126 128 675 838 852 
18 28 120 122 125 126 128 816 876 952 
18 28 120 122 125 126 128 685 708 985 
18 28 120 122 125 126 128 877 913 978 
18 28 120 122 125 126 128 792 877 942 
18 28 120 122 125 126 128 963 974 980 
18 28 120 122 125 126 128 850 853 879 
18 28 120 122 125 126 128 704 757 986 
18 28 120 122 125 126 128 855 907 990 
18 28 120 122 125 126 128 672 825 982 
119 127 120 122 125 126 128 747 818 968 
18 28 120 122 125 126 128 580 699 880 
18 28 120 122 125 126 128 491 835 983 
18 28 120 122 125 126 128 519 606 645 
119 127 120 122 125 126 128 871 886 999 
18 28 120 122 125 126 128 680 818 849 
18 28 120 122 125 126 128 904 977 1000 
18 28 120 122 125 126 128 630 753 977 
18 28 120 122 125 126 128 912 946 954 
18 28 120 122 125 126 128 810 954 969 
119 127 120 122 125 126 128 772 810 922 
18 28 120 122 125 126 128 535 644 871 
18 28 120 122 125 126 128 333 392 567 
18 28 120 122 125 126 128 673 811 920 
18 28 120 122 125 126 128 610 633 807 
18 28 120 122 125 126 128 645 742 886 
18 28 120 122 125 126 128 735 795 963 
18 28 120 122 125 126 128 911 934 973 
18 28 120 122 125 126 128 874 880 911 
18 28 120 122 125 126 128 851 875 947 
18 28 120 122 125 126 128 607 645 853 
18 28 120 122 125 126 128 871 911 919 
18 28 120 122 125 126 128 566 710 747 
119 127 120 122 125 126 128 717 856 863 
18 28 120 122 125 126 128 316 402 468 
18 28 120 122 125 126 128 693 918 972 
119 127 120 122 125 126 128 810 845 879 
18 28 120 122 125 126 128 726 758 866 
119 127 120 122 125 126 128 808 875 908 
18 28 120 122 125 126 128 695 751 963 
18 28 120 122 125 126 128 665 890 931 
119 127 120 122 125 126 128 816 925 943 
18 28 120 122 125 126 128 716 868 988 
18 28 120 122 125 126 128 656 951 996 
119 127 120 122 125 126 128 658 673 805 
18 28 120 122 125 126 128 898 967 988 
18 28 120 122 125 126 128 801 816 896 
119 127 120 122 125 126 128 919 923 928 
119 127 120 122 125 126 128 841 887 978 
119 127 120 122 125 126 128 774 926 991 
119 127 120 122 125 126 128 726 733 907 
29 73 92 98 114 126 128 708 752 936 
119 127 92 98 114 126 128 654 661 685 
119 127 92 98 114 126 128 681 969 998 
119 127 92 98 114 126 128 766 931 940 
119 127 120 122 125 126 128 765 928 955 
119 127 120 122 125 126 128 868 877 937 
119 127 92 98 114 126 128 828 858 895 
119 127 92 98 114 126 128 710 891 989 
119 127 120 122 125 126 128 745 756 861 
119 127 92 98 114 126 128 871 914 928 
119 127 120 122 125 126 128 762 807 920 
119 127 120 122 125 126 128 807 856 930 
119 127 92 98 114 126 128 729 942 948 
119 127 92 98 114 126 128 673 763 979 
119 127 120 122 125 126 128 711 712 772 
119 127 92 98 114 126 128 795 879 949 
119 127 92 98 114 126 128 772 893 918 
119 127 92 98 114 126 128 488 613 712 
119 127 120 122 125 126 128 720 881 900 
119 127 120 122 125 126 128 798 835 996 
119 127 120 122 125 126 128 808 831 886 
119 127 92 98 114 126 128 713 863 910 
119 127 92 98 114 126 128 590 683 760 
119 127 92 98 114 126 128 788 873 875 
119 127 92 98 114 126 128 690 719 975 
119 127 91 116 125 126 128 852 898 963 
119 127 120 122 125 126 128 694 906 981 
119 127 120 122 125 126 128 417 651 708 
119 127 120 122 125 126 128 872 877 912 
119 127 91 116 125 126 128 615 828 872 
119 127 120 122 125 126 128 747 818 840 
119 127 120 122 125 126 128 904 953 978 
119 127 120 122 125 126 128 667 870 914 
119 127 120 122 125 126 128 764 935 991 
119 127 91 116 125 126 128 864 918 960 
119 127 92 98 114 126 128 883 967 997 
29 73 92 98 114 126 128 740 805 949 
119 127 120 122 125 126 128 547 663 949 
119 127 120 122 125 126 128 754 913 940 
119 127 92 98 114 126 128 618 690 972 
119 127 120 122 125 126 128 606 726 933 
119 127 92 98 114 126 128 924 933 980 
119 127 92 98 114 126 128 727 905 996 
119 127 120 122 125 126 128 623 638 686 
119 127 92 98 114 126 128 656 715 833 
18 28 120 122 125 126 128 908 977 1000 
119 127 120 122 125 126 128 721 777 965 
119 127 120 122 125 126 128 697 811 883 
119 127 120 122 125 126 128 817 919 925 
119 127 92 98 114 126 128 649 791 942 
119 127 91 116 114 126 128 747 896 988 
119 127 91 116 125 126 128 571 592 643 
119 127 92 98 114 126 128 889 910 995 
119 127 120 122 125 126 128 491 919 987 
119 127 120 122 125 126 128 871 899 951 
29 73 92 98 114 126 128 785 799 816 
3 95 120 122 125 126 128 782 884 931 
119 127 120 122 125 126 128 685 869 934 
119 127 120 122 125 126 128 743 891 914 
119 127 120 122 125 126 128 781 844 967 
119 127 92 98 114 126 128 707 930 959 
119 127 91 116 125 126 128 557 722 848 
119 127 92 98 114 126 128 739 756 1000 
119 127 120 122 125 126 128 699 938 974 
37 81 97 113 125 126 128 819 937 974 
119 127 91 116 125 126 128 852 866 940 
119 127 91 116 125 126 128 599 648 762 
119 127 120 122 125 126 128 469 588 857 
119 127 120 122 125 126 128 929 940 980 
119 127 91 116 125 126 128 883 921 958 
119 127 92 98 114 126 128 607 706 838 
119 127 120 122 125 126 128 733 836 971 
119 127 120 122 125 126 128 671 727 940 
119 127 92 98 114 126 128 768 912 995 
119 127 92 98 114 126 128 671 749 841 
119 127 120 122 125 126 128 878 936 1000 
119 127 91 116 114 126 128 874 896 977 
119 127 120 122 125 126 128 807 938 953 
119 127 91 116 125 126 128 824 841 905 
119 127 92 98 114 126 128 646 773 810 
119 127 91 116 125 126 128 932 953 977 
119 127 120 122 125 126 128 912 934 998 
119 127 120 122 125 126 128 830 837 996 
119 127 91 116 125 126 128 381 622 845 
119 127 120 122 125 126 128 737 766 926 
119 127 120 122 125 126 128 860 935 940 
18 28 120 122 125 126 128 840 851 921 
75 121 92 98 114 126 128 760 773 983 
119 127 120 122 125 126 128 655 821 912 
119 127 120 122 125 126 128 625 661 979 
119 127 120 122 125 126 128 761 851 893 
119 127 120 122 125 126 128 815 836 943 
119 127 120 122 125 126 128 871 959 965 
119 127 120 122 125 126 128 568 735 999 
119 127 120 122 125 126 128 773 794 915 
119 127 92 98 114 126 128 703 867 910 
119 127 120 122 125 126 128 734 791 857 
119 127 92 98 114 126 128 769 782 906 
119 127 120 122 125 126 128 696 786 839 
29 73 92 98 114 126 128 672 744 926 
14 82 91 116 125 126 128 807 889 982 
119 127 120 122 125 126 128 907 910 921 
18 28 120 122 125 126 128 906 937 967 
29 73 92 98 114 126 128 666 748 884 
14 82 91 116 125 126 128 507 647 669 
18 28 120 122 125 126 128 764 806 975 
29 73 92 98 114 126 128 770 853 949 
119 127 120 122 125 126 128 754 845 861 
29 73 92 98 114 126 128 812 908 960 
18 28 120 122 125 126 128 740 887 900 
14 82 91 116 125 126 128 809 850 882 
14 82 91 116 125 126 128 855 872 945 
29 73 92 98 114 126 128 793 866 934 
29 73 92 98 114 126 128 796 865 895 
29 73 92 98 114 126 128 691 902 932 
29 73 92 98 114 126 128 888 984 992 
75 121 91 116 125 126 128 750 766 910 
29 73 92 98 114 126 128 553 616 846 
18 28 120 122 125 126 128 700 820 884 
14 82 91 116 125 126 128 755 895 966 
18 28 120 122 125 126 128 660 703 797 
18 28 120 122 125 126 128 772 951 998 
29 73 92 98 114 126 128 581 629 731 
14 82 91 116 125 126 128 713 766 996 
29 73 92 98 114 126 128 712 895 993 
29 73 92 98 114 126 128 790 868 885 
29 73 92 98 114 126 128 759 773 902 
119 127 120 122 125 126 128 716 735 806 
3 95 92 98 114 126 128 584 835 957 
119 127 120 122 125 126 128 856 863 927 
119 127 120 122 125 126 128 743 889 992 
3 95 91 116 125 126 128 887 918 936 
119 127 120 122 125 126 128 721 756 870 
29 73 92 98 114 126 128 867 902 977 
119 127 120 122 125 126 128 679 770 937 
18 28 120 122 125 126 128 672 783 907 
14 82 91 116 125 126 128 966 990 995 
14 82 91 116 114 126 128 955 970 1000 
119 127 120 122 125 126 128 670 702 975 
29 73 92 98 114 126 128 852 867 983 
14 82 91 116 125 126 128 850 932 941 
14 82 91 116 125 126 128 616 670 735 
14 82 91 116 114 126 128 834 907 1000 
3 95 91 116 114 126 128 769 788 814 
119 127 120 122 125 126 128 717 746 781 
14 82 91 116 125 126 128 757 968 977 
29 73 92 98 114 126 128 694 786 887 
29 73 92 98 114 126 128 696 829 994 
14 82 91 116 125 126 128 731 774 962 
29 73 92 98 114 126 128 717 850 960 
29 73 92 98 114 126 128 665 888 894 
119 127 120 122 125 126 128 625 724 997 
18 28 120 122 125 126 128 625 716 738 
18 28 120 122 125 126 128 559 600 851 
18 28 120 122 125 126 128 407 486 982 
18 28 120 122 125 126 128 626 731 860 
119 127 120 122 125 126 128 489 716 852 
29 73 92 98 114 126 128 599 666 903 
3 95 92 98 114 126 128 726 826 873 
14 82 91 116 125 126 128 666 736 974 
14 82 91 116 114 126 128 686 792 916 
3 95 120 122 125 126 128 830 838 999 
29 73 92 98 114 126 128 743 809 866 
119 127 92 98 114 126 128 822 842 907 
18 28 120 122 125 126 128 527 717 825 
29 73 92 98 114 126 128 820 966 976 
14 82 91 116 114 126 128 727 883 892 
14 82 91 116 125 126 128 827 929 930 
14 82 91 116 125 126 128 780 913 962 
29 73 92 98 114 126 128 643 718 958 
3 95 91 116 125 126 128 765 826 926 
29 73 92 98 114 126 128 703 783 833 
29 73 92 98 114 126 128 822 874 914 
18 28 120 122 125 126 128 676 745 783 
29 73 92 98 114 126 128 637 708 971 
29 73 92 98 114 126 128 817 850 853 
18 28 120 122 125 126 128 716 730 733 
14 82 91 116 114 126 128 722 794 890 
3 95 92 98 114 126 128 789 848 880 
119 127 120 122 125 126 128 753 770 872 
14 82 91 116 125 126 128 712 755 860 
14 82 91 116 125 126 128 791 820 997 
19 50 57 93 125 126 128 517 778 856 
14 82 91 116 114 126 128 881 958 962 
18 28 120 122 125 126 128 558 705 908 
3 95 120 122 125 126 128 750 926 936 
14 82 91 116 125 126 128 750 781 862 
14 82 91 116 114 126 128 877 949 955 
18 28 120 122 125 126 128 721 847 868 
14 82 91 116 125 126 128 862 945 982 
18 28 120 122 125 126 128 655 753 917 
119 127 120 122 125 126 128 870 916 951 
14 82 91 116 114 126 128 557 580 670 
51 104 109 122 125 126 128 505 543 837 
29 73 92 98 114 126 128 531 611 768 
29 73 92 98 114 126 128 559 732 961 
19 50 57 93 125 126 128 802 854 890 
29 73 92 98 114 126 128 887 978 990 
119 127 120 122 125 126 128 898 934 998 
119 127 363 404 444 448 526 643 648 980 
119 127 120 122 125 126 128 795 885 911 
119 127 120 122 125 126 128 584 675 919 
29 73 92 98 114 441 664 679 733 881 
29 73 92 98 114 126 128 851 949 966 
19 50 57 93 638 662 689 723 871 978 
119 127 250 360 373 398 526 735 863 891 
3 95 120 122 125 126 128 612 757 953 
14 82 91 116 125 126 128 755 758 837 
119 127 92 98 114 126 128 847 863 876 
47 72 92 98 114 126 128 941 945 977 
119 127 91 116 259 661 796 817 923 950 
119 127 120 122 125 126 128 564 878 893 
119 127 120 122 125 126 128 708 738 903 
14 82 91 116 114 738 806 911 979 996 
119 127 120 122 125 126 128 662 891 960 
119 127 120 122 125 126 128 694 729 940 
14 82 91 116 125 126 128 619 711 744 
14 82 91 116 125 126 128 824 856 961 
29 73 92 98 114 126 128 470 588 805 
14 82 91 116 114 126 128 656 661 760 
51 104 109 122 125 126 128 930 960 1000 
119 127 120 122 125 126 128 754 819 951 
119 127 92 98 114 126 128 760 778 998 
14 82 91 116 114 126 128 703 806 922 
14 82 91 116 114 126 128 815 820 841 
119 127 92 98 114 842 858 967 987 997 
29 73 92 98 114 126 128 472 551 717 
14 82 91 116 114 126 128 673 712 904 
29 73 92 98 114 126 128 652 778 873 
29 73 92 98 114 126 128 836 898 988 
14 82 91 116 125 126 128 602 842 867 
14 82 91 116 114 126 128 663 693 861 
14 82 91 116 125 126 128 677 727 770 
119 127 91 116 125 126 128 627 891 903 
14 82 91 116 114 126 128 599 866 902 
14 82 91 116 125 126 128 616 627 780 
3 95 92 98 114 569 625 654 700 884 
14 82 91 116 114 126 128 760 771 868 
14 82 91 116 125 126 128 635 725 779 
29 73 92 98 114 126 128 568 648 887 
14 82 91 116 114 789 912 914 935 936 
119 127 120 122 125 126 128 674 692 866 
19 50 57 93 368 526 632 645 820 860 
18 28 120 122 125 126 128 728 740 921 
29 73 92 98 114 126 128 510 870 963 
119 127 270 340 387 833 849 891 900 906 
119 127 120 122 125 126 128 817 894 987 
119 127 120 122 125 126 128 684 816 937 
3 95 91 116 560 693 793 823 888 971 
14 82 91 116 114 389 521 594 912 941 
14 82 91 116 125 126 128 849 896 993 
14 82 91 116 393 804 842 868 922 998 
119 127 92 98 114 126 128 483 718 907 
29 73 92 98 114 511 553 726 810 901 
119 127 92 98 114 126 128 610 845 893 
14 82 91 116 114 761 772 840 921 936 
119 127 120 122 125 126 128 489 870 975 
119 127 120 122 125 126 128 865 866 950 
29 73 92 98 114 126 128 571 748 992 
29 73 92 98 114 126 128 776 833 884 
75 121 120 122 125 126 128 621 655 938 
14 82 91 116 125 126 128 742 796 891 
119 127 92 98 114 126 128 901 908 929 
14 82 91 116 125 126 128 806 885 967 
119 127 120 122 125 126 128 616 722 806 
14 82 91 116 510 578 584 632 870 952 
119 127 120 122 125 126 128 761 854 952 
14 82 91 116 125 126 128 764 883 957 
14 82 91 116 221 640 747 856 958 985 
119 127 120 122 125 126 128 943 949 966 
119 127 120 122 125 126 128 550 709 882 
14 82 91 116 125 126 128 777 785 843 
119 127 120 122 125 126 128 504 806 844 
29 73 92 98 114 126 128 833 898 951 
14 82 91 116 114 126 128 668 670 859 
14 82 91 116 114 126 128 587 663 706 
3 95 120 122 125 126 128 768 782 893 
119 127 120 122 125 126 128 704 841 883 
14 82 91 116 125 126 128 731 935 981 
14 82 91 116 125 126 128 701 860 926 
119 127 331 361 376 444 601 665 752 936 
29 73 92 98 114 126 128 750 753 900 
3 95 120 122 125 126 128 727 746 988 
29 73 92 98 114 126 128 717 835 884 
29 73 92 98 114 126 128 825 868 932 
14 82 91 116 285 329 339 526 547 549 
14 82 91 116 114 126 128 669 675 822 
14 82 91 116 114 126 128 769 852 853 
119 127 120 122 125 126 128 626 636 662 
119 127 97 113 125 126 128 797 874 922 
14 82 91 116 125 126 128 777 885 928 
119 127 92 98 114 482 621 636 866 991 
3 95 91 116 713 733 808 822 847 848 
119 127 573 619 650 705 776 849 927 942 
119 127 92 98 114 126 128 736 807 969 
14 82 91 116 125 126 128 587 708 747 
119 127 92 98 114 657 732 809 819 852 
3 95 120 122 125 126 128 816 888 904 
