98 26 104 118 428 447 610 705 771 898 
128 126 116 115 112 78 75 41 850 941 
128 126 116 115 112 78 75 41 725 820 
75 165 319 743 763 923 939 944 949 981 
128 126 116 115 112 78 75 41 904 906 
118 174 188 272 311 463 531 702 783 833 
128 126 116 115 112 78 75 41 650 831 
98 26 104 118 538 594 695 736 795 920 
128 126 116 115 112 78 75 41 910 954 
128 126 116 115 112 78 75 41 808 885 
128 126 116 115 112 78 75 41 805 977 
128 126 116 115 112 78 75 41 961 971 
98 26 166 339 437 448 505 693 981 993 
98 26 78 112 115 116 126 128 859 922 
39 144 162 182 228 280 476 627 965 988 
128 126 116 115 112 78 75 41 700 984 
5 172 241 244 261 317 388 576 579 975 
12 64 376 429 439 584 735 736 764 798 
98 26 564 591 614 733 798 805 889 928 
128 126 116 115 112 78 75 41 787 910 
119 113 198 256 328 376 431 449 657 826 
98 26 78 112 115 116 126 128 717 912 
127 73 71 39 115 116 126 128 820 832 
98 26 78 112 115 116 126 128 960 985 
98 26 429 543 655 657 754 792 953 978 
98 26 104 118 412 432 529 762 824 950 
125 117 27 25 306 545 690 718 906 934 
349 388 556 640 674 680 698 771 970 983 
128 126 116 115 112 78 75 41 769 918 
125 117 27 25 115 116 126 128 889 937 
98 26 175 228 303 324 538 588 865 956 
98 26 78 112 115 116 126 128 776 934 
125 117 27 25 115 116 126 128 807 909 
128 126 116 115 112 78 75 41 756 801 
128 126 116 115 112 78 75 41 956 989 
128 126 116 115 112 78 75 41 767 877 
128 126 116 115 112 78 75 41 861 979 
98 26 334 335 404 533 679 781 813 822 
127 73 71 39 618 641 688 852 866 883 
34 67 85 188 308 382 464 722 843 916 
128 126 116 115 112 78 75 41 785 835 
338 351 439 570 723 752 760 826 914 971 
98 26 104 118 580 587 602 614 716 930 
128 126 116 115 112 78 75 41 865 893 
98 26 142 189 776 829 877 888 902 999 
98 26 334 387 434 447 745 825 874 876 
127 73 71 39 430 447 475 689 866 950 
128 126 116 115 112 78 75 41 622 764 
2 269 280 314 407 573 697 715 889 929 
98 26 255 257 289 426 514 583 670 996 
98 26 208 329 375 450 553 618 654 862 
119 113 197 264 425 549 623 731 782 948 
98 26 139 185 252 272 366 453 496 850 
128 126 116 115 112 78 75 41 854 983 
119 113 263 302 439 511 544 832 880 954 
44 272 369 479 595 767 783 828 862 883 
56 93 102 136 137 203 633 767 858 871 
128 126 116 115 112 78 75 41 873 933 
128 126 116 115 112 78 75 41 858 968 
98 26 78 112 115 116 126 128 656 805 
119 113 456 464 509 532 625 663 807 936 
118 104 92 68 587 601 616 746 747 967 
98 26 146 308 458 616 649 823 835 904 
98 26 288 320 345 380 436 632 817 889 
98 26 182 215 381 383 461 665 776 897 
128 126 116 115 112 78 75 41 877 977 
128 126 116 115 112 78 75 41 904 985 
128 126 116 115 112 78 75 41 701 798 
119 113 197 353 371 427 592 849 967 980 
98 26 78 112 115 116 126 128 894 958 
128 126 116 115 112 78 75 41 946 993 
98 26 78 112 115 116 126 128 899 1000 
98 26 347 437 454 658 767 848 934 966 
118 104 92 68 115 116 126 128 823 992 
98 26 78 112 115 116 126 128 984 986 
98 26 412 461 533 559 641 699 848 965 
98 26 78 112 115 116 126 128 965 973 
98 26 78 112 115 116 126 128 811 947 
98 26 78 112 115 116 126 128 942 977 
119 113 78 112 115 116 126 128 938 1000 
98 26 116 241 243 274 279 353 665 893 
98 26 398 419 460 681 737 866 921 966 
128 126 116 115 112 78 75 41 847 955 
98 26 73 206 346 369 442 462 591 701 
98 26 276 285 395 828 877 909 964 977 
118 104 92 68 586 617 628 636 830 914 
98 26 158 163 189 291 348 414 570 835 
128 126 116 115 112 78 75 41 867 954 
119 113 78 112 115 116 126 128 731 944 
118 104 92 68 115 116 126 128 902 909 
128 126 116 115 112 78 75 41 900 977 
98 26 420 426 685 696 732 923 947 996 
128 126 116 115 112 78 75 41 855 909 
98 26 444 474 652 838 856 863 960 993 
128 126 116 115 112 78 75 41 579 975 
98 26 191 366 444 572 610 650 727 864 
128 126 116 115 112 78 75 41 639 998 
128 126 116 115 112 78 75 41 692 932 
128 126 116 115 112 78 75 41 864 897 
13 98 103 315 344 516 574 584 832 899 
119 113 313 355 422 423 495 639 761 993 
128 126 116 115 112 78 75 41 846 954 
127 73 71 39 494 510 574 807 872 988 
98 26 78 112 115 116 126 128 896 958 
98 26 232 297 342 536 558 569 579 1000 
98 26 258 419 501 550 557 677 687 835 
125 117 27 25 115 116 126 128 570 989 
128 126 116 115 112 78 75 41 849 991 
98 26 78 112 115 116 126 128 721 845 
10 72 158 514 545 609 677 845 862 900 
82 143 271 453 531 616 695 846 927 943 
128 126 116 115 112 78 75 41 799 989 
125 117 27 25 557 641 658 836 935 951 
98 26 246 272 273 361 728 771 861 942 
128 126 116 115 112 78 75 41 860 930 
128 126 116 115 112 78 75 41 645 963 
128 126 116 115 112 78 75 41 915 926 
125 117 27 25 115 116 126 128 775 938 
125 117 27 25 427 700 795 806 903 952 
125 117 27 25 634 730 823 901 918 945 
128 126 116 115 112 78 75 41 750 924 
98 26 104 118 333 342 405 421 621 741 
98 26 133 138 221 267 338 710 714 830 
128 126 116 115 112 78 75 41 957 986 
98 26 78 112 115 116 126 128 770 875 
128 126 116 115 112 78 75 41 954 986 
128 126 116 115 112 78 75 41 892 925 
128 126 116 115 112 78 75 41 681 925 
128 126 116 115 112 78 75 41 836 927 
98 26 78 112 115 116 126 128 855 978 
128 126 116 115 112 78 75 41 886 923 
52 134 283 390 422 533 626 674 716 814 
119 113 344 383 549 616 626 737 800 915 
125 117 27 25 467 688 761 853 857 878 
128 126 116 115 112 78 75 41 890 934 
125 117 27 25 587 751 777 852 893 958 
98 26 386 540 580 702 709 740 742 985 
118 104 92 68 115 116 126 128 916 984 
117 274 290 380 543 624 677 825 932 966 
98 26 457 630 698 759 781 790 860 984 
119 113 28 35 172 730 739 850 865 919 
128 126 116 115 112 78 75 41 891 932 
98 26 142 160 194 235 431 493 611 830 
98 26 323 429 542 577 661 670 706 859 
98 26 78 112 115 116 126 128 860 869 
98 26 197 404 479 574 644 732 773 983 
128 126 116 115 112 78 75 41 946 960 
98 26 148 173 279 340 487 533 892 916 
128 126 116 115 112 78 75 41 907 970 
98 26 260 305 412 784 818 861 946 980 
98 26 520 531 573 701 705 808 903 920 
128 126 116 115 112 78 75 41 838 852 
98 26 78 112 115 116 126 128 876 952 
98 26 78 112 115 116 126 128 708 985 
125 117 27 25 651 747 806 877 913 978 
98 26 206 294 416 721 729 792 877 942 
128 126 116 115 112 78 75 41 974 980 
128 126 116 115 112 78 75 41 853 879 
118 104 92 68 425 642 674 704 757 986 
128 126 116 115 112 78 75 41 907 990 
128 126 116 115 112 78 75 41 825 982 
98 26 78 112 115 116 126 128 818 968 
98 26 78 112 115 116 126 128 699 880 
51 59 143 201 218 292 469 491 835 983 
119 113 215 283 300 356 436 519 606 645 
98 26 491 582 663 739 821 871 886 999 
134 287 407 438 470 612 675 680 818 849 
98 26 180 487 605 823 838 904 977 1000 
117 154 352 357 472 598 609 630 753 977 
98 26 78 112 115 116 126 128 946 954 
98 26 150 190 535 604 755 810 954 969 
128 126 116 115 112 78 75 41 810 922 
128 126 116 115 112 78 75 41 644 871 
98 26 78 112 115 116 126 128 392 567 
119 113 302 347 412 445 637 673 811 920 
128 126 116 115 112 78 75 41 633 807 
128 126 116 115 112 78 75 41 742 886 
118 104 92 68 250 283 725 735 795 963 
122 232 308 475 773 780 855 911 934 973 
98 26 319 322 376 505 608 874 880 911 
128 126 116 115 112 78 75 41 875 947 
128 126 116 115 112 78 75 41 645 853 
128 126 116 115 112 78 75 41 911 919 
98 26 78 147 263 404 526 566 710 747 
128 126 116 115 112 78 75 41 856 863 
128 126 116 115 112 78 75 41 402 468 
98 26 329 488 562 625 652 693 918 972 
98 26 104 118 286 691 789 810 845 879 
98 26 78 112 115 116 126 128 758 866 
98 26 177 227 243 364 424 808 875 908 
110 196 310 356 446 514 653 695 751 963 
128 126 116 115 112 78 75 41 890 931 
210 242 311 318 436 443 486 816 925 943 
98 26 78 112 115 116 126 128 868 988 
98 26 235 256 316 331 504 656 951 996 
118 104 92 68 367 557 652 658 673 805 
98 26 465 476 488 720 836 898 967 988 
128 126 116 115 112 78 75 41 816 896 
98 26 561 617 661 809 892 919 923 928 
98 26 548 589 607 737 812 841 887 978 
128 126 116 115 112 78 75 41 926 991 
119 113 281 394 437 575 719 726 733 907 
15 75 78 112 115 116 126 128 752 936 
96 90 70 51 115 116 126 128 661 685 
128 126 116 115 112 78 75 41 969 998 
98 26 78 112 115 116 126 128 931 940 
98 26 362 422 529 607 659 765 928 955 
98 26 104 118 631 774 810 868 877 937 
98 26 523 649 676 751 818 828 858 895 
125 117 27 25 115 116 126 128 891 989 
128 126 116 115 112 78 75 41 756 861 
128 126 116 115 112 78 75 41 914 928 
98 26 376 493 509 633 714 762 807 920 
98 26 78 112 115 116 126 128 856 930 
128 126 116 115 112 78 75 41 942 948 
98 26 87 182 349 456 622 673 763 979 
128 126 116 115 112 78 75 41 712 772 
128 126 116 115 112 78 75 41 879 949 
128 126 116 115 112 78 75 41 893 918 
34 186 291 325 335 402 427 488 613 712 
98 26 273 357 572 675 683 720 881 900 
17 72 231 397 463 507 668 798 835 996 
128 126 116 115 112 78 75 41 831 886 
98 26 182 189 361 525 576 713 863 910 
98 26 184 219 314 369 473 590 683 760 
128 126 116 115 112 78 75 41 873 875 
128 126 116 115 112 78 75 41 719 975 
98 26 78 112 115 116 126 128 898 963 
98 26 414 475 502 530 616 694 906 981 
127 73 71 39 194 302 403 417 651 708 
38 179 460 666 677 738 821 872 877 912 
125 117 27 25 464 478 494 615 828 872 
98 26 207 280 397 506 669 747 818 840 
98 26 78 112 115 116 126 128 953 978 
128 126 116 115 112 78 75 41 870 914 
128 126 116 115 112 78 75 41 935 991 
128 126 116 115 112 78 75 41 918 960 
128 126 116 115 112 78 75 41 967 997 
396 459 590 655 689 712 722 740 805 949 
128 126 116 115 112 78 75 41 663 949 
26 216 232 257 411 499 679 754 913 940 
1 197 281 406 449 525 611 618 690 972 
128 126 116 115 112 78 75 41 726 933 
119 113 517 520 630 747 897 924 933 980 
128 126 116 115 112 78 75 41 905 996 
23 106 136 261 329 578 593 623 638 686 
98 26 78 112 115 116 126 128 715 833 
128 126 116 115 112 78 75 41 977 1000 
128 126 116 115 112 78 75 41 777 965 
119 113 78 112 115 116 126 128 811 883 
128 126 116 115 112 78 75 41 919 925 
128 126 116 115 112 78 75 41 791 942 
119 113 143 279 461 502 682 747 896 988 
39 215 232 240 329 437 454 571 592 643 
33 78 171 533 618 628 804 889 910 995 
128 126 116 115 112 78 75 41 919 987 
171 254 396 401 475 525 779 871 899 951 
128 126 116 115 112 78 75 41 799 816 
107 153 233 323 528 619 713 782 884 931 
125 117 27 25 115 116 126 128 869 934 
128 126 116 115 112 78 75 41 891 914 
90 136 259 280 289 439 514 781 844 967 
196 315 346 455 544 614 698 707 930 959 
128 126 116 115 112 78 75 41 722 848 
128 126 116 115 112 78 75 41 756 1000 
128 126 116 115 112 78 75 41 938 974 
128 126 116 115 112 78 75 41 937 974 
127 73 71 39 522 623 650 852 866 940 
119 113 47 297 401 527 564 599 648 762 
128 126 116 115 112 78 75 41 588 857 
128 126 116 115 112 78 75 41 940 980 
72 120 142 353 572 645 738 883 921 958 
128 126 116 115 112 78 75 41 706 838 
128 126 116 115 112 78 75 41 836 971 
14 99 118 119 423 462 471 671 727 940 
128 126 116 115 112 78 75 41 912 995 
128 126 116 115 112 78 75 41 749 841 
128 126 116 115 112 78 75 41 936 1000 
125 117 27 25 115 116 126 128 896 977 
128 126 116 115 112 78 75 41 938 953 
119 113 400 458 625 705 787 824 841 905 
128 126 116 115 112 78 75 41 773 810 
119 113 153 454 691 892 921 932 953 977 
128 126 116 115 112 78 75 41 934 998 
128 126 116 115 112 78 75 41 837 996 
128 126 116 115 112 78 75 41 622 845 
128 126 116 115 112 78 75 41 766 926 
125 117 27 25 498 609 825 860 935 940 
128 126 116 115 112 78 75 41 851 921 
125 117 27 25 330 349 688 760 773 983 
128 126 116 115 112 78 75 41 821 912 
128 126 116 115 112 78 75 41 661 979 
128 126 116 115 112 78 75 41 851 893 
351 433 563 579 698 734 779 815 836 943 
55 128 694 711 724 761 796 871 959 965 
24 79 203 267 384 537 551 568 735 999 
62 92 195 550 579 581 744 773 794 915 
128 126 116 115 112 78 75 41 867 910 
119 113 78 112 115 116 126 128 791 857 
10 228 280 325 362 497 517 769 782 906 
128 126 116 115 112 78 75 41 786 839 
128 126 116 115 112 78 75 41 744 926 
128 126 116 115 112 78 75 41 889 982 
119 113 272 358 423 508 679 907 910 921 
128 126 116 115 112 78 75 41 937 967 
128 126 116 115 112 78 75 41 748 884 
128 126 116 115 112 78 75 41 647 669 
128 126 116 115 112 78 75 41 806 975 
128 126 116 115 112 78 75 41 853 949 
128 126 116 115 112 78 75 41 845 861 
128 126 116 115 112 78 75 41 908 960 
128 126 116 115 112 78 75 41 887 900 
118 104 92 68 253 375 668 809 850 882 
119 113 406 509 522 768 845 855 872 945 
118 104 92 68 388 527 588 793 866 934 
128 126 116 115 112 78 75 41 865 895 
128 126 116 115 112 78 75 41 902 932 
29 156 162 211 336 382 583 888 984 992 
50 136 211 487 537 687 726 750 766 910 
3 26 82 368 431 478 494 553 616 846 
128 126 116 115 112 78 75 41 820 884 
128 126 116 115 112 78 75 41 895 966 
119 113 295 314 459 630 637 660 703 797 
6 107 221 260 384 448 501 772 951 998 
35 60 132 140 364 536 572 581 629 731 
128 126 116 115 112 78 75 41 766 996 
17 141 237 381 527 661 706 712 895 993 
125 117 27 25 516 634 690 790 868 885 
118 104 92 68 115 116 126 128 773 902 
128 126 116 115 112 78 75 41 735 806 
128 126 116 115 112 78 75 41 835 957 
128 126 116 115 112 78 75 41 863 927 
128 126 116 115 112 78 75 41 889 992 
128 126 116 115 112 78 75 41 918 936 
125 117 27 25 376 607 640 721 756 870 
128 126 116 115 112 78 75 41 902 977 
128 126 116 115 112 78 75 41 770 937 
128 126 116 115 112 78 75 41 783 907 
128 126 116 115 112 78 75 41 990 995 
128 126 116 115 112 78 75 41 970 1000 
128 126 116 115 112 78 75 41 702 975 
65 232 246 302 332 422 825 852 867 983 
119 113 78 112 115 116 126 128 932 941 
128 126 116 115 112 78 75 41 670 735 
128 126 116 115 112 78 75 41 907 1000 
128 126 116 115 112 78 75 41 788 814 
128 126 116 115 112 78 75 41 746 781 
128 126 116 115 112 78 75 41 968 977 
24 90 140 398 414 538 578 694 786 887 
128 126 116 115 112 78 75 41 829 994 
128 126 116 115 112 78 75 41 774 962 
128 126 116 115 112 78 75 41 850 960 
21 66 95 201 547 572 602 665 888 894 
128 126 116 115 112 78 75 41 724 997 
102 138 144 270 341 511 594 625 716 738 
128 126 116 115 112 78 75 41 600 851 
128 126 116 115 112 78 75 41 486 982 
65 193 212 366 473 571 604 626 731 860 
128 126 116 115 112 78 75 41 716 852 
128 126 116 115 112 78 75 41 666 903 
109 168 310 430 581 610 620 726 826 873 
128 126 116 115 112 78 75 41 736 974 
96 90 70 51 115 116 126 128 792 916 
128 126 116 115 112 78 75 41 838 999 
203 287 428 548 614 639 658 743 809 866 
198 204 325 449 557 625 732 822 842 907 
125 117 27 25 302 500 520 527 717 825 
103 116 312 375 648 715 737 820 966 976 
128 126 116 115 112 78 75 41 883 892 
13 38 181 316 529 569 637 827 929 930 
128 126 116 115 112 78 75 41 913 962 
46 58 70 147 220 227 629 643 718 958 
125 117 27 25 397 464 662 765 826 926 
128 126 116 115 112 78 75 41 783 833 
122 218 336 364 588 594 667 822 874 914 
128 126 116 115 112 78 75 41 745 783 
119 113 110 233 394 463 505 637 708 971 
128 126 116 115 112 78 75 41 850 853 
125 117 27 25 115 116 126 128 730 733 
125 117 27 25 602 613 694 722 794 890 
118 104 92 68 317 403 757 789 848 880 
119 113 298 343 395 408 538 753 770 872 
306 358 559 574 617 696 710 712 755 860 
128 126 116 115 112 78 75 41 820 997 
128 126 116 115 112 78 75 41 778 856 
82 159 199 255 337 772 880 881 958 962 
127 129 137 170 236 394 531 558 705 908 
149 167 256 333 412 676 726 750 926 936 
128 126 116 115 112 78 75 41 781 862 
119 113 104 118 451 713 867 877 949 955 
119 113 78 112 115 116 126 128 847 868 
128 126 116 115 112 78 75 41 945 982 
128 126 116 115 112 78 75 41 753 917 
239 412 473 609 733 747 808 870 916 951 
128 126 116 115 112 78 75 41 580 670 
91 202 245 283 325 407 425 505 543 837 
41 301 319 350 387 424 495 531 611 768 
128 126 116 115 112 78 75 41 732 961 
119 113 78 112 115 116 126 128 854 890 
128 126 116 115 112 78 75 41 978 990 
125 117 27 25 507 731 896 898 934 998 
128 126 116 115 112 78 75 41 648 980 
128 126 116 115 112 78 75 41 885 911 
128 126 116 115 112 78 75 41 675 919 
118 104 92 68 115 116 126 128 733 881 
128 126 116 115 112 78 75 41 949 966 
4 481 484 615 638 662 689 723 871 978 
125 117 27 25 373 398 526 735 863 891 
128 126 116 115 112 78 75 41 757 953 
118 104 92 68 115 116 126 128 758 837 
128 126 116 115 112 78 75 41 863 876 
128 126 116 115 112 78 75 41 945 977 
119 113 155 210 259 661 796 817 923 950 
128 126 116 115 112 78 75 41 878 893 
128 126 116 115 112 78 75 41 738 903 
304 415 590 687 716 738 806 911 979 996 
119 113 105 191 544 554 593 662 891 960 
118 104 92 68 115 116 126 128 729 940 
60 237 268 427 584 595 602 619 711 744 
128 126 116 115 112 78 75 41 856 961 
128 126 116 115 112 78 75 41 588 805 
118 104 92 68 442 528 584 656 661 760 
119 113 376 410 451 468 735 930 960 1000 
128 126 116 115 112 78 75 41 819 951 
128 126 116 115 112 78 75 41 778 998 
125 117 27 25 115 116 126 128 806 922 
112 146 330 427 495 542 729 815 820 841 
128 126 116 115 112 78 75 41 987 997 
125 117 27 25 225 427 449 472 551 717 
119 113 117 273 324 538 584 673 712 904 
128 126 116 115 112 78 75 41 778 873 
128 126 116 115 112 78 75 41 898 988 
128 126 116 115 112 78 75 41 842 867 
128 126 116 115 112 78 75 41 693 861 
119 113 204 320 350 497 560 677 727 770 
118 104 92 68 305 310 577 627 891 903 
47 113 332 334 357 526 561 599 866 902 
119 113 85 256 328 352 611 616 627 780 
128 126 116 115 112 78 75 41 700 884 
128 126 116 115 112 78 75 41 771 868 
119 113 142 355 485 556 562 635 725 779 
21 114 131 156 451 454 547 568 648 887 
128 126 116 115 112 78 75 41 935 936 
128 126 116 115 112 78 75 41 692 866 
128 126 116 115 112 78 75 41 820 860 
128 126 116 115 112 78 75 41 740 921 
20 316 354 408 421 466 484 510 870 963 
128 126 116 115 112 78 75 41 900 906 
6 56 99 256 290 390 462 817 894 987 
128 126 116 115 112 78 75 41 816 937 
128 126 116 115 112 78 75 41 888 971 
128 126 116 115 112 78 75 41 912 941 
39 95 222 226 254 357 748 849 896 993 
128 126 116 115 112 78 75 41 922 998 
128 126 116 115 112 78 75 41 718 907 
190 315 420 483 490 511 553 726 810 901 
128 126 116 115 112 78 75 41 845 893 
119 113 409 462 686 761 772 840 921 936 
128 126 116 115 112 78 75 41 870 975 
128 126 116 115 112 78 75 41 866 950 
128 126 116 115 112 78 75 41 748 992 
128 126 116 115 112 78 75 41 833 884 
128 126 116 115 112 78 75 41 655 938 
128 126 116 115 112 78 75 41 796 891 
70 202 526 537 685 770 895 901 908 929 
128 126 116 115 112 78 75 41 885 967 
128 126 116 115 112 78 75 41 722 806 
128 126 116 115 112 78 75 41 870 952 
128 126 116 115 112 78 75 41 854 952 
118 104 92 68 483 503 520 764 883 957 
128 126 116 115 112 78 75 41 958 985 
128 126 116 115 112 78 75 41 949 966 
128 126 116 115 112 78 75 41 709 882 
128 126 116 115 112 78 75 41 785 843 
128 126 116 115 112 78 75 41 806 844 
119 113 85 158 501 656 664 833 898 951 
128 126 116 115 112 78 75 41 670 859 
128 126 116 115 112 78 75 41 663 706 
100 243 258 443 547 706 748 768 782 893 
125 117 27 25 115 116 126 128 841 883 
128 126 116 115 112 78 75 41 935 981 
128 126 116 115 112 78 75 41 860 926 
128 126 116 115 112 78 75 41 752 936 
96 132 483 516 581 614 658 750 753 900 
197 218 448 508 517 608 694 727 746 988 
128 126 116 115 112 78 75 41 835 884 
93 145 185 187 215 454 541 825 868 932 
128 126 116 115 112 78 75 41 547 549 
128 126 116 115 112 78 75 41 675 822 
128 126 116 115 112 78 75 41 852 853 
118 104 92 68 361 379 391 626 636 662 
119 113 78 112 115 116 126 128 874 922 
128 126 116 115 112 78 75 41 885 928 
127 73 71 39 471 482 621 636 866 991 
128 126 116 115 112 78 75 41 847 848 
125 117 27 25 650 705 776 849 927 942 
128 126 116 115 112 78 75 41 807 969 
125 117 27 25 238 495 572 587 708 747 
128 126 116 115 112 78 75 41 819 852 
119 113 253 533 682 709 720 816 888 904 
