45 68 68 120 126 447 128 705 771 898 
45 74 120 119 128 124 125 846 850 941 
45 68 124 120 128 126 128 237 725 820 
45 68 68 126 120 923 126 128 949 981 
45 68 68 120 128 126 764 128 904 906 
45 68 120 126 311 128 531 702 783 833 
74 119 120 124 128 125 538 581 650 831 
45 68 124 120 128 126 695 128 795 920 
74 45 68 120 126 638 128 836 910 954 
45 68 120 126 128 128 675 790 808 885 
74 45 124 68 120 126 686 128 805 977 
15 45 68 120 126 446 128 827 961 971 
45 68 68 126 120 448 126 128 981 993 
45 45 68 126 120 597 126 128 859 922 
45 45 68 126 120 280 126 128 965 988 
45 68 120 120 126 128 515 553 700 984 
74 42 124 46 128 116 127 576 579 975 
45 68 120 126 128 584 735 736 764 798 
45 45 68 126 120 126 798 128 889 928 
45 45 120 68 120 126 128 406 787 910 
45 45 120 68 120 376 126 128 657 826 
74 68 119 124 128 125 657 712 717 912 
45 45 120 68 120 518 126 128 820 832 
45 68 68 126 120 126 128 746 960 985 
74 45 124 68 120 657 126 128 953 978 
95 45 320 68 412 120 126 128 824 950 
45 68 120 126 128 545 690 718 906 934 
45 68 68 120 126 128 698 771 970 983 
45 68 120 120 128 126 128 447 769 918 
74 45 124 68 120 757 126 128 889 937 
45 68 68 120 126 324 128 588 865 956 
45 68 68 120 126 289 128 651 776 934 
45 173 68 120 548 126 737 128 807 909 
45 119 68 125 120 553 126 128 756 801 
45 68 120 120 128 126 128 912 956 989 
45 45 68 120 126 128 658 661 767 877 
45 74 119 126 124 655 125 829 861 979 
45 159 68 120 404 126 679 128 813 822 
45 45 68 120 126 128 688 852 866 883 
45 45 68 120 126 128 464 722 843 916 
45 68 341 120 436 126 128 603 785 835 
45 68 120 126 723 128 760 826 914 971 
45 45 120 68 120 587 126 128 716 930 
24 45 68 509 120 828 126 128 865 893 
42 46 142 116 776 127 877 888 902 999 
115 45 68 120 126 447 128 825 874 876 
45 68 68 126 120 126 128 689 866 950 
45 45 68 126 120 126 367 128 622 764 
45 68 280 120 126 573 128 715 889 929 
74 45 124 68 120 426 126 128 670 996 
45 68 68 120 126 450 128 618 654 862 
45 68 68 126 120 549 126 128 782 948 
45 68 68 120 128 126 128 453 496 850 
45 45 120 68 120 126 128 804 854 983 
45 68 120 120 128 126 544 128 880 954 
74 45 68 125 120 767 126 128 862 883 
45 68 120 126 126 128 633 767 858 871 
45 68 68 126 120 578 126 128 873 933 
45 68 120 126 128 768 811 849 858 968 
45 74 120 119 128 124 125 627 656 805 
45 45 120 68 120 126 128 663 807 936 
45 68 68 126 120 126 616 128 747 967 
117 119 124 125 458 616 649 823 835 904 
45 45 68 120 128 126 128 632 817 889 
45 42 46 126 116 383 127 665 776 897 
74 45 124 68 120 439 126 128 877 977 
45 45 68 120 126 470 128 627 904 985 
45 46 68 120 126 347 128 583 701 798 
45 68 68 126 120 427 126 128 967 980 
74 117 119 124 398 125 646 851 894 958 
45 45 120 68 128 120 126 128 946 993 
45 68 120 126 476 128 786 813 899 1000 
45 119 68 120 128 126 128 848 934 966 
45 45 120 68 128 120 126 128 823 992 
6 74 119 124 515 125 766 971 984 986 
74 45 124 68 128 120 126 128 848 965 
77 45 456 68 670 120 126 128 965 973 
45 68 120 126 128 487 673 776 811 947 
45 68 120 125 126 128 814 854 942 977 
42 45 68 127 120 852 126 128 938 1000 
45 68 120 126 128 274 279 353 665 893 
45 45 68 120 128 126 737 128 921 966 
45 45 120 68 120 486 126 128 847 955 
45 68 120 120 128 126 442 128 591 701 
66 45 276 68 395 120 126 128 964 977 
45 68 120 126 126 128 628 636 830 914 
45 68 120 127 126 291 128 414 570 835 
155 45 239 68 403 120 126 128 867 954 
81 45 68 491 120 126 128 644 731 944 
45 68 120 126 128 128 696 815 902 909 
74 32 81 102 114 659 777 821 900 977 
74 45 68 120 685 126 732 128 947 996 
45 68 120 126 126 128 685 689 855 909 
45 68 68 126 120 126 856 128 960 993 
45 68 68 120 126 199 128 400 579 975 
74 119 119 125 124 572 125 650 727 864 
45 45 68 120 128 126 128 578 639 998 
45 68 124 120 126 311 128 636 692 932 
45 74 119 124 125 460 553 627 864 897 
74 42 46 116 127 516 574 584 832 899 
45 68 68 126 120 423 126 128 761 993 
45 68 120 126 128 652 731 745 846 954 
45 68 68 126 120 510 126 128 872 988 
65 83 134 449 462 531 705 784 896 958 
45 45 120 68 120 126 558 128 579 1000 
45 131 68 120 501 126 128 677 687 835 
45 45 68 120 128 126 479 128 570 989 
42 45 68 120 714 126 128 797 849 991 
45 74 120 119 128 124 125 391 721 845 
45 68 68 126 120 609 126 128 862 900 
45 68 68 120 126 616 128 846 927 943 
45 68 68 126 120 349 126 128 799 989 
78 159 280 335 557 641 658 836 935 951 
45 68 116 120 273 126 128 771 861 942 
44 45 245 68 302 120 126 128 860 930 
42 123 46 412 116 127 534 591 645 963 
45 132 68 200 120 371 126 128 915 926 
45 45 120 68 120 679 126 128 775 938 
45 45 120 68 128 120 126 128 903 952 
45 68 124 120 634 126 128 901 918 945 
45 68 120 120 128 126 702 128 750 924 
45 46 68 127 120 126 405 128 621 741 
45 68 68 126 120 126 338 128 714 830 
45 45 120 68 120 657 126 128 957 986 
45 74 120 119 124 449 125 707 770 875 
45 68 460 120 634 126 128 855 954 986 
45 68 120 126 128 609 864 889 892 925 
130 162 220 394 470 584 640 659 681 925 
45 68 120 126 126 516 128 822 836 927 
45 46 68 120 126 645 128 745 855 978 
45 68 120 120 128 126 735 128 886 923 
115 123 283 390 422 533 626 674 716 814 
45 68 68 120 128 126 128 737 800 915 
45 68 68 126 120 126 128 853 857 878 
45 45 120 68 128 120 126 128 890 934 
74 45 124 68 120 126 777 128 893 958 
45 46 68 127 120 702 126 128 742 985 
45 74 119 124 125 480 577 846 916 984 
74 68 119 124 125 624 677 825 932 966 
45 68 120 126 126 759 128 790 860 984 
45 45 68 120 128 126 739 128 865 919 
45 68 120 120 126 780 128 828 891 932 
74 68 119 124 125 235 431 493 611 830 
45 45 68 126 120 577 126 128 706 859 
42 45 68 127 120 373 126 128 860 869 
45 45 120 68 128 120 126 128 773 983 
45 119 68 125 120 536 126 128 946 960 
45 68 120 125 126 128 487 533 892 916 
74 119 119 124 128 125 759 891 907 970 
40 68 79 111 128 784 818 861 946 980 
45 45 68 120 126 128 705 808 903 920 
74 68 119 124 128 125 619 675 838 852 
45 68 68 120 126 765 128 816 876 952 
45 119 68 120 126 128 641 685 708 985 
74 74 124 119 651 124 125 877 913 978 
45 68 124 120 126 721 128 792 877 942 
45 45 120 68 120 378 126 128 974 980 
74 45 68 120 124 126 128 850 853 879 
42 45 116 68 120 126 128 704 757 986 
45 68 68 120 126 647 128 855 907 990 
45 74 120 119 124 125 666 672 825 982 
74 68 119 126 124 125 715 747 818 968 
74 45 124 68 120 463 126 128 699 880 
45 45 68 120 128 126 128 491 835 983 
45 45 68 126 120 126 128 519 606 645 
45 68 68 126 120 126 128 871 886 999 
134 287 407 438 470 612 675 680 818 849 
45 68 120 120 128 126 838 128 977 1000 
45 68 120 120 128 126 128 630 753 977 
74 119 119 124 128 125 879 912 946 954 
45 45 68 120 128 126 755 128 954 969 
45 68 120 126 128 128 650 772 810 922 
45 45 68 126 120 126 308 128 644 871 
74 68 119 126 124 125 315 333 392 567 
45 45 68 120 126 445 128 673 811 920 
45 45 120 68 120 446 126 128 633 807 
74 45 124 68 120 234 126 128 742 886 
45 68 120 126 128 283 725 735 795 963 
45 45 68 120 128 126 855 128 934 973 
238 45 319 68 376 120 126 128 880 911 
45 68 120 126 321 128 470 851 875 947 
45 45 68 126 120 126 128 607 645 853 
74 45 124 68 403 120 126 128 911 919 
45 74 120 119 128 124 125 566 710 747 
45 68 120 126 530 128 710 717 856 863 
42 45 68 120 126 128 293 316 402 468 
45 45 68 126 120 625 126 128 918 972 
45 45 68 126 120 691 126 128 845 879 
45 45 120 68 120 126 427 128 758 866 
45 68 120 120 126 364 128 808 875 908 
45 45 120 68 120 126 128 695 751 963 
42 45 116 68 481 120 126 128 890 931 
45 68 68 120 128 126 486 128 925 943 
45 68 314 120 572 126 650 128 868 988 
45 45 120 68 120 331 126 128 951 996 
131 45 68 360 120 126 128 658 673 805 
45 45 68 120 128 126 128 898 967 988 
74 119 124 125 346 578 740 801 816 896 
74 45 68 125 120 126 128 919 923 928 
45 119 68 125 120 737 126 128 887 978 
45 68 120 335 126 128 451 774 926 991 
74 45 68 120 437 126 719 128 733 907 
45 68 68 126 120 126 688 128 752 936 
45 68 124 120 126 128 499 654 661 685 
45 68 120 120 126 225 128 681 969 998 
45 45 68 126 120 126 128 766 931 940 
74 68 119 124 128 125 659 765 928 955 
45 68 68 120 128 126 810 128 877 937 
74 428 119 124 676 125 818 828 858 895 
120 196 358 368 434 501 687 710 891 989 
45 68 120 126 128 585 661 745 756 861 
45 45 68 126 120 126 128 871 914 928 
45 45 120 68 128 120 126 128 807 920 
45 45 120 68 128 120 126 128 856 930 
74 68 119 124 128 125 642 729 942 948 
45 68 68 120 128 126 128 673 763 979 
45 45 120 68 128 120 126 128 712 772 
45 115 120 123 128 668 720 795 879 949 
282 45 68 629 120 736 126 128 893 918 
42 68 46 116 128 127 427 488 613 712 
45 68 120 125 126 128 683 720 881 900 
45 119 68 120 463 126 668 128 835 996 
45 46 68 120 126 596 128 808 831 886 
45 45 68 126 120 525 126 128 863 910 
45 68 120 126 128 128 473 590 683 760 
131 45 68 253 120 615 126 128 873 875 
74 45 124 68 120 618 126 128 719 975 
19 45 68 120 652 126 128 852 898 963 
74 45 68 125 120 126 616 128 906 981 
45 68 68 120 126 128 403 417 651 708 
45 45 68 120 128 126 128 872 877 912 
74 45 68 125 120 478 126 128 828 872 
45 68 120 120 128 126 669 128 818 840 
74 46 119 124 125 666 791 904 953 978 
42 45 68 127 120 126 128 667 870 914 
45 45 68 126 120 636 126 128 935 991 
45 45 68 120 126 746 128 864 918 960 
45 68 68 126 120 556 126 128 967 997 
45 119 68 125 120 712 126 128 805 949 
45 68 68 120 128 126 128 547 663 949 
26 216 232 257 411 499 679 754 913 940 
45 68 68 126 120 126 611 128 690 972 
45 68 68 126 120 126 128 606 726 933 
158 199 517 520 630 747 897 924 933 980 
42 45 68 127 120 126 128 727 905 996 
45 45 120 68 128 120 126 128 638 686 
45 68 68 120 126 554 128 656 715 833 
74 45 68 120 126 128 870 908 977 1000 
45 68 120 120 126 128 718 721 777 965 
74 45 124 68 120 621 126 128 811 883 
19 45 295 68 120 126 628 128 919 925 
45 45 68 126 120 126 419 128 791 942 
45 79 68 279 120 126 682 128 896 988 
45 45 68 120 128 126 128 571 592 643 
45 68 171 120 126 128 804 889 910 995 
13 45 137 68 120 126 128 491 919 987 
45 68 120 120 126 128 779 871 899 951 
74 45 68 125 120 126 680 128 799 816 
45 74 120 119 128 124 125 782 884 931 
74 174 119 271 124 125 452 685 869 934 
74 45 124 68 544 120 126 128 891 914 
90 136 259 280 289 439 514 781 844 967 
45 119 68 120 128 126 698 128 930 959 
45 68 68 120 128 126 128 557 722 848 
45 45 68 126 120 361 126 128 756 1000 
45 68 68 120 126 166 128 699 938 974 
162 45 250 68 333 120 126 128 937 974 
42 74 119 127 124 125 650 852 866 940 
45 74 119 126 124 527 125 599 648 762 
74 119 124 125 328 405 420 469 588 857 
45 68 120 126 128 381 658 929 940 980 
45 45 68 126 120 645 126 128 921 958 
45 119 68 125 120 126 128 607 706 838 
74 45 124 68 296 120 126 128 836 971 
45 119 68 120 423 126 471 128 727 940 
45 68 68 120 126 599 128 768 912 995 
45 68 120 120 128 126 626 128 749 841 
74 119 120 124 128 125 751 878 936 1000 
45 109 68 120 126 568 128 874 896 977 
45 119 68 125 120 618 126 128 938 953 
74 119 124 125 625 705 787 824 841 905 
74 45 68 120 126 552 128 646 773 810 
45 68 120 126 128 128 921 932 953 977 
45 46 68 120 126 795 128 912 934 998 
74 119 120 124 125 754 785 830 837 996 
45 68 120 126 128 259 338 381 622 845 
45 45 120 68 120 126 128 737 766 926 
45 68 120 126 126 609 128 860 935 940 
74 68 119 126 124 125 715 840 851 921 
74 119 124 126 125 349 688 760 773 983 
45 68 68 120 128 126 634 128 821 912 
45 68 124 120 126 515 128 625 661 979 
74 45 68 125 120 126 736 128 851 893 
74 45 68 125 120 734 126 128 836 943 
45 68 120 120 128 126 796 128 959 965 
45 74 120 119 128 124 125 568 735 999 
45 68 120 126 128 581 744 773 794 915 
45 45 120 68 120 126 679 128 867 910 
74 119 124 124 125 398 478 734 791 857 
45 68 120 127 126 497 128 769 782 906 
45 68 68 120 128 126 128 696 786 839 
45 68 120 126 128 329 526 672 744 926 
42 65 46 116 542 127 668 807 889 982 
45 199 68 120 126 128 679 907 910 921 
74 74 124 119 704 124 125 906 937 967 
42 45 68 120 494 126 128 666 748 884 
42 45 116 68 219 120 126 128 647 669 
45 123 68 325 120 126 675 128 806 975 
45 45 68 126 120 126 128 770 853 949 
45 68 116 120 126 128 750 754 845 861 
45 249 68 120 617 126 128 812 908 960 
45 74 120 119 128 124 125 740 887 900 
74 45 68 120 128 126 128 809 850 882 
45 45 120 68 120 126 845 128 872 945 
45 45 68 126 120 527 126 128 866 934 
74 45 68 120 553 126 128 796 865 895 
55 45 68 120 126 384 128 691 902 932 
29 42 162 46 336 116 127 888 984 992 
45 68 120 120 126 128 726 750 766 910 
45 26 68 368 120 126 128 553 616 846 
45 45 120 68 128 120 126 128 820 884 
45 68 120 126 126 128 563 755 895 966 
45 119 68 120 459 126 637 128 703 797 
45 68 124 120 126 128 501 772 951 998 
74 45 68 120 364 126 572 128 629 731 
45 45 120 68 120 126 128 713 766 996 
45 45 68 126 120 661 126 128 895 993 
45 42 120 46 116 127 690 790 868 885 
45 119 68 125 120 126 659 128 773 902 
45 45 68 120 128 126 128 716 735 806 
45 68 120 126 126 128 519 584 835 957 
45 45 120 68 128 120 126 128 863 927 
45 68 68 126 120 126 556 128 889 992 
45 68 120 126 126 128 818 887 918 936 
45 45 120 68 128 120 126 128 756 870 
45 68 120 120 128 126 699 128 902 977 
42 45 116 68 558 120 126 128 770 937 
74 45 68 120 255 126 586 128 783 907 
45 45 120 68 128 120 126 128 990 995 
45 45 120 68 128 120 126 128 970 1000 
45 68 68 120 128 126 128 670 702 975 
45 45 68 126 120 422 126 128 867 983 
45 68 68 126 120 695 126 128 932 941 
74 42 124 46 116 127 406 616 670 735 
39 223 460 499 699 746 758 834 907 1000 
45 119 68 120 126 128 519 769 788 814 
45 45 68 120 126 128 703 717 746 781 
5 45 75 68 293 120 126 128 968 977 
24 45 68 120 414 126 578 128 786 887 
45 68 120 120 128 126 128 696 829 994 
45 68 282 120 494 126 703 128 774 962 
74 45 68 120 128 126 436 128 850 960 
45 68 120 120 128 126 602 128 888 894 
74 45 124 68 120 126 598 128 724 997 
74 45 124 68 120 511 126 128 716 738 
45 68 68 120 126 352 128 559 600 851 
45 68 68 120 128 126 128 407 486 982 
45 45 120 68 128 120 126 128 731 860 
45 45 120 68 128 120 126 128 716 852 
45 45 120 68 120 126 554 128 666 903 
45 68 124 120 128 126 620 128 826 873 
45 68 120 126 128 128 547 666 736 974 
45 45 120 68 120 570 126 128 792 916 
42 45 116 68 120 126 734 128 838 999 
45 45 68 120 128 126 658 128 809 866 
45 68 120 120 126 625 128 822 842 907 
74 45 124 68 128 120 126 128 717 825 
45 68 120 120 128 126 128 820 966 976 
74 45 124 68 128 120 126 128 883 892 
45 68 120 126 126 569 128 827 929 930 
45 68 120 126 128 603 696 780 913 962 
45 74 120 119 124 125 629 643 718 958 
45 68 120 126 128 464 662 765 826 926 
45 68 120 120 126 676 128 703 783 833 
45 45 68 120 128 126 128 822 874 914 
74 45 124 68 120 126 626 128 745 783 
45 45 68 120 126 128 505 637 708 971 
74 45 124 68 128 120 126 128 850 853 
45 68 410 120 126 128 701 716 730 733 
45 119 68 125 120 126 694 128 794 890 
45 45 120 68 120 403 126 128 848 880 
74 45 68 125 120 126 128 753 770 872 
306 358 559 574 617 696 710 712 755 860 
45 68 68 120 126 736 128 791 820 997 
45 68 126 120 126 128 447 517 778 856 
45 68 120 126 126 128 880 881 958 962 
74 45 124 68 236 120 126 128 705 908 
45 45 68 120 128 126 128 750 926 936 
45 45 120 68 128 120 126 128 781 862 
45 68 120 120 126 713 128 877 949 955 
42 46 116 127 527 601 635 721 847 868 
45 46 68 127 120 126 128 862 945 982 
42 45 68 120 126 128 624 655 753 917 
74 68 119 124 128 125 808 870 916 951 
45 68 120 120 128 126 547 128 580 670 
45 68 120 126 126 128 425 505 543 837 
74 45 68 125 120 424 126 128 611 768 
52 68 178 215 237 438 450 559 732 961 
45 119 68 125 120 126 128 802 854 890 
45 45 120 68 128 120 126 128 978 990 
66 23 28 427 507 731 896 898 934 998 
35 338 363 404 444 448 526 643 648 980 
74 119 124 125 125 584 739 795 885 911 
74 74 124 119 124 455 125 584 675 919 
115 123 76 267 278 441 664 679 733 881 
74 74 124 119 124 125 715 851 949 966 
4 42 46 116 127 662 689 723 871 978 
74 119 124 360 125 398 526 735 863 891 
74 119 124 125 453 545 557 612 757 953 
56 74 305 119 481 124 125 755 758 837 
430 42 637 46 116 127 703 847 863 876 
42 115 123 127 681 799 938 941 945 977 
62 88 155 210 259 661 796 817 923 950 
74 46 119 124 226 125 536 564 878 893 
42 290 46 341 116 127 478 708 738 903 
42 415 46 116 127 738 806 911 979 996 
10 33 105 191 544 554 593 662 891 960 
115 74 216 119 124 125 673 694 729 940 
74 74 119 125 124 595 125 619 711 744 
74 293 119 523 124 681 125 824 856 961 
74 119 117 124 125 313 372 470 588 805 
41 107 228 416 442 528 584 656 661 760 
74 348 119 124 125 468 735 930 960 1000 
74 119 119 124 489 125 743 754 819 951 
42 46 116 116 127 440 505 760 778 998 
63 74 92 119 236 124 125 703 806 922 
112 146 330 427 495 542 729 815 820 841 
300 74 568 119 124 842 125 967 987 997 
42 46 116 127 225 427 449 472 551 717 
42 74 116 119 324 124 125 673 712 904 
29 135 164 312 573 592 611 652 778 873 
74 119 134 124 299 125 757 836 898 988 
74 42 124 46 467 116 127 602 842 867 
198 23 28 525 572 595 630 663 693 861 
91 156 204 320 350 497 560 677 727 770 
13 41 68 150 305 310 577 627 891 903 
47 113 332 334 357 526 561 599 866 902 
74 74 124 119 124 125 611 616 627 780 
94 198 348 394 450 569 625 654 700 884 
79 140 219 283 724 726 755 760 771 868 
75 74 119 355 124 125 562 635 725 779 
21 114 131 156 451 454 547 568 648 887 
74 74 124 119 124 789 125 914 935 936 
74 143 119 331 124 464 125 674 692 866 
74 46 119 127 124 125 632 645 820 860 
51 65 100 267 342 394 395 728 740 921 
20 316 354 408 421 466 484 510 870 963 
209 223 270 340 387 833 849 891 900 906 
42 46 124 116 290 127 462 817 894 987 
70 159 365 429 525 603 607 684 816 937 
74 119 124 125 560 693 793 823 888 971 
74 42 46 125 116 389 127 594 912 941 
42 46 116 127 254 357 748 849 896 993 
35 85 121 312 393 804 842 868 922 998 
74 119 212 124 125 437 438 483 718 907 
190 315 420 483 490 511 553 726 810 901 
42 46 116 125 127 492 534 610 845 893 
345 398 409 462 686 761 772 840 921 936 
115 163 123 219 221 321 400 489 870 975 
42 74 119 127 124 790 125 865 866 950 
205 330 357 420 434 449 475 571 748 992 
74 74 119 124 125 584 697 776 833 884 
74 119 124 125 125 528 549 621 655 938 
42 46 116 127 571 612 649 742 796 891 
70 202 526 537 685 770 895 901 908 929 
28 126 193 257 318 523 755 806 885 967 
117 233 271 388 478 490 510 616 722 806 
74 119 124 125 125 578 584 632 870 952 
74 119 255 124 125 647 753 761 854 952 
74 46 119 124 125 503 520 764 883 957 
74 74 124 119 221 124 125 856 958 985 
23 119 28 125 606 662 835 943 949 966 
42 46 116 206 127 366 447 550 709 882 
42 350 46 116 521 127 705 777 785 843 
47 74 172 119 289 124 125 504 806 844 
10 74 119 124 501 125 664 833 898 951 
116 142 308 330 477 479 647 668 670 859 
74 88 119 261 124 461 125 587 663 706 
74 243 119 443 124 125 748 768 782 893 
74 131 119 454 124 125 702 704 841 883 
179 74 119 124 125 679 700 731 935 981 
3 74 119 124 125 421 606 701 860 926 
54 62 331 361 376 444 601 665 752 936 
74 74 124 119 124 125 658 750 753 900 
74 119 448 124 517 125 694 727 746 988 
20 115 318 123 522 595 691 717 835 884 
74 119 185 124 125 454 541 825 868 932 
42 32 116 81 285 102 114 526 547 549 
74 115 123 125 390 449 651 669 675 822 
117 119 124 125 253 278 691 769 852 853 
74 119 184 124 125 379 391 626 636 662 
8 74 207 119 570 124 125 797 874 922 
97 191 217 323 396 627 661 777 885 928 
74 316 119 124 125 482 621 636 866 991 
94 168 395 429 713 733 808 822 847 848 
74 400 119 619 124 125 776 849 927 942 
36 74 259 119 504 124 125 736 807 969 
74 74 124 119 124 495 125 587 708 747 
49 152 208 410 490 657 732 809 819 852 
67 74 119 533 124 709 125 816 888 904 
