126 125 299 399 428 447 610 705 771 898 
127 123 100 28 448 670 750 846 850 941 
127 123 100 28 119 219 223 237 725 820 
122 128 319 743 763 923 939 944 949 981 
128 122 487 719 742 744 764 773 904 906 
126 125 188 272 311 463 531 702 783 833 
128 122 123 127 117 124 538 581 650 831 
128 122 123 127 538 594 695 736 795 920 
128 122 98 101 119 638 658 836 910 954 
128 122 434 597 631 658 675 790 808 885 
128 122 281 419 504 633 686 787 805 977 
127 123 100 28 119 446 816 827 961 971 
128 122 166 339 437 448 505 693 981 993 
128 122 177 365 514 597 607 725 859 922 
128 122 162 182 228 280 476 627 965 988 
126 125 123 127 296 354 515 553 700 984 
127 123 100 28 261 317 388 576 579 975 
128 122 98 101 119 584 735 736 764 798 
128 122 564 591 614 733 798 805 889 928 
126 125 203 269 276 321 368 406 787 910 
128 122 198 256 328 376 431 449 657 826 
128 122 277 336 349 506 657 712 717 912 
128 122 98 101 119 518 526 562 820 832 
128 122 211 305 310 673 738 746 960 985 
127 123 100 28 655 657 754 792 953 978 
126 125 320 401 412 432 529 762 824 950 
119 101 98 87 24 545 690 718 906 934 
128 122 98 101 119 680 698 771 970 983 
128 122 153 160 253 306 437 447 769 918 
128 122 421 424 655 757 771 814 889 937 
128 122 98 101 119 324 538 588 865 956 
128 122 98 101 119 289 311 651 776 934 
128 122 183 481 548 719 737 780 807 909 
128 122 241 284 539 553 565 600 756 801 
119 101 98 87 24 758 872 912 956 989 
119 101 98 87 24 628 658 661 767 877 
127 123 100 28 539 655 768 829 861 979 
127 123 100 28 404 533 679 781 813 822 
127 123 100 28 618 641 688 852 866 883 
128 122 85 188 308 382 464 722 843 916 
127 123 100 28 436 446 556 603 785 835 
128 122 439 570 723 752 760 826 914 971 
126 125 296 497 580 587 602 614 716 930 
128 122 405 509 744 828 839 854 865 893 
10 15 142 189 776 829 877 888 902 999 
128 122 334 387 434 447 745 825 874 876 
128 122 123 127 430 447 475 689 866 950 
127 123 100 28 153 361 367 588 622 764 
128 122 280 314 407 573 697 715 889 929 
127 123 100 28 289 426 514 583 670 996 
127 123 100 28 119 450 553 618 654 862 
127 123 100 28 425 549 623 731 782 948 
128 122 139 185 252 272 366 453 496 850 
127 123 100 28 417 425 543 804 854 983 
128 122 263 302 439 511 544 832 880 954 
62 272 369 479 595 767 783 828 862 883 
62 128 102 136 137 203 633 767 858 871 
128 122 123 127 576 578 588 834 873 933 
128 122 288 741 755 768 811 849 858 968 
128 122 98 101 119 385 614 627 656 805 
128 122 456 464 509 532 625 663 807 936 
128 122 290 489 587 601 616 746 747 967 
126 125 146 308 458 616 649 823 835 904 
128 122 288 320 345 380 436 632 817 889 
124 117 108 99 97 64 461 665 776 897 
128 122 317 383 423 439 753 790 877 977 
128 122 245 251 340 470 574 627 904 985 
127 123 100 28 300 347 574 583 701 798 
126 125 197 353 371 427 592 849 967 980 
124 117 108 99 97 64 646 851 894 958 
128 122 165 244 284 545 775 927 946 993 
126 125 398 445 476 483 786 813 899 1000 
128 122 347 437 454 658 767 848 934 966 
128 122 98 101 119 553 574 580 823 992 
127 123 100 28 119 658 766 971 984 986 
128 122 412 461 533 559 641 699 848 965 
127 123 100 28 670 725 958 960 965 973 
128 122 98 101 119 487 673 776 811 947 
127 123 100 28 581 654 814 854 942 977 
128 122 541 793 814 852 874 928 938 1000 
127 123 100 28 243 274 279 353 665 893 
128 122 398 419 460 681 737 866 921 966 
127 123 100 28 443 486 633 681 847 955 
127 123 100 28 346 369 442 462 591 701 
119 101 98 87 24 828 877 909 964 977 
126 125 405 481 586 617 628 636 830 914 
127 123 100 28 189 291 348 414 570 835 
127 123 100 28 119 426 491 499 867 954 
128 122 447 491 507 567 596 644 731 944 
124 117 108 99 97 64 696 815 902 909 
126 125 98 101 119 659 777 821 900 977 
128 122 420 426 685 696 732 923 947 996 
119 101 98 87 24 637 685 689 855 909 
128 122 444 474 652 838 856 863 960 993 
128 122 153 188 190 199 208 400 579 975 
128 122 98 101 119 572 610 650 727 864 
128 122 290 320 410 416 421 578 639 998 
128 122 83 129 217 311 540 636 692 932 
119 101 98 87 24 460 553 627 864 897 
128 122 103 315 344 516 574 584 832 899 
128 122 313 355 422 423 495 639 761 993 
127 123 100 28 542 652 731 745 846 954 
126 125 123 127 119 510 574 807 872 988 
128 122 134 449 462 531 705 784 896 958 
128 122 232 297 342 536 558 569 579 1000 
126 125 258 419 501 550 557 677 687 835 
127 123 100 28 410 451 479 534 570 989 
128 122 573 688 714 731 739 797 849 991 
119 101 98 87 24 337 371 391 721 845 
127 123 100 28 545 609 677 845 862 900 
128 122 271 453 531 616 695 846 927 943 
127 123 100 28 119 349 353 682 799 989 
128 122 123 127 557 641 658 836 935 951 
128 122 246 272 273 361 728 771 861 942 
128 122 245 276 302 324 566 708 860 930 
128 122 98 101 119 442 534 591 645 963 
127 123 100 28 287 371 535 885 915 926 
128 122 319 387 512 679 700 774 775 938 
127 123 100 28 119 700 795 806 903 952 
128 122 123 127 634 730 823 901 918 945 
128 122 247 371 635 700 702 729 750 924 
126 125 262 263 333 342 405 421 621 741 
127 123 100 28 221 267 338 710 714 830 
128 122 589 594 655 657 670 693 957 986 
128 122 162 290 388 449 540 707 770 875 
128 122 123 127 634 791 804 855 954 986 
62 80 472 557 596 609 864 889 892 925 
128 122 220 394 470 584 640 659 681 925 
128 122 123 127 119 516 809 822 836 927 
119 101 98 87 24 645 668 745 855 978 
127 123 100 28 440 705 735 750 886 923 
128 122 123 127 422 533 626 674 716 814 
128 122 344 383 549 616 626 737 800 915 
128 122 411 437 467 688 761 853 857 878 
126 125 268 274 307 604 622 889 890 934 
127 123 100 28 587 751 777 852 893 958 
128 122 386 540 580 702 709 740 742 985 
128 122 272 364 379 480 577 846 916 984 
128 122 290 380 543 624 677 825 932 966 
128 122 123 127 698 759 781 790 860 984 
126 125 28 35 172 730 739 850 865 919 
128 122 123 127 119 780 814 828 891 932 
128 122 123 127 194 235 431 493 611 830 
128 122 323 429 542 577 661 670 706 859 
62 160 197 206 340 373 485 673 860 869 
128 122 197 404 479 574 644 732 773 983 
128 122 122 168 298 536 736 842 946 960 
126 125 123 127 119 340 487 533 892 916 
128 122 202 222 247 398 759 891 907 970 
127 123 100 28 412 784 818 861 946 980 
62 350 520 531 573 701 705 808 903 920 
126 125 98 101 119 513 619 675 838 852 
128 122 98 101 119 765 792 816 876 952 
128 122 401 416 523 537 641 685 708 985 
128 122 337 574 651 747 806 877 913 978 
127 123 100 28 416 721 729 792 877 942 
127 123 100 28 345 378 516 963 974 980 
128 122 98 101 119 442 692 850 853 879 
128 122 98 101 119 642 674 704 757 986 
126 125 309 474 530 647 703 855 907 990 
127 123 100 28 276 642 666 672 825 982 
128 122 193 209 493 615 715 747 818 968 
127 123 100 28 426 463 498 580 699 880 
126 125 143 201 218 292 469 491 835 983 
128 122 98 101 119 356 436 519 606 645 
119 101 98 87 24 739 821 871 886 999 
128 122 407 438 470 612 675 680 818 849 
128 122 180 487 605 823 838 904 977 1000 
128 122 352 357 472 598 609 630 753 977 
126 125 123 127 575 638 879 912 946 954 
122 128 150 190 535 604 755 810 954 969 
119 101 98 87 24 601 650 772 810 922 
128 122 115 117 129 205 308 535 644 871 
128 122 132 133 145 183 315 333 392 567 
127 123 100 28 412 445 637 673 811 920 
128 122 400 405 409 446 515 610 633 807 
127 123 100 28 200 234 344 645 742 886 
119 101 98 87 24 283 725 735 795 963 
128 122 308 475 773 780 855 911 934 973 
126 125 319 322 376 505 608 874 880 911 
124 117 108 99 97 64 470 851 875 947 
126 125 99 108 117 124 553 607 645 853 
128 122 167 252 403 504 535 871 911 919 
128 122 78 147 263 404 526 566 710 747 
128 122 123 127 530 627 710 717 856 863 
128 122 93 134 196 270 293 316 402 468 
126 125 329 488 562 625 652 693 918 972 
128 122 98 101 119 691 789 810 845 879 
62 103 228 252 326 381 427 726 758 866 
128 122 177 227 243 364 424 808 875 908 
127 123 100 28 446 514 653 695 751 963 
128 122 429 439 481 513 556 665 890 931 
128 122 98 101 119 443 486 816 925 943 
128 122 314 359 572 609 650 716 868 988 
128 122 235 256 316 331 504 656 951 996 
127 123 100 28 367 557 652 658 673 805 
124 117 108 99 97 64 836 898 967 988 
127 123 100 28 119 578 740 801 816 896 
128 122 123 127 119 809 892 919 923 928 
128 122 548 589 607 737 812 841 887 978 
128 122 297 335 353 408 451 774 926 991 
128 122 98 101 119 575 719 726 733 907 
124 117 108 99 97 64 688 708 752 936 
128 122 125 183 330 452 499 654 661 685 
127 123 100 28 154 225 338 681 969 998 
126 125 98 101 119 751 760 766 931 940 
128 122 99 108 117 124 659 765 928 955 
62 250 263 630 631 774 810 868 877 937 
62 128 523 649 676 751 818 828 858 895 
128 122 123 127 434 501 687 710 891 989 
128 122 98 101 119 585 661 745 756 861 
128 122 123 127 468 619 738 871 914 928 
128 122 98 101 119 633 714 762 807 920 
119 101 98 87 24 531 676 807 856 930 
128 122 189 254 517 594 642 729 942 948 
128 122 123 127 349 456 622 673 763 979 
128 122 286 575 585 599 641 711 712 772 
128 122 495 512 541 668 720 795 879 949 
128 122 576 629 674 736 745 772 893 918 
126 125 291 325 335 402 427 488 613 712 
127 123 100 28 572 675 683 720 881 900 
119 101 98 87 24 507 668 798 835 996 
119 101 98 87 24 596 800 808 831 886 
127 123 100 28 119 525 576 713 863 910 
128 122 184 219 314 369 473 590 683 760 
128 122 229 253 264 615 767 788 873 875 
126 125 257 378 386 618 689 690 719 975 
126 125 330 420 652 788 801 852 898 963 
128 122 123 127 502 530 616 694 906 981 
128 122 67 179 194 302 403 417 651 708 
128 122 460 666 677 738 821 872 877 912 
32 91 297 386 464 478 494 615 828 872 
126 125 98 101 119 506 669 747 818 840 
128 122 511 587 657 666 791 904 953 978 
127 123 100 28 559 596 621 667 870 914 
127 123 100 28 582 636 674 764 935 991 
128 122 336 470 485 746 810 864 918 960 
126 125 98 101 119 556 833 883 967 997 
128 122 590 655 689 712 722 740 805 949 
128 122 251 301 339 413 534 547 663 949 
127 123 100 28 119 499 679 754 913 940 
119 101 98 87 24 525 611 618 690 972 
128 122 435 448 451 467 592 606 726 933 
128 122 517 520 630 747 897 924 933 980 
127 123 100 28 322 478 710 727 905 996 
128 122 98 101 119 578 593 623 638 686 
128 122 98 101 119 554 576 656 715 833 
127 123 100 28 360 710 870 908 977 1000 
127 123 100 28 523 595 718 721 777 965 
127 123 100 28 119 621 626 697 811 883 
128 122 295 372 424 498 628 817 919 925 
128 122 137 141 161 363 419 649 791 942 
126 125 143 279 461 502 682 747 896 988 
126 125 232 240 329 437 454 571 592 643 
126 125 171 533 618 628 804 889 910 995 
128 122 98 101 119 343 400 491 919 987 
128 122 396 401 475 525 779 871 899 951 
126 125 379 486 598 603 680 785 799 816 
128 122 123 127 528 619 713 782 884 931 
128 122 225 271 382 401 452 685 869 934 
62 128 291 303 544 580 612 743 891 914 
128 122 98 101 119 439 514 781 844 967 
127 123 100 28 544 614 698 707 930 959 
127 123 100 28 119 303 524 557 722 848 
128 122 76 190 207 361 411 739 756 1000 
128 122 100 120 133 166 544 699 938 974 
128 122 250 304 333 735 743 819 937 974 
126 125 98 101 119 623 650 852 866 940 
128 122 98 101 119 527 564 599 648 762 
128 122 176 198 328 405 420 469 588 857 
127 123 100 28 308 381 658 929 940 980 
128 122 142 353 572 645 738 883 921 958 
128 122 447 459 467 480 535 607 706 838 
126 125 256 266 296 382 726 733 836 971 
128 122 118 119 423 462 471 671 727 940 
167 202 211 448 472 599 676 768 912 995 
128 122 245 304 436 483 626 671 749 841 
128 122 174 593 718 736 751 878 936 1000 
128 122 123 127 353 568 598 874 896 977 
128 122 98 101 119 618 679 807 938 953 
128 122 98 101 119 705 787 824 841 905 
128 122 287 395 435 552 585 646 773 810 
128 122 153 454 691 892 921 932 953 977 
128 122 588 637 649 795 889 912 934 998 
127 123 100 28 420 754 785 830 837 996 
127 123 100 28 89 259 338 381 622 845 
127 123 100 28 119 571 603 737 766 926 
128 122 307 370 498 609 825 860 935 940 
126 125 589 630 675 699 715 840 851 921 
128 122 311 319 330 349 688 760 773 983 
124 117 108 99 97 64 634 655 821 912 
128 122 123 127 469 515 571 625 661 979 
128 122 100 545 685 730 736 761 851 893 
126 125 563 579 698 734 779 815 836 943 
126 125 98 101 119 761 796 871 959 965 
128 122 203 267 384 537 551 568 735 999 
126 125 195 550 579 581 744 773 794 915 
128 122 331 466 597 622 679 703 867 910 
128 122 235 298 348 398 478 734 791 857 
127 123 100 28 362 497 517 769 782 906 
122 128 104 203 243 327 368 696 786 839 
62 70 128 138 271 329 526 672 744 926 
127 123 100 28 119 580 668 807 889 982 
126 125 272 358 423 508 679 907 910 921 
127 123 100 28 119 806 858 906 937 967 
128 122 357 416 494 577 648 666 748 884 
119 101 98 87 24 299 489 507 647 669 
128 122 123 127 364 603 675 764 806 975 
128 122 98 101 119 573 678 770 853 949 
62 164 319 328 467 608 750 754 845 861 
62 249 335 556 617 666 784 812 908 960 
127 123 100 28 237 528 712 740 887 900 
128 122 201 251 253 375 668 809 850 882 
128 122 406 509 522 768 845 855 872 945 
128 122 117 232 388 527 588 793 866 934 
62 312 355 535 553 675 687 796 865 895 
119 101 98 87 24 384 424 691 902 932 
126 125 98 101 119 382 583 888 984 992 
128 122 211 487 537 687 726 750 766 910 
124 117 108 99 97 64 494 553 616 846 
127 123 100 28 506 513 533 700 820 884 
119 101 98 87 24 526 563 755 895 966 
126 125 295 314 459 630 637 660 703 797 
128 122 221 260 384 448 501 772 951 998 
127 123 100 28 364 536 572 581 629 731 
128 122 98 101 119 444 543 713 766 996 
128 122 237 381 527 661 706 712 895 993 
62 128 149 219 516 634 690 790 868 885 
127 123 100 28 450 580 659 759 773 902 
128 122 153 203 215 563 658 716 735 806 
128 122 323 488 496 512 519 584 835 957 
127 123 100 28 294 687 692 856 863 927 
127 123 100 28 119 482 556 743 889 992 
128 122 553 645 669 780 818 887 918 936 
119 101 98 87 24 607 640 721 756 870 
128 122 123 127 512 594 699 867 902 977 
127 123 100 28 558 567 641 679 770 937 
128 122 221 251 255 581 586 672 783 907 
127 123 100 28 900 901 930 966 990 995 
126 125 598 718 789 815 864 955 970 1000 
128 122 237 329 422 497 558 670 702 975 
119 101 98 87 24 422 825 852 867 983 
20 133 177 301 311 695 746 850 932 941 
126 125 225 251 300 356 406 616 670 735 
128 122 460 499 699 746 758 834 907 1000 
127 123 100 28 377 432 519 769 788 814 
127 123 100 28 119 673 703 717 746 781 
127 123 100 28 293 408 694 757 968 977 
127 123 100 28 414 538 578 694 786 887 
127 123 100 28 409 540 595 696 829 994 
128 122 98 101 119 538 703 731 774 962 
127 123 100 28 203 372 436 717 850 960 
119 101 98 87 24 572 602 665 888 894 
128 122 195 398 484 518 598 625 724 997 
128 122 144 270 341 511 594 625 716 738 
127 123 100 28 329 352 457 559 600 851 
127 123 100 28 283 326 372 407 486 982 
126 125 212 366 473 571 604 626 731 860 
127 123 100 28 348 373 470 489 716 852 
128 122 222 305 376 446 554 599 666 903 
128 122 98 101 119 610 620 726 826 873 
128 122 217 272 340 443 547 666 736 974 
127 123 100 28 476 570 599 686 792 916 
62 174 262 408 499 608 734 830 838 999 
127 123 100 28 614 639 658 743 809 866 
128 122 325 449 557 625 732 822 842 907 
62 213 253 255 302 500 520 527 717 825 
128 122 98 101 119 715 737 820 966 976 
128 122 123 127 304 650 703 727 883 892 
128 122 181 316 529 569 637 827 929 930 
128 122 98 101 119 603 696 780 913 962 
128 122 70 147 220 227 629 643 718 958 
10 100 110 329 397 464 662 765 826 926 
128 122 336 399 564 676 692 703 783 833 
126 125 336 364 588 594 667 822 874 914 
128 122 135 214 385 612 626 676 745 783 
128 122 110 233 394 463 505 637 708 971 
119 101 98 87 24 667 744 817 850 853 
119 101 98 87 24 613 701 716 730 733 
128 122 374 469 602 613 694 722 794 890 
127 123 100 28 317 403 757 789 848 880 
128 122 298 343 395 408 538 753 770 872 
127 123 100 28 617 696 710 712 755 860 
119 101 98 87 24 736 760 791 820 997 
128 122 98 101 119 379 447 517 778 856 
128 122 123 127 337 772 880 881 958 962 
62 129 137 170 236 394 531 558 705 908 
128 122 98 101 119 676 726 750 926 936 
128 122 225 288 392 621 737 750 781 862 
128 122 227 265 451 713 867 877 949 955 
126 125 432 453 527 601 635 721 847 868 
127 123 100 28 584 731 759 862 945 982 
128 122 123 127 602 615 624 655 753 917 
128 122 473 609 733 747 808 870 916 951 
128 122 98 101 119 505 547 557 580 670 
128 122 245 283 325 407 425 505 543 837 
128 122 319 350 387 424 495 531 611 768 
128 122 123 127 237 438 450 559 732 961 
127 123 100 28 519 530 623 802 854 890 
128 122 395 415 516 557 569 887 978 990 
128 122 261 427 507 731 896 898 934 998 
126 125 363 404 444 448 526 643 648 980 
128 122 123 127 460 584 739 795 885 911 
128 122 58 424 431 455 524 584 675 919 
128 122 76 267 278 441 664 679 733 881 
127 123 100 28 117 124 715 851 949 966 
127 123 100 28 638 662 689 723 871 978 
128 122 250 360 373 398 526 735 863 891 
128 122 253 377 453 545 557 612 757 953 
128 122 305 412 481 491 659 755 758 837 
128 122 637 674 676 693 703 847 863 876 
128 122 376 390 681 799 938 941 945 977 
124 117 108 99 97 64 796 817 923 950 
128 122 59 172 226 313 536 564 878 893 
128 122 306 341 365 398 478 708 738 903 
128 122 123 127 716 738 806 911 979 996 
126 125 105 191 544 554 593 662 891 960 
128 122 216 301 466 530 673 694 729 940 
126 125 98 101 119 595 602 619 711 744 
126 125 296 523 537 681 709 824 856 961 
126 125 117 184 262 313 372 470 588 805 
127 123 100 28 442 528 584 656 661 760 
127 123 100 28 119 468 735 930 960 1000 
127 123 100 28 489 602 743 754 819 951 
124 117 108 99 97 64 505 760 778 998 
128 122 92 228 236 581 613 703 806 922 
127 123 100 28 119 542 729 815 820 841 
128 122 123 127 687 842 858 967 987 997 
126 125 98 101 119 427 449 472 551 717 
128 122 117 273 324 538 584 673 712 904 
127 123 100 28 573 592 611 652 778 873 
127 123 100 28 299 628 757 836 898 988 
173 205 316 326 467 471 601 602 842 867 
128 122 385 525 572 595 630 663 693 861 
128 122 204 320 350 497 560 677 727 770 
128 122 98 101 119 310 577 627 891 903 
128 122 99 108 117 124 561 599 866 902 
127 123 100 28 328 352 611 616 627 780 
128 122 348 394 450 569 625 654 700 884 
127 123 100 28 724 726 755 760 771 868 
127 123 100 28 485 556 562 635 725 779 
127 123 100 28 119 454 547 568 648 887 
128 122 579 646 665 789 912 914 935 936 
126 125 167 331 405 464 621 674 692 866 
127 123 100 28 368 526 632 645 820 860 
126 125 123 127 342 394 395 728 740 921 
128 122 354 408 421 466 484 510 870 963 
128 122 98 101 119 833 849 891 900 906 
128 122 99 256 290 390 462 817 894 987 
128 122 365 429 525 603 607 684 816 937 
128 122 212 279 560 693 793 823 888 971 
126 125 114 339 356 389 521 594 912 941 
119 101 98 87 24 357 748 849 896 993 
128 122 121 312 393 804 842 868 922 998 
62 128 212 264 353 437 438 483 718 907 
128 122 98 101 119 511 553 726 810 901 
128 122 268 335 451 492 534 610 845 893 
128 122 409 462 686 761 772 840 921 936 
127 123 100 28 221 321 400 489 870 975 
127 123 100 28 737 790 811 865 866 950 
126 125 357 420 434 449 475 571 748 992 
124 117 108 99 97 64 697 776 833 884 
126 125 312 335 342 528 549 621 655 938 
128 122 407 475 571 612 649 742 796 891 
127 123 100 28 685 770 895 901 908 929 
128 122 98 101 119 523 755 806 885 967 
128 122 271 388 478 490 510 616 722 806 
128 122 309 484 510 578 584 632 870 952 
127 123 100 28 623 647 753 761 854 952 
128 122 98 101 119 503 520 764 883 957 
62 13 169 209 221 640 747 856 958 985 
126 125 343 405 606 662 835 943 949 966 
124 117 108 99 97 64 447 550 709 882 
128 122 456 498 521 701 705 777 785 843 
128 122 172 231 289 309 359 504 806 844 
128 122 85 158 501 656 664 833 898 951 
127 123 100 28 477 479 647 668 670 859 
128 122 200 261 340 461 556 587 663 706 
128 122 258 443 547 706 748 768 782 893 
128 122 98 101 119 695 702 704 841 883 
127 123 100 28 674 679 700 731 935 981 
128 122 98 101 119 421 606 701 860 926 
128 122 98 101 119 444 601 665 752 936 
126 125 483 516 581 614 658 750 753 900 
128 122 123 127 517 608 694 727 746 988 
128 122 123 127 522 595 691 717 835 884 
127 123 100 28 119 454 541 825 868 932 
119 101 98 87 24 329 339 526 547 549 
128 122 346 362 390 449 651 669 675 822 
128 122 98 101 119 278 691 769 852 853 
126 125 98 101 119 379 391 626 636 662 
128 122 207 313 570 695 750 797 874 922 
126 125 217 323 396 627 661 777 885 928 
128 122 123 127 471 482 621 636 866 991 
128 122 98 101 119 733 808 822 847 848 
128 122 573 619 650 705 776 849 927 942 
127 123 100 28 504 568 670 736 807 969 
128 122 97 180 238 495 572 587 708 747 
127 123 100 28 119 657 732 809 819 852 
119 101 98 87 24 709 720 816 888 904 
