130 131 132 133 134 135 136 137 138 
130 131 132 133 134 135 136 137 138 
10 89 91 128 122 127 128 151 152 
48 128 125 172 173 174 175 176 177 
22 94 116 155 117 166 167 168 169 
47 48 128 114 125 126 128 153 154 
47 90 128 99 107 117 127 128 178 
113 82 111 128 123 128 135 136 137 
119 122 127 128 147 139 148 149 150 
10 81 17 127 106 128 163 164 165 
22 10 74 17 106 128 163 164 165 
51 81 125 117 128 127 128 145 146 
113 81 123 127 127 128 138 139 140 
30 48 103 114 125 126 128 153 154 
51 94 116 117 166 145 167 168 169 
10 102 17 106 128 163 164 165 138 
1 114 44 107 126 153 128 170 171 
22 71 130 74 155 156 157 137 158 
94 82 111 166 123 128 135 136 137 
90 123 99 128 107 117 127 128 178 
119 113 123 127 148 128 138 139 140 
48 114 117 125 126 128 169 153 154 
90 82 107 111 123 128 135 136 137 
22 1 74 44 107 126 128 170 171 
22 22 74 71 74 155 156 157 158 
113 90 127 99 107 117 127 128 178 
10 17 106 128 163 164 171 165 138 
128 81 172 127 173 174 175 176 177 
48 22 71 74 128 155 156 157 158 
128 172 103 173 174 161 175 176 177 
5 33 128 44 142 56 128 179 180 
1 44 107 127 126 209 128 170 171 
82 128 172 173 135 174 175 176 177 
94 22 117 71 74 155 156 157 158 
5 33 121 44 208 56 128 179 180 
22 71 130 74 155 156 157 137 158 
22 30 74 38 103 159 160 161 162 
22 114 71 126 74 155 156 157 158 
119 89 91 122 148 127 128 151 152 
22 71 74 74 155 156 158 157 158 
90 99 128 107 117 127 128 137 178 
51 81 117 155 127 128 158 145 146 
128 89 173 91 122 127 128 151 152 
9 82 111 123 128 135 136 137 138 
47 127 122 128 128 141 142 143 144 
48 5 33 126 44 56 128 179 180 
48 90 99 126 107 117 127 128 178 
119 172 122 174 128 147 148 149 150 
82 82 123 111 123 128 135 136 137 
48 119 122 128 128 147 148 149 150 
1 44 107 127 126 128 170 137 171 
10 89 91 122 127 164 128 151 152 
128 127 172 173 174 175 144 176 177 
82 22 71 128 74 155 156 157 158 
90 99 107 155 117 127 158 128 178 
48 22 125 71 74 155 156 157 158 
30 30 103 38 103 159 160 161 162 
48 116 114 166 125 126 128 153 154 
119 122 128 147 148 149 140 150 138 
90 111 99 107 135 117 127 128 178 
9 128 172 131 173 174 175 176 177 
51 30 38 127 103 159 160 161 162 
5 90 99 107 128 117 127 128 178 
94 5 33 44 167 56 128 179 180 
51 38 81 117 160 127 128 145 146 
10 81 17 106 128 145 163 164 165 
128 172 173 147 174 175 176 137 177 
128 91 172 127 173 174 175 176 177 
119 38 122 159 128 147 148 149 150 
10 1 44 128 107 126 128 170 171 
30 123 38 128 103 159 160 161 162 
128 1 173 44 107 126 128 170 171 
94 48 117 114 125 126 128 153 154 
22 111 71 74 135 155 156 157 158 
9 91 110 130 128 131 132 133 134 
128 114 172 173 174 175 176 177 138 
119 30 38 103 159 160 161 137 162 
10 91 17 127 106 128 163 164 165 
94 114 116 126 117 166 167 168 169 
51 48 117 114 125 126 128 153 154 
47 22 128 71 74 155 156 157 158 
89 91 117 122 128 127 128 151 152 
1 110 44 131 107 126 128 170 171 
9 94 116 131 117 166 167 168 169 
10 51 106 81 117 127 128 145 146 
96 5 33 195 44 56 128 179 180 
10 99 17 106 128 163 178 164 165 
113 123 103 127 128 138 162 139 140 
10 17 106 128 163 176 164 165 138 
1 44 107 174 126 176 128 170 171 
82 111 125 123 128 135 154 136 137 
5 22 44 71 74 155 156 157 158 
82 111 123 128 135 136 137 137 138 
30 38 128 103 148 159 160 161 162 
94 38 116 117 166 161 167 168 169 
128 127 172 173 142 174 175 176 177 
10 94 106 102 104 126 127 128 218 
47 82 111 141 123 128 135 136 137 
94 89 117 91 122 127 128 151 152 
128 172 125 173 128 174 175 176 177 
82 111 111 123 135 128 135 136 137 
113 22 71 74 138 155 156 157 158 
89 110 91 122 132 127 128 151 152 
10 17 17 106 128 164 163 164 165 
1 44 107 117 126 128 178 170 171 
48 22 125 71 74 155 156 157 158 
90 99 127 107 117 127 140 128 178 
22 114 71 126 74 155 156 157 158 
22 71 125 74 155 153 156 157 158 
1 51 107 81 117 127 128 145 146 
90 116 99 107 117 168 127 128 178 
47 47 127 141 128 141 142 143 144 
48 17 114 128 125 126 128 153 154 
10 51 106 81 117 127 128 145 146 
82 128 111 204 123 128 135 136 137 
9 123 110 130 138 131 132 133 134 
89 91 107 122 128 127 128 151 152 
30 48 114 125 160 126 128 153 154 
113 48 114 125 126 128 140 153 154 
119 113 128 123 127 128 138 139 140 
119 90 128 99 107 117 127 128 178 
22 47 127 128 141 142 158 143 144 
51 127 81 117 127 143 128 145 146 
51 81 127 117 138 127 128 145 146 
22 71 117 74 167 155 156 157 158 
89 48 114 125 126 128 152 153 154 
1 127 44 141 107 126 128 170 171 
30 99 38 117 103 159 160 161 162 
89 91 122 127 128 151 169 152 138 
119 122 122 128 147 148 149 150 138 
47 30 38 103 159 143 160 161 162 
47 47 128 127 128 141 142 143 144 
51 81 117 127 128 145 146 137 138 
82 9 110 128 130 131 132 133 134 
30 38 130 103 159 160 134 161 162 
89 122 91 147 122 127 128 151 152 
22 71 71 74 155 156 158 157 158 
89 38 91 122 160 127 128 151 152 
10 17 106 128 163 151 164 137 165 
113 82 127 111 123 128 135 136 137 
69 120 103 126 127 128 201 202 138 
22 172 71 174 74 155 156 157 158 
1 10 17 106 128 128 163 164 165 
128 48 173 114 125 126 128 153 154 
9 48 114 125 126 128 153 154 138 
82 111 123 123 135 128 135 136 137 
82 71 111 155 123 128 135 136 137 
10 1 106 44 107 126 128 170 171 
128 47 173 127 128 141 142 143 144 
47 1 44 141 107 126 128 170 171 
30 81 38 103 159 190 160 161 162 
10 82 106 111 123 128 135 136 137 
94 17 102 128 104 126 127 128 218 
9 82 111 123 128 135 136 137 137 
47 123 127 128 128 141 142 143 144 
47 22 71 74 189 155 156 157 158 
113 38 123 127 160 128 138 139 140 
22 48 74 114 125 126 128 153 154 
10 17 74 106 156 128 163 164 165 
30 116 38 166 103 159 160 161 162 
51 127 81 117 142 127 128 145 146 
47 81 127 128 128 141 142 143 144 
89 113 123 127 127 128 138 139 140 
5 1 44 56 107 126 128 170 171 
1 44 117 107 167 126 128 170 171 
113 48 127 114 125 126 128 153 154 
94 44 116 126 117 166 167 168 169 
90 99 107 126 117 127 154 128 178 
94 110 116 117 166 133 167 168 169 
82 38 111 159 123 128 135 136 137 
30 30 38 103 160 159 160 161 162 
9 94 130 116 117 166 167 168 169 
69 120 126 127 128 201 134 202 138 
113 69 127 120 126 127 128 201 202 
90 99 107 147 117 149 127 128 178 
82 111 74 123 156 128 135 136 137 
113 123 128 127 148 128 138 139 140 
94 10 117 17 106 128 163 164 165 
82 111 128 123 142 128 135 136 137 
30 1 44 159 107 126 128 170 171 
9 110 130 131 128 132 133 137 134 
89 114 91 122 128 127 128 151 152 
51 71 81 155 117 127 128 145 146 
9 30 38 131 103 159 160 161 162 
90 99 103 107 117 161 127 128 178 
47 127 128 128 141 164 142 143 144 
90 99 106 107 163 117 127 128 178 
47 47 127 141 128 141 142 143 144 
89 48 114 127 125 126 128 153 154 
1 30 38 103 159 160 161 162 138 
1 96 107 118 128 195 196 197 198 
94 1 44 107 167 126 128 170 171 
48 113 123 126 127 128 138 139 140 
47 82 111 123 128 143 135 136 137 
1 113 107 123 127 128 138 139 140 
5 1 44 56 107 126 128 170 171 
30 82 111 123 128 161 135 136 137 
22 123 71 128 74 155 156 157 158 
90 99 74 107 156 117 127 128 178 
22 71 106 74 155 164 156 157 158 
128 172 173 126 174 175 176 137 177 
30 33 38 103 128 159 160 161 162 
10 17 106 128 163 151 164 165 138 
89 9 122 110 130 131 132 133 134 
30 123 38 103 138 159 160 161 162 
48 119 125 122 128 147 148 149 150 
9 128 172 173 132 174 175 176 177 
48 114 130 125 126 133 128 153 154 
119 122 128 126 147 170 148 149 150 
48 114 125 128 126 139 128 153 154 
113 22 127 71 74 155 156 157 158 
69 120 117 126 127 168 128 201 202 
128 111 172 128 173 174 175 176 177 
9 69 120 131 126 127 128 201 202 
48 71 114 155 125 126 128 153 154 
10 90 106 99 107 117 127 128 178 
30 30 103 38 103 159 160 161 162 
47 113 128 123 127 128 138 139 140 
10 38 17 159 106 128 163 164 165 
47 51 128 81 117 127 128 145 146 
47 9 128 110 130 131 132 133 134 
119 122 128 147 128 148 149 150 138 
48 10 17 126 106 128 163 164 165 
5 33 123 44 56 136 128 179 180 
1 44 122 107 128 126 128 170 171 
10 113 106 123 127 128 138 139 140 
1 5 33 44 56 170 128 179 180 
10 127 17 141 106 128 163 164 165 
48 38 114 159 125 126 128 153 154 
9 82 111 131 123 128 135 136 137 
119 82 128 111 123 128 135 136 137 
119 127 122 141 128 147 148 149 150 
89 114 91 126 122 127 128 151 152 
10 94 116 117 166 164 167 168 169 
113 123 123 127 138 128 138 139 140 
48 90 99 126 107 117 127 128 178 
94 99 116 117 117 166 167 168 169 
48 114 130 125 126 128 134 153 154 
94 33 116 56 117 166 167 168 169 
113 123 127 128 148 138 139 140 138 
30 82 103 111 123 128 135 136 137 
9 113 123 127 132 128 138 139 140 
9 110 74 130 156 131 132 133 134 
82 38 111 159 123 128 135 136 137 
90 30 38 117 103 159 160 161 162 
94 116 127 117 166 167 168 169 138 
51 48 117 114 125 126 128 153 154 
10 17 130 106 132 128 163 164 165 
30 116 38 166 103 159 160 161 162 
30 38 130 103 159 160 134 161 162 
30 172 38 103 175 159 160 161 162 
10 99 17 106 127 128 163 164 165 
118 116 123 127 167 128 181 182 183 
96 120 107 127 118 195 196 197 198 
89 118 123 127 128 151 181 182 183 
51 81 117 127 128 128 145 146 138 
51 102 117 112 121 127 208 209 210 
9 120 110 127 130 131 132 133 134 
41 108 74 115 156 214 215 216 217 
47 44 127 128 141 142 171 143 144 
102 112 107 121 127 128 208 209 210 
82 118 123 123 127 128 181 182 183 
98 69 120 126 127 186 128 201 202 
126 118 123 127 205 128 181 182 183 
90 113 107 123 127 128 138 139 140 
126 90 203 118 122 126 192 193 194 
47 48 114 125 126 190 128 153 154 
113 90 99 128 107 117 127 128 178 
1 44 127 107 126 128 170 137 171 
5 98 117 120 124 179 128 211 212 
41 81 108 188 115 214 215 216 217 
48 116 114 125 126 128 169 153 154 
5 110 33 44 132 56 128 179 180 
51 123 81 117 181 127 128 145 146 
89 44 91 122 127 128 151 152 138 
128 90 173 99 107 117 127 128 178 
96 172 107 118 175 195 196 197 198 
5 33 106 44 56 164 128 179 180 
10 119 122 128 163 147 148 149 150 
119 81 122 128 128 147 148 149 150 
90 99 120 107 128 117 127 128 178 
9 10 17 131 106 128 163 164 165 
48 118 123 126 127 128 181 182 183 
5 33 119 44 56 128 179 137 180 
22 48 74 114 125 126 128 153 154 
47 51 128 81 117 127 128 145 146 
113 17 123 127 163 128 138 139 140 
51 82 117 111 123 128 135 136 137 
10 124 17 106 128 128 163 164 165 
10 5 106 33 44 56 128 179 180 
10 17 117 106 167 128 163 164 165 
98 122 74 128 184 185 186 187 138 
5 98 44 122 128 184 185 186 187 
94 90 99 166 107 117 127 128 178 
96 119 118 122 128 147 148 149 150 
47 128 128 172 173 174 175 176 177 
113 124 126 125 128 127 128 199 200 
89 112 91 122 208 127 128 151 152 
98 51 81 124 117 127 128 145 146 
82 91 111 123 128 128 135 136 137 
47 50 82 119 125 126 191 127 128 
94 44 116 117 128 166 167 168 169 
96 82 118 111 123 128 135 136 137 
113 44 124 125 128 127 128 199 200 
5 33 126 44 128 56 128 179 180 
51 81 117 127 128 145 202 146 138 
47 123 81 128 128 188 189 190 191 
47 81 128 128 185 188 189 190 191 
94 51 117 81 117 127 128 145 146 
90 90 107 118 122 126 192 193 194 
1 122 44 184 107 126 128 170 171 
118 81 123 127 127 128 181 182 183 
48 96 125 107 118 195 196 197 198 
82 111 123 126 128 135 171 136 137 
126 48 114 204 125 126 128 153 154 
10 50 106 82 119 125 126 127 128 
47 30 38 103 142 159 160 161 162 
113 47 127 128 141 139 142 143 144 
89 128 91 122 205 127 128 151 152 
51 81 173 117 175 127 128 145 146 
10 114 17 126 106 128 163 164 165 
47 127 81 128 188 189 144 190 191 
118 98 127 117 120 124 128 211 212 
113 94 116 117 166 167 140 168 169 
98 113 123 127 128 186 138 139 140 
126 99 128 203 204 205 178 206 207 
47 81 128 188 132 189 134 190 191 
22 96 107 118 195 196 158 197 198 
51 81 117 127 167 128 169 145 146 
22 33 71 74 155 156 180 157 158 
128 172 203 173 205 174 175 176 177 
113 82 111 128 123 128 135 136 137 
89 99 91 117 122 127 128 151 152 
90 99 107 117 127 127 128 137 178 
28 33 38 56 59 108 109 115 135 
90 48 114 126 125 126 128 153 154 
126 69 203 120 126 127 128 201 202 
98 113 120 124 125 127 128 199 200 
10 126 128 203 163 204 205 206 207 
89 82 111 123 128 128 135 136 137 
48 10 17 106 128 163 164 137 165 
119 116 122 166 128 147 148 149 150 
48 5 33 44 128 56 128 179 180 
90 99 107 117 127 143 128 178 138 
22 47 74 81 128 188 189 190 191 
69 90 118 127 122 126 192 193 194 
128 17 172 128 173 174 175 176 177 
119 33 122 56 128 147 148 149 150 
48 81 114 188 125 126 128 153 154 
51 128 117 172 173 174 175 176 177 
1 30 38 103 128 159 160 161 162 
89 91 122 204 127 206 128 151 152 
47 127 128 128 141 142 137 143 144 
82 89 91 128 122 127 128 151 152 
119 122 128 184 147 148 187 149 150 
94 96 117 107 118 195 196 197 198 
1 122 44 107 148 126 128 170 171 
90 82 122 111 123 128 135 136 137 
5 114 33 44 56 128 154 179 180 
5 128 172 173 174 175 176 177 138 
90 128 172 117 173 174 175 176 177 
47 124 127 127 128 141 142 143 144 
128 127 172 173 174 143 175 176 177 
10 113 106 123 127 128 138 139 140 
1 69 120 126 127 128 201 202 138 
9 110 130 131 175 132 133 137 134 
90 96 107 118 195 193 196 197 198 
128 126 173 128 203 204 205 206 207 
1 44 203 107 126 128 207 170 171 
47 9 128 110 130 131 132 133 134 
102 89 121 91 122 127 128 151 152 
94 172 116 117 166 176 167 168 169 
5 118 44 123 127 128 181 182 183 
47 81 125 128 188 189 190 137 191 
22 71 74 155 167 156 169 157 158 
98 122 128 128 184 164 185 186 187 
90 10 107 17 106 128 163 164 165 
96 172 107 174 118 195 196 197 198 
98 90 128 118 122 126 192 193 194 
9 128 172 173 174 133 175 176 177 
5 47 44 81 128 188 189 190 191 
126 69 120 204 126 127 128 201 202 
47 69 128 120 126 127 128 201 202 
47 81 128 188 189 190 165 191 138 
47 89 91 122 127 143 128 151 152 
9 1 44 131 107 126 128 170 171 
90 1 44 107 127 126 128 170 171 
47 48 128 114 125 126 128 153 154 
90 96 122 107 118 195 196 197 198 
41 108 115 214 215 216 217 137 138 
94 116 117 166 127 167 168 169 138 
48 96 125 107 118 195 196 197 198 
51 81 117 127 142 128 145 137 146 
128 127 172 141 173 174 175 176 177 
5 89 44 91 122 127 128 151 152 
126 9 203 110 130 131 132 133 134 
1 44 107 117 126 128 128 170 171 
128 96 107 118 195 176 196 197 198 
128 48 173 114 125 126 128 153 154 
126 51 203 81 117 127 128 145 146 
47 81 128 188 128 189 190 137 191 
96 112 107 127 118 195 196 197 198 
119 124 122 127 128 147 148 149 150 
70 98 74 105 130 131 132 137 133 
48 102 112 126 121 127 208 209 210 
90 69 120 126 127 128 128 201 202 
89 117 91 124 122 127 128 151 152 
9 47 130 81 128 188 189 190 191 
41 48 114 125 126 128 217 153 154 
30 38 103 128 159 136 160 161 162 
9 82 111 131 123 128 135 136 137 
96 114 101 126 110 118 127 128 134 
1 30 38 103 159 160 161 137 162 
118 25 35 74 181 117 125 127 213 
70 113 123 127 128 138 133 139 140 
96 107 118 195 196 197 198 137 138 
119 35 122 128 147 148 213 149 150 
79 107 99 103 196 123 124 126 128 
51 81 118 117 127 197 128 145 146 
96 1 118 44 107 126 128 170 171 
102 112 128 121 127 190 208 209 210 
102 110 112 121 132 127 208 209 210 
10 82 106 111 123 128 135 136 137 
22 91 71 127 74 155 156 157 158 
128 127 172 173 142 174 175 176 177 
51 81 117 127 131 128 133 145 146 
30 90 103 99 107 117 127 128 178 
94 82 117 111 123 128 135 136 137 
90 1 44 126 107 126 128 170 171 
70 120 98 127 105 130 131 132 133 
128 128 172 174 173 174 175 176 177 
69 94 126 116 117 166 167 168 169 
25 35 119 74 117 125 127 137 213 
51 107 81 195 117 127 128 145 146 
96 82 101 110 126 118 127 128 134 
50 117 82 124 119 125 126 127 128 
82 111 128 123 148 128 135 136 137 
48 98 125 117 120 124 128 211 212 
113 124 107 125 127 170 128 199 200 
113 44 123 127 128 128 138 139 140 
96 127 107 118 142 195 196 197 198 
70 101 98 105 130 131 132 137 133 
47 89 128 91 122 127 128 151 152 
9 79 99 131 103 123 124 126 128 
89 99 91 123 122 127 128 151 152 
89 91 127 122 181 127 128 151 152 
113 48 125 114 125 126 128 153 154 
22 71 74 131 155 156 134 157 158 
9 119 122 131 128 147 148 149 150 
90 120 118 127 122 126 192 193 194 
9 82 130 111 123 128 135 136 137 
30 122 38 184 103 159 160 161 162 
79 127 99 103 142 123 124 126 128 
118 123 203 127 205 128 181 182 183 
9 94 116 117 132 166 167 168 169 
82 102 123 112 121 127 208 209 210 
96 101 110 126 118 128 127 128 134 
90 17 118 122 163 126 192 193 194 
94 91 116 127 117 166 167 168 169 
94 90 117 99 107 117 127 128 178 
1 126 128 203 204 205 171 206 207 
90 99 118 122 127 126 192 193 194 
50 48 119 114 125 126 128 153 154 
79 99 103 127 123 151 124 126 128 
96 107 103 118 195 196 197 137 198 
98 5 33 124 44 56 128 179 180 
128 96 173 107 118 195 196 197 198 
118 123 122 127 128 151 181 182 183 
30 124 38 103 128 159 160 161 162 
90 82 99 107 117 127 128 128 178 
9 114 110 130 131 153 132 133 134 
48 118 114 125 126 128 153 137 154 
98 113 124 125 127 186 128 199 200 
69 94 126 102 104 126 127 128 218 
102 50 121 82 119 125 126 127 128 
30 38 203 103 205 159 160 161 162 
48 114 130 125 126 133 128 153 154 
69 51 81 117 127 128 145 137 146 
1 122 44 147 107 126 128 170 171 
119 102 112 147 121 127 208 209 210 
30 38 74 103 156 159 160 161 162 
30 38 173 103 159 176 160 161 162 
28 25 35 74 117 115 125 127 213 
128 172 130 173 174 175 134 176 177 
9 90 130 118 122 126 192 193 194 
47 113 123 141 127 128 138 139 140 
82 123 111 123 128 135 136 137 137 
79 30 103 38 103 159 160 161 162 
90 99 125 107 128 117 127 128 178 
25 101 35 74 127 117 125 127 213 
94 126 117 128 203 204 205 206 207 
28 25 35 74 109 117 125 127 213 
102 90 121 118 122 126 192 193 194 
119 90 99 147 107 117 127 128 178 
94 117 102 124 104 126 127 128 218 
128 50 82 174 119 125 126 127 128 
98 116 122 166 128 184 185 186 187 
102 112 119 121 126 127 208 209 210 
25 35 119 74 117 125 128 127 213 
113 107 123 127 196 128 138 139 140 
