28 100 123 127 428 447 610 705 771 898 
28 100 100 123 448 127 750 846 850 941 
28 28 123 100 119 123 127 237 725 820 
28 100 319 123 127 923 939 944 949 981 
122 128 487 719 742 744 764 773 904 906 
122 126 128 272 311 463 531 702 783 833 
122 125 126 127 117 124 538 581 650 831 
122 28 100 127 123 127 695 736 795 920 
122 28 100 123 119 127 658 836 910 954 
122 122 128 597 631 658 675 790 808 885 
122 128 128 419 504 633 686 787 805 977 
28 24 123 87 98 446 101 119 961 971 
122 24 87 98 101 119 505 693 981 993 
122 125 177 126 514 597 607 725 859 922 
122 28 100 182 123 127 476 627 965 988 
24 100 87 98 101 354 119 553 700 984 
122 122 128 127 261 317 388 576 579 975 
122 28 100 101 123 584 127 736 764 798 
122 128 564 591 614 733 798 805 889 928 
122 128 203 269 276 321 368 406 787 910 
122 24 87 98 101 119 431 449 657 826 
28 100 123 127 349 506 657 712 717 912 
122 128 128 101 119 518 526 562 820 832 
122 128 128 305 310 673 738 746 960 985 
28 28 123 100 123 127 754 792 953 978 
125 122 320 128 412 432 529 762 824 950 
28 87 100 101 123 545 127 718 906 934 
122 128 128 101 119 680 698 771 970 983 
122 128 153 160 253 306 437 447 769 918 
122 128 128 424 655 757 771 814 889 937 
122 64 98 97 119 99 108 117 124 956 
122 28 100 123 127 289 311 651 776 934 
28 100 123 481 127 719 737 780 807 909 
24 128 87 98 101 119 565 600 756 801 
122 128 98 101 119 758 872 912 956 989 
122 128 98 101 119 628 658 661 767 877 
28 122 123 128 539 655 768 829 861 979 
28 125 126 127 404 533 679 781 813 822 
28 122 128 127 618 641 688 852 866 883 
28 100 123 127 308 382 464 722 843 916 
122 100 128 127 436 446 556 603 785 835 
122 128 128 570 723 752 760 826 914 971 
125 122 128 497 580 587 602 614 716 930 
122 128 405 509 744 828 839 854 865 893 
125 15 126 189 776 829 877 888 902 999 
24 128 87 387 98 101 119 825 874 876 
122 24 87 98 101 447 119 689 866 950 
28 28 123 100 153 123 127 588 622 764 
125 126 280 314 407 573 697 715 889 929 
28 128 100 257 123 426 127 583 670 996 
125 126 126 127 119 450 553 618 654 862 
122 28 100 264 123 127 623 731 782 948 
122 128 139 185 252 272 366 453 496 850 
122 128 123 127 417 425 543 804 854 983 
28 128 100 123 127 511 544 832 880 954 
62 122 369 128 595 767 783 828 862 883 
62 122 128 136 137 203 633 767 858 871 
122 122 128 127 576 578 588 834 873 933 
122 128 128 741 755 768 811 849 858 968 
122 122 128 101 119 385 614 627 656 805 
122 128 128 464 509 532 625 663 807 936 
122 128 128 489 587 601 616 746 747 967 
24 87 146 98 101 616 119 823 835 904 
122 128 128 320 345 380 436 632 817 889 
64 28 100 108 123 124 127 665 776 897 
122 125 126 383 423 439 753 790 877 977 
122 128 128 251 340 470 574 627 904 985 
24 87 123 98 300 101 119 583 701 798 
125 64 197 97 99 427 108 117 124 980 
64 125 126 108 117 124 646 851 894 958 
122 122 128 244 284 545 775 927 946 993 
125 28 100 123 476 127 786 813 899 1000 
28 128 100 437 123 658 127 848 934 966 
122 28 100 101 123 553 127 580 823 992 
125 100 126 127 119 658 766 971 984 986 
122 122 128 461 533 559 641 699 848 965 
122 100 128 127 670 725 958 960 965 973 
122 87 128 101 119 487 673 776 811 947 
122 100 128 127 581 654 814 854 942 977 
122 122 128 793 814 852 874 928 938 1000 
28 28 100 127 123 274 127 353 665 893 
24 128 87 419 98 681 101 119 921 966 
28 100 123 127 127 486 633 681 847 955 
28 100 73 123 346 127 442 462 591 701 
24 87 276 98 395 101 119 909 964 977 
125 28 405 100 586 123 127 636 830 914 
28 122 123 128 189 291 348 414 570 835 
28 122 123 128 119 426 491 499 867 954 
122 122 447 128 507 567 596 644 731 944 
64 122 128 108 117 124 696 815 902 909 
125 126 126 101 119 659 777 821 900 977 
28 100 123 426 127 696 732 923 947 996 
122 128 98 101 119 637 685 689 855 909 
122 28 100 474 123 127 856 863 960 993 
122 128 153 188 190 199 208 400 579 975 
24 87 98 98 101 572 119 650 727 864 
122 122 128 320 410 416 421 578 639 998 
24 87 98 101 217 119 540 636 692 932 
125 126 98 101 119 460 553 627 864 897 
125 126 103 315 344 516 574 584 832 899 
122 125 126 355 422 423 495 639 761 993 
122 100 128 127 542 652 731 745 846 954 
125 122 128 127 119 510 574 807 872 988 
122 125 134 126 462 531 705 784 896 958 
125 126 232 297 342 536 558 569 579 1000 
122 128 258 419 501 550 557 677 687 835 
48 28 238 100 123 127 479 534 570 989 
122 128 128 688 714 731 739 797 849 991 
122 126 128 101 119 337 371 391 721 845 
28 28 123 100 123 127 677 845 862 900 
122 122 271 128 531 616 695 846 927 943 
28 122 128 127 119 349 353 682 799 989 
122 128 128 127 557 641 658 836 935 951 
122 128 128 272 273 361 728 771 861 942 
122 122 128 276 302 324 566 708 860 930 
122 122 128 101 119 442 534 591 645 963 
24 100 87 98 101 119 535 885 915 926 
122 122 128 387 512 679 700 774 775 938 
122 28 100 127 123 127 795 806 903 952 
122 128 123 127 634 730 823 901 918 945 
24 87 247 98 101 119 702 729 750 924 
125 24 262 87 98 101 405 119 621 741 
28 100 100 123 221 127 338 710 714 830 
122 128 128 594 655 657 670 693 957 986 
122 128 128 290 388 449 540 707 770 875 
122 28 123 100 634 123 127 855 954 986 
62 62 472 557 596 609 864 889 892 925 
122 28 100 394 123 584 127 659 681 925 
122 128 123 127 119 516 809 822 836 927 
24 87 98 101 119 119 668 745 855 978 
28 100 123 123 440 127 735 750 886 923 
122 28 123 100 422 123 127 674 716 814 
122 28 100 123 127 616 626 737 800 915 
122 24 87 437 98 101 119 853 857 878 
125 24 87 274 98 604 101 119 890 934 
24 128 87 127 98 751 101 119 893 958 
125 126 386 540 580 702 709 740 742 985 
122 28 272 100 123 127 577 846 916 984 
122 128 290 380 543 624 677 825 932 966 
122 122 128 127 698 759 781 790 860 984 
125 24 28 87 98 101 119 850 865 919 
24 128 87 98 119 101 814 119 891 932 
122 28 100 127 123 127 431 493 611 830 
122 128 323 429 542 577 661 670 706 859 
62 122 197 128 340 373 485 673 860 869 
122 126 128 404 479 574 644 732 773 983 
125 128 126 168 298 536 736 842 946 960 
125 100 126 127 119 340 487 533 892 916 
122 122 202 128 247 398 759 891 907 970 
28 122 123 128 412 784 818 861 946 980 
28 350 100 123 573 127 705 808 903 920 
28 126 100 123 127 513 619 675 838 852 
122 128 98 101 119 765 792 816 876 952 
122 128 128 416 523 537 641 685 708 985 
122 122 337 128 651 747 806 877 913 978 
122 100 128 127 416 721 729 792 877 942 
28 128 100 238 123 378 127 963 974 980 
122 128 128 101 119 442 692 850 853 879 
122 28 98 100 119 123 127 704 757 986 
122 126 128 474 530 647 703 855 907 990 
28 122 123 128 276 642 666 672 825 982 
122 122 128 209 493 615 715 747 818 968 
122 128 123 127 426 463 498 580 699 880 
125 122 128 201 218 292 469 491 835 983 
122 24 98 87 98 356 101 119 606 645 
24 317 87 582 98 101 821 119 886 999 
28 128 100 123 470 127 675 680 818 849 
122 122 128 487 605 823 838 904 977 1000 
28 128 100 123 127 598 609 630 753 977 
122 126 128 127 575 638 879 912 946 954 
122 128 150 190 535 604 755 810 954 969 
24 122 98 128 119 601 650 772 810 922 
122 125 126 117 129 205 308 535 644 871 
122 128 128 133 145 183 315 333 392 567 
122 128 123 127 412 445 637 673 811 920 
122 128 400 405 409 446 515 610 633 807 
28 100 123 123 127 234 344 645 742 886 
24 122 98 128 119 283 725 735 795 963 
122 128 308 475 773 780 855 911 934 973 
122 126 128 322 376 505 608 874 880 911 
125 97 126 108 117 124 470 851 875 947 
125 28 100 108 123 124 127 607 645 853 
122 128 167 252 403 504 535 871 911 919 
122 122 128 147 263 404 526 566 710 747 
122 28 100 123 127 627 710 717 856 863 
28 100 98 123 119 127 293 316 402 468 
24 87 329 98 101 625 119 693 918 972 
122 28 98 100 119 123 127 810 845 879 
62 28 228 100 123 127 427 726 758 866 
28 100 177 123 243 127 424 808 875 908 
28 122 123 128 446 514 653 695 751 963 
28 128 100 439 123 127 556 665 890 931 
122 128 98 101 119 443 486 816 925 943 
24 87 98 101 119 609 650 716 868 988 
122 128 128 256 316 331 504 656 951 996 
122 128 123 127 367 557 652 658 673 805 
122 128 99 108 117 124 836 898 967 988 
122 122 128 127 119 578 740 801 816 896 
122 28 123 100 119 123 127 919 923 928 
193 122 548 128 607 737 812 841 887 978 
122 24 87 98 353 101 119 774 926 991 
24 122 128 101 119 575 719 726 733 907 
122 97 128 108 117 124 688 708 752 936 
125 126 123 127 330 452 499 654 661 685 
28 100 123 123 127 225 338 681 969 998 
122 126 128 101 119 751 760 766 931 940 
122 122 128 108 117 124 659 765 928 955 
62 28 100 123 631 127 810 868 877 937 
62 122 128 649 676 751 818 828 858 895 
122 128 128 127 434 501 687 710 891 989 
122 128 128 101 119 585 661 745 756 861 
122 128 128 127 468 619 738 871 914 928 
125 126 98 101 119 633 714 762 807 920 
122 128 98 101 119 531 676 807 856 930 
122 122 189 128 517 594 642 729 942 948 
28 100 123 123 349 127 622 673 763 979 
122 122 128 575 585 599 641 711 712 772 
122 128 495 512 541 668 720 795 879 949 
122 128 128 629 674 736 745 772 893 918 
125 122 291 128 335 402 427 488 613 712 
28 122 123 128 572 675 683 720 881 900 
28 128 100 123 127 507 668 798 835 996 
125 126 98 101 119 596 800 808 831 886 
122 128 123 127 119 525 576 713 863 910 
122 122 184 128 314 369 473 590 683 760 
122 128 128 253 264 615 767 788 873 875 
122 125 126 378 386 618 689 690 719 975 
125 28 330 100 123 788 127 852 898 963 
122 128 128 127 502 530 616 694 906 981 
24 128 87 98 101 302 119 417 651 708 
125 128 126 666 677 738 821 872 877 912 
32 122 128 386 464 478 494 615 828 872 
122 128 98 101 119 506 669 747 818 840 
122 122 128 587 657 666 791 904 953 978 
28 122 123 128 559 596 621 667 870 914 
28 122 128 127 582 636 674 764 935 991 
122 24 336 87 485 98 101 119 918 960 
122 126 128 101 119 556 833 883 967 997 
122 28 100 655 123 127 722 740 805 949 
122 24 87 98 101 413 119 547 663 949 
28 100 123 127 119 499 679 754 913 940 
24 122 128 101 119 525 611 618 690 972 
122 122 435 128 451 467 592 606 726 933 
28 128 100 123 630 127 897 924 933 980 
28 122 128 127 322 478 710 727 905 996 
122 125 98 126 119 578 593 623 638 686 
125 126 98 101 119 554 576 656 715 833 
28 125 123 126 360 710 870 908 977 1000 
28 28 100 127 123 595 127 721 777 965 
122 100 128 127 119 621 626 697 811 883 
122 128 128 372 424 498 628 817 919 925 
122 128 137 141 161 363 419 649 791 942 
122 128 143 279 461 502 682 747 896 988 
122 128 232 240 329 437 454 571 592 643 
125 125 171 126 618 628 804 889 910 995 
28 100 123 101 127 343 400 491 919 987 
122 125 396 126 475 525 779 871 899 951 
125 122 379 128 598 603 680 785 799 816 
28 128 100 123 528 127 713 782 884 931 
122 122 225 128 382 401 452 685 869 934 
62 28 291 100 544 123 127 743 891 914 
122 122 98 128 119 439 514 781 844 967 
28 122 123 128 544 614 698 707 930 959 
28 28 123 100 119 123 127 557 722 848 
122 28 76 100 123 127 411 739 756 1000 
122 128 128 120 133 166 544 699 938 974 
28 100 250 123 127 735 743 819 937 974 
122 100 128 127 119 623 650 852 866 940 
122 128 128 101 119 527 564 599 648 762 
122 28 176 100 123 405 127 469 588 857 
28 100 62 123 308 127 658 929 940 980 
122 128 142 353 572 645 738 883 921 958 
28 128 100 459 123 127 535 607 706 838 
125 122 128 266 296 382 726 733 836 971 
122 122 118 128 423 462 471 671 727 940 
167 24 211 87 98 101 676 119 912 995 
125 126 245 304 436 483 626 671 749 841 
122 122 128 593 718 736 751 878 936 1000 
122 122 123 128 353 568 598 874 896 977 
28 100 98 123 127 618 679 807 938 953 
125 128 126 101 119 705 787 824 841 905 
122 24 87 395 98 101 585 119 773 810 
122 28 100 123 691 127 921 932 953 977 
122 122 588 128 649 795 889 912 934 998 
122 128 123 127 420 754 785 830 837 996 
28 122 128 127 89 259 338 381 622 845 
28 122 128 127 119 571 603 737 766 926 
122 128 128 370 498 609 825 860 935 940 
125 122 128 630 675 699 715 840 851 921 
122 128 311 319 330 349 688 760 773 983 
64 125 126 108 117 124 634 655 821 912 
122 122 123 128 469 515 571 625 661 979 
122 122 128 545 685 730 736 761 851 893 
28 122 123 128 698 734 779 815 836 943 
122 126 128 101 119 761 796 871 959 965 
122 128 128 267 384 537 551 568 735 999 
28 100 195 123 127 581 744 773 794 915 
122 122 331 128 597 622 679 703 867 910 
24 128 87 98 101 398 119 734 791 857 
28 125 126 127 362 497 517 769 782 906 
122 122 128 203 243 327 368 696 786 839 
122 70 128 138 271 329 526 672 744 926 
28 100 100 123 119 127 668 807 889 982 
28 100 123 127 423 508 679 907 910 921 
24 87 98 101 119 806 858 906 937 967 
122 122 128 416 494 577 648 666 748 884 
24 24 98 87 98 299 101 119 647 669 
122 28 100 127 123 603 127 764 806 975 
122 122 128 101 119 573 678 770 853 949 
62 164 319 328 467 608 750 754 845 861 
24 87 335 98 617 101 784 119 908 960 
28 122 128 127 237 528 712 740 887 900 
122 24 87 98 253 101 119 809 850 882 
125 128 126 509 522 768 845 855 872 945 
122 28 100 123 127 527 588 793 866 934 
28 312 100 535 123 127 687 796 865 895 
28 87 100 101 123 127 424 691 902 932 
125 122 128 101 119 382 583 888 984 992 
122 28 100 487 123 127 726 750 766 910 
64 28 99 100 123 127 494 553 616 846 
125 126 123 127 506 513 533 700 820 884 
24 125 98 126 119 526 563 755 895 966 
125 122 295 128 459 630 637 660 703 797 
125 128 126 260 384 448 501 772 951 998 
64 97 99 127 108 536 117 124 629 731 
122 28 98 100 119 123 127 713 766 996 
122 122 128 381 527 661 706 712 895 993 
62 125 126 219 516 634 690 790 868 885 
28 122 123 128 450 580 659 759 773 902 
122 24 87 98 215 101 119 716 735 806 
28 100 123 488 127 512 519 584 835 957 
28 28 123 100 294 123 127 856 863 927 
28 100 123 123 127 482 556 743 889 992 
122 24 553 87 669 98 101 119 918 936 
24 122 128 101 119 607 640 721 756 870 
122 122 123 128 512 594 699 867 902 977 
28 122 128 127 558 567 641 679 770 937 
28 100 221 123 127 581 586 672 783 907 
28 100 100 123 900 127 930 966 990 995 
122 122 128 718 789 815 864 955 970 1000 
122 122 237 128 422 497 558 670 702 975 
24 125 126 101 119 422 825 852 867 983 
122 128 177 301 311 695 746 850 932 941 
125 126 126 251 300 356 406 616 670 735 
122 122 128 499 699 746 758 834 907 1000 
28 125 126 127 377 432 519 769 788 814 
28 122 128 127 119 673 703 717 746 781 
28 28 100 123 127 408 694 757 968 977 
28 64 97 99 414 108 117 694 124 887 
122 128 123 127 409 540 595 696 829 994 
122 122 98 128 119 538 703 731 774 962 
28 100 100 127 123 372 127 717 850 960 
24 122 98 128 119 572 602 665 888 894 
122 122 195 128 484 518 598 625 724 997 
122 128 128 270 341 511 594 625 716 738 
122 100 128 127 329 352 457 559 600 851 
122 28 143 100 283 123 127 407 486 982 
28 128 100 366 123 127 604 626 731 860 
28 100 123 127 348 373 470 489 716 852 
24 128 87 98 101 119 554 599 666 903 
122 28 98 100 123 610 127 726 826 873 
122 122 128 272 340 443 547 666 736 974 
28 100 123 127 127 570 599 686 792 916 
24 174 87 408 98 101 119 830 838 999 
122 28 123 100 614 123 127 743 809 866 
28 100 123 127 557 625 732 822 842 907 
122 213 128 255 302 500 520 527 717 825 
122 125 98 126 119 715 737 820 966 976 
28 128 100 123 304 127 703 727 883 892 
28 100 123 316 127 569 637 827 929 930 
122 128 98 101 119 603 696 780 913 962 
122 128 70 147 220 227 629 643 718 958 
125 100 126 329 397 464 662 765 826 926 
122 122 336 128 564 676 692 703 783 833 
24 87 336 98 588 101 667 119 874 914 
122 125 135 126 385 612 626 676 745 783 
28 100 110 123 394 127 505 637 708 971 
24 28 98 100 123 127 744 817 850 853 
24 122 128 101 119 613 701 716 730 733 
122 24 374 87 602 98 101 119 794 890 
28 125 126 127 317 403 757 789 848 880 
28 100 100 123 127 408 538 753 770 872 
24 100 87 127 98 696 101 119 755 860 
24 28 100 123 127 736 760 791 820 997 
122 122 128 101 119 379 447 517 778 856 
122 128 123 127 337 772 880 881 958 962 
62 122 128 170 236 394 531 558 705 908 
122 100 128 127 119 676 726 750 926 936 
122 126 128 288 392 621 737 750 781 862 
122 28 100 265 123 127 867 877 949 955 
122 126 128 453 527 601 635 721 847 868 
28 100 123 127 127 731 759 862 945 982 
122 125 123 126 602 615 624 655 753 917 
122 128 128 609 733 747 808 870 916 951 
122 28 98 100 123 127 547 557 580 670 
122 128 245 283 325 407 425 505 543 837 
122 122 319 128 387 424 495 531 611 768 
122 128 123 127 237 438 450 559 732 961 
122 28 123 100 519 123 127 802 854 890 
122 122 128 415 516 557 569 887 978 990 
28 128 100 123 507 127 896 898 934 998 
122 126 128 404 444 448 526 643 648 980 
122 28 123 100 123 127 739 795 885 911 
122 125 126 424 431 455 524 584 675 919 
28 100 123 267 127 441 664 679 733 881 
122 87 128 101 119 124 715 851 949 966 
28 28 100 123 127 662 689 723 871 978 
64 128 97 360 99 108 117 124 863 891 
122 128 128 377 453 545 557 612 757 953 
122 122 128 412 481 491 659 755 758 837 
122 122 128 674 676 693 703 847 863 876 
122 128 376 390 681 799 938 941 945 977 
64 24 87 98 117 101 119 817 923 950 
122 122 128 172 226 313 536 564 878 893 
122 122 306 128 365 398 478 708 738 903 
122 122 128 127 716 738 806 911 979 996 
125 122 105 128 544 554 593 662 891 960 
122 128 128 301 466 530 673 694 729 940 
125 122 128 101 119 595 602 619 711 744 
24 87 296 98 537 101 709 119 856 961 
125 28 100 123 262 127 372 470 588 805 
28 100 100 127 123 528 127 656 661 760 
122 122 123 128 119 468 735 930 960 1000 
28 122 128 127 489 602 743 754 819 951 
122 122 128 108 117 124 505 760 778 998 
28 100 92 123 236 127 613 703 806 922 
24 100 87 127 98 101 729 119 820 841 
28 122 123 128 687 842 858 967 987 997 
62 87 98 101 119 427 449 472 551 717 
122 128 128 273 324 538 584 673 712 904 
28 125 126 127 573 592 611 652 778 873 
28 24 123 87 299 98 101 119 898 988 
125 205 126 326 467 471 601 602 842 867 
122 28 100 525 123 595 127 663 693 861 
122 28 204 100 350 123 127 677 727 770 
122 128 98 101 119 310 577 627 891 903 
28 128 100 108 123 124 127 599 866 902 
28 125 123 126 328 352 611 616 627 780 
28 128 100 123 450 127 625 654 700 884 
28 122 123 128 724 726 755 760 771 868 
122 128 123 127 485 556 562 635 725 779 
28 122 128 127 119 454 547 568 648 887 
122 122 128 646 665 789 912 914 935 936 
125 122 167 128 405 464 621 674 692 866 
28 100 100 123 368 127 632 645 820 860 
122 126 128 127 342 394 395 728 740 921 
24 128 87 98 101 466 119 510 870 963 
24 128 87 101 98 101 119 891 900 906 
122 128 99 256 290 390 462 817 894 987 
122 125 126 429 525 603 607 684 816 937 
122 128 128 279 560 693 793 823 888 971 
125 126 114 339 356 389 521 594 912 941 
24 122 128 101 119 357 748 849 896 993 
122 128 128 312 393 804 842 868 922 998 
62 125 126 264 353 437 438 483 718 907 
122 128 128 101 119 511 553 726 810 901 
122 122 128 335 451 492 534 610 845 893 
122 128 128 462 686 761 772 840 921 936 
28 125 123 126 221 321 400 489 870 975 
28 62 123 127 737 790 811 865 866 950 
122 128 128 420 434 449 475 571 748 992 
122 128 99 108 117 124 697 776 833 884 
28 122 128 127 342 528 549 621 655 938 
122 128 407 475 571 612 649 742 796 891 
122 128 128 127 685 770 895 901 908 929 
28 128 100 101 123 523 127 806 885 967 
122 122 271 128 478 490 510 616 722 806 
122 122 309 128 510 578 584 632 870 952 
122 100 128 127 623 647 753 761 854 952 
28 128 100 123 127 503 520 764 883 957 
62 24 87 98 221 101 119 856 958 985 
122 125 126 405 606 662 835 943 949 966 
64 122 99 128 117 124 447 550 709 882 
24 87 456 98 101 701 119 777 785 843 
122 28 172 100 289 123 127 504 806 844 
122 122 128 158 501 656 664 833 898 951 
28 125 123 126 477 479 647 668 670 859 
122 128 200 261 340 461 556 587 663 706 
122 128 258 443 547 706 748 768 782 893 
24 122 128 101 119 695 702 704 841 883 
122 128 123 127 674 679 700 731 935 981 
122 128 98 101 119 421 606 701 860 926 
122 28 100 123 127 444 601 665 752 936 
125 28 483 100 581 123 127 750 753 900 
122 28 123 100 517 123 127 727 746 988 
125 126 123 127 522 595 691 717 835 884 
28 122 123 128 119 454 541 825 868 932 
24 28 98 100 119 123 127 526 547 549 
24 128 87 362 98 101 119 669 675 822 
122 28 98 100 123 278 127 769 852 853 
122 126 128 101 119 379 391 626 636 662 
28 128 100 123 570 127 750 797 874 922 
122 126 128 323 396 627 661 777 885 928 
28 122 128 127 471 482 621 636 866 991 
28 100 123 101 127 733 808 822 847 848 
122 128 128 619 650 705 776 849 927 942 
122 122 128 127 504 568 670 736 807 969 
122 122 128 180 238 495 572 587 708 747 
28 24 87 127 98 101 732 119 819 852 
24 87 87 98 101 119 720 816 888 904 
