125 126 299 399 428 447 610 705 771 898 
227 28 367 100 448 123 127 846 850 941 
122 28 100 123 127 219 223 237 725 820 
122 128 319 743 763 923 939 944 949 981 
122 128 128 719 742 744 764 773 904 906 
125 128 126 272 311 463 531 702 783 833 
122 128 123 127 117 124 538 581 650 831 
122 128 123 127 538 594 695 736 795 920 
122 128 98 101 119 638 658 836 910 954 
122 122 434 128 631 658 675 790 808 885 
122 128 128 419 504 633 686 787 805 977 
24 28 100 101 123 446 127 827 961 971 
3 122 128 339 437 448 505 693 981 993 
122 128 177 365 514 597 607 725 859 922 
122 122 162 128 228 280 476 627 965 988 
28 125 123 126 296 354 515 553 700 984 
28 100 123 127 261 317 388 576 579 975 
24 122 98 128 119 584 735 736 764 798 
202 122 564 128 614 733 798 805 889 928 
131 125 203 126 276 321 368 406 787 910 
122 128 128 256 328 376 431 449 657 826 
122 122 128 336 349 506 657 712 717 912 
122 122 128 101 119 518 526 562 820 832 
122 122 128 305 310 673 738 746 960 985 
28 281 100 543 123 127 754 792 953 978 
122 125 320 126 412 432 529 762 824 950 
52 24 87 98 306 101 690 119 906 934 
125 122 98 128 119 680 698 771 970 983 
122 128 128 160 253 306 437 447 769 918 
122 128 421 424 655 757 771 814 889 937 
122 128 98 101 119 324 538 588 865 956 
24 122 128 101 119 289 311 651 776 934 
62 122 128 481 548 719 737 780 807 909 
122 122 241 128 539 553 565 600 756 801 
24 87 98 631 101 758 119 912 956 989 
122 24 87 98 573 101 119 661 767 877 
28 100 123 523 127 655 768 829 861 979 
28 100 123 335 127 533 679 781 813 822 
28 100 123 574 127 641 688 852 866 883 
122 122 128 188 308 382 464 722 843 916 
122 28 100 123 436 127 556 603 785 835 
62 122 439 128 723 752 760 826 914 971 
125 128 126 497 580 587 602 614 716 930 
122 122 128 509 744 828 839 854 865 893 
10 15 142 189 776 829 877 888 902 999 
122 128 128 387 434 447 745 825 874 876 
122 100 128 127 430 447 475 689 866 950 
28 100 108 123 153 127 367 588 622 764 
122 128 128 314 407 573 697 715 889 929 
28 128 100 257 123 426 127 583 670 996 
24 28 98 100 123 450 127 618 654 862 
122 28 100 264 123 127 623 731 782 948 
122 128 139 185 252 272 366 453 496 850 
29 28 100 123 127 425 543 804 854 983 
23 122 263 128 439 511 544 832 880 954 
62 272 369 479 595 767 783 828 862 883 
122 62 102 136 137 203 633 767 858 871 
28 122 128 127 576 578 588 834 873 933 
125 122 128 741 755 768 811 849 858 968 
122 128 98 101 119 385 614 627 656 805 
122 122 456 128 509 532 625 663 807 936 
44 122 128 489 587 601 616 746 747 967 
66 125 126 308 458 616 649 823 835 904 
122 122 128 320 345 380 436 632 817 889 
64 126 97 215 99 108 461 117 124 897 
122 128 317 383 423 439 753 790 877 977 
122 128 128 251 340 470 574 627 904 985 
28 100 123 294 127 347 574 583 701 798 
125 126 197 353 371 427 592 849 967 980 
64 117 97 327 99 399 108 117 124 958 
122 128 128 244 284 545 775 927 946 993 
122 125 126 445 476 483 786 813 899 1000 
122 122 347 128 454 658 767 848 934 966 
24 122 128 101 119 553 574 580 823 992 
28 87 100 123 127 658 766 971 984 986 
122 128 412 461 533 559 641 699 848 965 
28 128 100 123 127 725 958 960 965 973 
122 87 128 101 119 487 673 776 811 947 
28 128 100 123 581 127 814 854 942 977 
122 128 128 793 814 852 874 928 938 1000 
28 128 100 123 243 127 279 353 665 893 
122 122 128 419 460 681 737 866 921 966 
125 28 100 195 123 486 127 681 847 955 
28 100 73 123 346 127 442 462 591 701 
24 87 276 98 395 101 119 909 964 977 
125 128 126 481 586 617 628 636 830 914 
122 28 158 100 189 123 127 414 570 835 
24 28 98 100 123 127 491 499 867 954 
122 122 128 491 507 567 596 644 731 944 
62 64 393 97 99 108 696 117 124 909 
125 126 98 101 119 659 777 821 900 977 
129 122 128 426 685 696 732 923 947 996 
28 24 87 98 594 101 685 119 855 909 
122 77 128 474 652 838 856 863 960 993 
122 59 128 188 190 199 208 400 579 975 
24 122 128 101 119 572 610 650 727 864 
62 122 290 128 410 416 421 578 639 998 
122 128 128 129 217 311 540 636 692 932 
24 87 233 98 101 460 119 627 864 897 
122 128 128 315 344 516 574 584 832 899 
122 128 313 355 422 423 495 639 761 993 
28 126 100 123 127 652 731 745 846 954 
125 100 126 127 119 510 574 807 872 988 
122 128 134 449 462 531 705 784 896 958 
122 128 232 297 342 536 558 569 579 1000 
23 125 126 419 501 550 557 677 687 835 
48 28 238 100 123 127 479 534 570 989 
122 122 573 128 714 731 739 797 849 991 
24 24 98 87 119 98 101 119 721 845 
28 100 123 127 545 609 677 845 862 900 
122 122 271 128 531 616 695 846 927 943 
122 28 100 123 119 127 353 682 799 989 
122 128 123 127 557 641 658 836 935 951 
122 128 128 272 273 361 728 771 861 942 
122 128 128 276 302 324 566 708 860 930 
24 122 128 101 119 442 534 591 645 963 
122 28 158 100 287 123 127 885 915 926 
122 126 128 387 512 679 700 774 775 938 
24 28 100 101 123 700 127 806 903 952 
122 122 123 128 634 730 823 901 918 945 
122 122 247 128 635 700 702 729 750 924 
125 126 262 263 333 342 405 421 621 741 
28 112 100 138 123 267 127 710 714 830 
104 122 128 594 655 657 670 693 957 986 
122 128 162 290 388 449 540 707 770 875 
28 122 128 127 634 791 804 855 954 986 
32 62 472 557 596 609 864 889 892 925 
62 122 128 394 470 584 640 659 681 925 
122 128 123 127 119 516 809 822 836 927 
122 24 191 87 98 645 101 119 855 978 
28 100 100 123 127 705 735 750 886 923 
122 100 128 127 422 533 626 674 716 814 
106 122 344 128 549 616 626 737 800 915 
62 122 128 437 467 688 761 853 857 878 
122 125 268 126 307 604 622 889 890 934 
122 28 100 450 123 751 127 852 893 958 
210 122 386 128 580 702 709 740 742 985 
122 128 272 364 379 480 577 846 916 984 
117 122 128 380 543 624 677 825 932 966 
122 100 128 127 698 759 781 790 860 984 
62 125 126 35 172 730 739 850 865 919 
28 122 123 128 119 780 814 828 891 932 
28 122 128 127 194 235 431 493 611 830 
122 128 323 429 542 577 661 670 706 859 
62 160 197 206 340 373 485 673 860 869 
122 126 128 404 479 574 644 732 773 983 
122 128 122 168 298 536 736 842 946 960 
125 100 126 127 119 340 487 533 892 916 
122 128 128 222 247 398 759 891 907 970 
28 128 100 123 412 127 818 861 946 980 
62 350 520 531 573 701 705 808 903 920 
125 87 126 101 119 513 619 675 838 852 
24 122 128 101 119 765 792 816 876 952 
106 122 128 416 523 537 641 685 708 985 
122 122 337 128 651 747 806 877 913 978 
28 100 123 294 127 721 729 792 877 942 
28 128 100 238 123 378 127 963 974 980 
24 122 128 101 119 442 692 850 853 879 
122 128 98 101 119 642 674 704 757 986 
125 126 126 474 530 647 703 855 907 990 
28 100 123 127 276 642 666 672 825 982 
62 122 193 128 493 615 715 747 818 968 
28 128 100 123 127 463 498 580 699 880 
125 126 143 201 218 292 469 491 835 983 
24 122 98 128 119 356 436 519 606 645 
24 317 87 582 98 101 821 119 886 999 
122 122 407 128 470 612 675 680 818 849 
122 128 180 487 605 823 838 904 977 1000 
122 122 128 357 472 598 609 630 753 977 
125 126 123 127 575 638 879 912 946 954 
122 128 150 190 535 604 755 810 954 969 
24 100 87 127 98 101 650 119 810 922 
122 122 128 117 129 205 308 535 644 871 
21 122 128 133 145 183 315 333 392 567 
191 28 302 100 412 123 127 673 811 920 
122 128 400 405 409 446 515 610 633 807 
28 60 100 123 127 234 344 645 742 886 
24 87 98 214 101 119 725 735 795 963 
125 122 308 128 773 780 855 911 934 973 
125 128 126 322 376 505 608 874 880 911 
64 97 123 99 321 108 470 117 124 947 
64 125 99 126 117 124 553 607 645 853 
122 122 167 128 403 504 535 871 911 919 
122 122 78 128 263 404 526 566 710 747 
28 122 123 128 530 627 710 717 856 863 
122 122 128 134 196 270 293 316 402 468 
180 125 329 126 562 625 652 693 918 972 
122 128 98 101 119 691 789 810 845 879 
62 62 228 252 326 381 427 726 758 866 
122 128 177 227 243 364 424 808 875 908 
122 28 310 100 446 123 127 695 751 963 
122 122 128 439 481 513 556 665 890 931 
122 128 128 101 119 443 486 816 925 943 
122 126 128 359 572 609 650 716 868 988 
122 128 128 256 316 331 504 656 951 996 
28 100 190 123 127 557 652 658 673 805 
127 64 465 97 488 99 108 117 124 988 
24 28 100 101 123 578 127 801 816 896 
122 100 128 127 119 809 892 919 923 928 
193 122 548 128 607 737 812 841 887 978 
122 264 128 335 353 408 451 774 926 991 
24 122 128 101 119 575 719 726 733 907 
64 237 97 99 108 687 117 124 752 936 
122 128 125 183 330 452 499 654 661 685 
28 100 123 127 154 225 338 681 969 998 
125 87 126 101 119 751 760 766 931 940 
122 97 128 108 117 124 659 765 928 955 
70 62 263 630 631 774 810 868 877 937 
62 128 523 649 676 751 818 828 858 895 
122 122 123 128 434 501 687 710 891 989 
24 122 98 128 119 585 661 745 756 861 
122 100 128 127 468 619 738 871 914 928 
24 122 128 101 119 633 714 762 807 920 
24 87 98 400 101 531 119 807 856 930 
122 122 189 128 517 594 642 729 942 948 
28 122 128 127 349 456 622 673 763 979 
122 122 128 575 585 599 641 711 712 772 
122 122 128 512 541 668 720 795 879 949 
122 122 128 629 674 736 745 772 893 918 
122 125 291 126 335 402 427 488 613 712 
28 100 273 123 572 127 683 720 881 900 
24 128 87 397 98 101 119 798 835 996 
24 87 98 380 101 119 800 808 831 886 
24 28 98 100 123 525 127 713 863 910 
29 122 184 128 314 369 473 590 683 760 
122 128 128 253 264 615 767 788 873 875 
122 125 126 378 386 618 689 690 719 975 
125 126 330 420 652 788 801 852 898 963 
28 122 123 128 502 530 616 694 906 981 
62 122 128 179 194 302 403 417 651 708 
122 128 128 666 677 738 821 872 877 912 
32 91 297 386 464 478 494 615 828 872 
125 126 98 101 119 506 669 747 818 840 
122 122 128 587 657 666 791 904 953 978 
28 100 123 127 559 596 621 667 870 914 
93 28 100 509 123 127 674 764 935 991 
122 122 336 128 485 746 810 864 918 960 
125 126 98 101 119 556 833 883 967 997 
62 122 128 655 689 712 722 740 805 949 
122 128 251 301 339 413 534 547 663 949 
28 100 98 123 127 499 679 754 913 940 
24 87 281 98 101 525 119 618 690 972 
122 122 435 128 451 467 592 606 726 933 
158 122 517 128 630 747 897 924 933 980 
122 28 197 100 123 127 710 727 905 996 
24 122 128 101 119 578 593 623 638 686 
24 122 98 128 119 554 576 656 715 833 
28 128 100 123 127 710 870 908 977 1000 
125 28 100 123 523 127 718 721 777 965 
122 28 100 101 123 127 626 697 811 883 
122 128 295 372 424 498 628 817 919 925 
122 122 128 141 161 363 419 649 791 942 
125 126 126 279 461 502 682 747 896 988 
39 125 126 240 329 437 454 571 592 643 
122 125 171 126 618 628 804 889 910 995 
24 122 98 128 119 343 400 491 919 987 
122 128 128 401 475 525 779 871 899 951 
265 125 379 126 598 603 680 785 799 816 
28 122 128 127 528 619 713 782 884 931 
122 128 128 271 382 401 452 685 869 934 
122 62 291 303 544 580 612 743 891 914 
24 122 128 101 119 439 514 781 844 967 
28 100 123 127 127 614 698 707 930 959 
28 87 100 101 123 303 127 557 722 848 
122 122 128 190 207 361 411 739 756 1000 
122 128 100 120 133 166 544 699 938 974 
122 128 128 304 333 735 743 819 937 974 
24 125 126 101 119 623 650 852 866 940 
24 122 128 101 119 527 564 599 648 762 
122 128 128 198 328 405 420 469 588 857 
28 100 62 123 308 127 658 929 940 980 
122 128 142 353 572 645 738 883 921 958 
122 128 128 459 467 480 535 607 706 838 
125 97 126 266 296 382 726 733 836 971 
122 122 118 128 423 462 471 671 727 940 
167 202 211 448 472 599 676 768 912 995 
122 101 128 304 436 483 626 671 749 841 
122 128 128 593 718 736 751 878 936 1000 
122 100 128 127 353 568 598 874 896 977 
122 87 128 101 119 618 679 807 938 953 
122 128 98 101 119 705 787 824 841 905 
184 122 287 128 435 552 585 646 773 810 
122 122 153 128 691 892 921 932 953 977 
122 122 128 637 649 795 889 912 934 998 
28 100 123 377 127 754 785 830 837 996 
28 100 100 123 89 127 338 381 622 845 
24 28 98 100 119 123 127 737 766 926 
122 128 128 370 498 609 825 860 935 940 
62 125 126 630 675 699 715 840 851 921 
125 122 128 319 330 349 688 760 773 983 
125 64 97 571 99 108 634 117 124 912 
28 122 128 127 469 515 571 625 661 979 
122 128 100 545 685 730 736 761 851 893 
125 433 126 579 698 734 779 815 836 943 
122 125 126 101 119 761 796 871 959 965 
122 128 203 267 384 537 551 568 735 999 
125 92 126 550 579 581 744 773 794 915 
122 128 128 466 597 622 679 703 867 910 
122 122 235 128 348 398 478 734 791 857 
28 128 100 325 123 497 127 769 782 906 
122 128 104 203 243 327 368 696 786 839 
54 62 128 138 271 329 526 672 744 926 
24 28 100 123 119 127 668 807 889 982 
125 199 126 358 423 508 679 907 910 921 
28 100 123 127 119 806 858 906 937 967 
122 122 357 128 494 577 648 666 748 884 
24 24 98 87 98 299 101 119 647 669 
122 128 128 127 364 603 675 764 806 975 
122 87 128 101 119 573 678 770 853 949 
58 62 319 328 467 608 750 754 845 861 
187 62 335 556 617 666 784 812 908 960 
11 28 138 100 123 127 712 740 887 900 
125 122 128 251 253 375 668 809 850 882 
122 128 406 509 522 768 845 855 872 945 
28 122 117 128 388 527 588 793 866 934 
62 312 355 535 553 675 687 796 865 895 
24 69 87 328 98 384 101 119 902 932 
125 87 126 101 119 382 583 888 984 992 
122 122 128 487 537 687 726 750 766 910 
64 97 99 108 431 117 494 124 616 846 
28 128 100 230 123 127 533 700 820 884 
122 24 159 87 491 98 101 119 895 966 
134 125 295 126 459 630 637 660 703 797 
122 128 221 260 384 448 501 772 951 998 
28 128 100 140 123 127 572 581 629 731 
24 122 98 128 119 444 543 713 766 996 
122 128 128 381 527 661 706 712 895 993 
122 62 149 219 516 634 690 790 868 885 
28 100 364 123 450 127 659 759 773 902 
122 128 153 203 215 563 658 716 735 806 
122 128 128 488 496 512 519 584 835 957 
28 100 71 123 127 687 692 856 863 927 
28 100 123 127 127 482 556 743 889 992 
122 346 128 645 669 780 818 887 918 936 
24 24 98 87 119 98 101 119 756 870 
122 128 123 127 512 594 699 867 902 977 
28 100 123 127 558 567 641 679 770 937 
122 126 128 251 255 581 586 672 783 907 
28 100 100 123 900 127 930 966 990 995 
62 125 126 718 789 815 864 955 970 1000 
122 128 237 329 422 497 558 670 702 975 
24 128 87 98 101 422 119 852 867 983 
20 133 177 301 311 695 746 850 932 941 
125 128 126 251 300 356 406 616 670 735 
39 122 460 128 699 746 758 834 907 1000 
28 126 100 123 127 432 519 769 788 814 
28 28 123 100 119 123 127 717 746 781 
5 28 100 223 123 127 694 757 968 977 
122 28 140 100 123 538 127 694 786 887 
28 100 345 123 409 127 595 696 829 994 
122 128 128 101 119 538 703 731 774 962 
28 100 123 127 203 372 436 717 850 960 
62 24 95 87 547 98 101 119 888 894 
57 122 128 398 484 518 598 625 724 997 
122 128 128 270 341 511 594 625 716 738 
62 28 180 100 123 352 127 559 600 851 
122 28 143 100 283 123 127 407 486 982 
125 126 212 366 473 571 604 626 731 860 
28 100 123 127 348 373 470 489 716 852 
122 128 222 305 376 446 554 599 666 903 
122 128 98 101 119 610 620 726 826 873 
122 122 128 272 340 443 547 666 736 974 
122 28 100 123 127 570 599 686 792 916 
62 174 262 408 499 608 734 830 838 999 
28 287 100 123 614 127 658 743 809 866 
122 126 128 449 557 625 732 822 842 907 
85 62 253 255 302 500 520 527 717 825 
125 122 98 128 119 715 737 820 966 976 
28 122 128 127 304 650 703 727 883 892 
122 128 128 316 529 569 637 827 929 930 
122 128 98 101 119 603 696 780 913 962 
122 58 128 147 220 227 629 643 718 958 
10 100 110 329 397 464 662 765 826 926 
122 122 128 399 564 676 692 703 783 833 
122 125 336 126 588 594 667 822 874 914 
122 128 135 214 385 612 626 676 745 783 
17 122 128 233 394 463 505 637 708 971 
122 24 87 98 101 667 119 817 850 853 
24 87 98 101 598 119 701 716 730 733 
122 122 128 469 602 613 694 722 794 890 
28 100 91 123 317 127 757 789 848 880 
122 193 128 343 395 408 538 753 770 872 
28 358 100 123 127 696 710 712 755 860 
28 24 123 87 594 98 101 119 820 997 
122 87 128 101 119 379 447 517 778 856 
122 128 123 127 337 772 880 881 958 962 
62 129 137 170 236 394 531 558 705 908 
24 122 128 101 119 676 726 750 926 936 
122 128 225 288 392 621 737 750 781 862 
122 128 227 265 451 713 867 877 949 955 
125 126 432 453 527 601 635 721 847 868 
122 28 311 100 584 123 127 862 945 982 
125 122 123 128 602 615 624 655 753 917 
239 122 128 609 733 747 808 870 916 951 
122 87 128 101 119 505 547 557 580 670 
122 128 245 283 325 407 425 505 543 837 
62 122 128 350 387 424 495 531 611 768 
122 100 128 127 237 438 450 559 732 961 
122 28 448 100 519 123 127 802 854 890 
122 128 395 415 516 557 569 887 978 990 
23 122 261 128 507 731 896 898 934 998 
122 125 126 404 444 448 526 643 648 980 
28 122 128 127 460 584 739 795 885 911 
35 122 128 424 431 455 524 584 675 919 
40 122 76 128 278 441 664 679 733 881 
28 97 100 123 117 127 715 851 949 966 
122 28 484 100 123 662 127 723 871 978 
122 128 128 360 373 398 526 735 863 891 
122 128 253 377 453 545 557 612 757 953 
122 122 128 412 481 491 659 755 758 837 
122 128 637 674 676 693 703 847 863 876 
122 128 376 390 681 799 938 941 945 977 
122 64 155 97 259 99 108 117 124 950 
122 122 128 172 226 313 536 564 878 893 
122 122 306 128 365 398 478 708 738 903 
122 100 128 127 716 738 806 911 979 996 
122 125 105 126 544 554 593 662 891 960 
122 128 128 301 466 530 673 694 729 940 
24 125 98 126 119 595 602 619 711 744 
125 126 296 523 537 681 709 824 856 961 
2 125 126 184 262 313 372 470 588 805 
62 28 100 416 123 127 584 656 661 760 
28 100 98 123 127 468 735 930 960 1000 
28 128 100 123 489 127 743 754 819 951 
64 128 97 99 366 108 117 124 778 998 
122 128 128 228 236 581 613 703 806 922 
24 28 100 101 123 127 729 815 820 841 
28 122 123 128 687 842 858 967 987 997 
24 125 126 101 119 427 449 472 551 717 
122 128 128 273 324 538 584 673 712 904 
28 128 100 123 573 127 611 652 778 873 
122 28 134 100 299 123 127 836 898 988 
173 205 316 326 467 471 601 602 842 867 
122 128 385 525 572 595 630 663 693 861 
122 112 128 320 350 497 560 677 727 770 
122 126 128 101 119 310 577 627 891 903 
64 122 128 108 117 124 561 599 866 902 
28 100 85 123 328 127 611 616 627 780 
122 128 128 394 450 569 625 654 700 884 
28 128 100 123 127 726 755 760 771 868 
122 28 142 100 123 127 562 635 725 779 
28 100 100 127 123 454 127 568 648 887 
69 122 128 646 665 789 912 914 935 936 
125 126 167 331 405 464 621 674 692 866 
28 100 123 210 127 526 632 645 820 860 
125 126 123 127 342 394 395 728 740 921 
122 122 128 408 421 466 484 510 870 963 
122 128 98 101 119 833 849 891 900 906 
122 112 128 256 290 390 462 817 894 987 
122 122 365 128 525 603 607 684 816 937 
122 157 128 279 560 693 793 823 888 971 
125 126 114 339 356 389 521 594 912 941 
122 24 87 98 101 119 748 849 896 993 
122 122 121 128 393 804 842 868 922 998 
62 128 212 264 353 437 438 483 718 907 
24 122 128 101 119 511 553 726 810 901 
122 128 128 335 451 492 534 610 845 893 
122 398 128 462 686 761 772 840 921 936 
28 128 100 219 123 321 127 489 870 975 
122 28 100 123 127 790 811 865 866 950 
122 125 126 420 434 449 475 571 748 992 
64 97 281 99 398 108 117 776 124 884 
125 126 312 335 342 528 549 621 655 938 
122 128 407 475 571 612 649 742 796 891 
28 100 123 127 685 770 895 901 908 929 
24 122 128 101 119 523 755 806 885 967 
122 122 271 128 478 490 510 616 722 806 
62 122 309 128 510 578 584 632 870 952 
122 28 100 123 623 127 753 761 854 952 
24 122 98 128 119 503 520 764 883 957 
11 62 169 209 221 640 747 856 958 985 
122 125 126 405 606 662 835 943 949 966 
64 128 97 206 99 108 117 124 709 882 
122 122 456 128 521 701 705 777 785 843 
122 128 128 231 289 309 359 504 806 844 
10 122 85 128 501 656 664 833 898 951 
125 28 308 100 477 123 127 668 670 859 
122 122 200 128 340 461 556 587 663 706 
122 128 258 443 547 706 748 768 782 893 
122 87 128 101 119 695 702 704 841 883 
28 128 100 672 123 127 700 731 935 981 
24 122 128 101 119 421 606 701 860 926 
122 122 128 101 119 444 601 665 752 936 
125 126 483 516 581 614 658 750 753 900 
28 122 123 128 517 608 694 727 746 988 
122 128 123 127 522 595 691 717 835 884 
24 28 98 100 123 127 541 825 868 932 
24 128 87 98 285 101 119 526 547 549 
122 103 128 362 390 449 651 669 675 822 
122 128 128 101 119 278 691 769 852 853 
24 125 98 126 119 379 391 626 636 662 
62 122 207 128 570 695 750 797 874 922 
125 191 126 323 396 627 661 777 885 928 
28 122 128 127 471 482 621 636 866 991 
24 122 98 128 119 733 808 822 847 848 
122 122 573 128 650 705 776 849 927 942 
28 100 100 127 123 127 670 736 807 969 
122 128 128 180 238 495 572 587 708 747 
24 28 100 123 127 657 732 809 819 852 
122 24 253 87 682 98 101 119 888 904 
