128 126 116 115 112 78 75 41 771 898 
98 26 78 112 115 116 126 128 850 941 
128 126 116 115 112 78 75 41 725 820 
98 26 319 743 763 923 939 944 949 981 
98 26 73 127 115 116 126 128 904 906 
128 126 116 115 112 78 75 41 783 833 
98 26 78 112 115 116 126 128 650 831 
128 126 116 115 112 78 75 41 795 920 
128 126 116 115 112 78 75 41 910 954 
98 26 117 125 115 116 126 128 808 885 
125 117 27 25 115 116 126 128 805 977 
98 26 78 112 115 116 126 128 961 971 
128 126 116 115 112 78 75 41 981 993 
119 113 78 112 115 116 126 128 859 922 
98 26 162 182 228 280 476 627 965 988 
98 26 117 125 115 116 126 128 700 984 
119 113 241 244 261 317 388 576 579 975 
98 26 376 429 439 584 735 736 764 798 
128 126 116 115 112 78 75 41 889 928 
128 126 116 115 112 78 75 41 787 910 
118 104 92 68 115 116 126 128 657 826 
128 126 116 115 112 78 75 41 717 912 
128 126 116 115 112 78 75 41 820 832 
98 26 78 112 115 116 126 128 960 985 
119 113 78 112 115 116 126 128 953 978 
128 126 116 115 112 78 75 41 824 950 
98 26 117 125 306 545 690 718 906 934 
128 126 116 115 112 78 75 41 970 983 
128 126 116 115 112 78 75 41 769 918 
128 126 116 115 112 78 75 41 889 937 
128 126 116 115 112 78 75 41 865 956 
98 26 78 112 115 116 126 128 776 934 
128 126 116 115 112 78 75 41 807 909 
128 126 116 115 112 78 75 41 756 801 
98 26 78 112 115 116 126 128 956 989 
98 26 78 112 115 116 126 128 767 877 
119 113 78 112 115 116 126 128 861 979 
98 26 334 335 404 533 679 781 813 822 
128 126 116 115 112 78 75 41 866 883 
98 26 85 188 308 382 464 722 843 916 
128 126 116 115 112 78 75 41 785 835 
98 26 78 112 115 116 126 128 914 971 
98 26 104 118 580 587 602 614 716 930 
98 26 78 112 115 116 126 128 865 893 
98 26 78 112 115 116 126 128 902 999 
128 126 116 115 112 78 75 41 874 876 
128 126 116 115 112 78 75 41 866 950 
98 26 78 112 115 116 126 128 622 764 
128 126 116 115 112 78 75 41 889 929 
128 126 116 115 112 78 75 41 670 996 
128 126 116 115 112 78 75 41 654 862 
128 126 116 115 112 78 75 41 782 948 
98 26 139 185 252 272 366 453 496 850 
98 26 78 112 115 116 126 128 854 983 
98 26 104 118 439 511 544 832 880 954 
98 26 369 479 595 767 783 828 862 883 
98 26 78 112 115 116 126 128 858 871 
98 26 78 112 115 116 126 128 873 933 
128 126 116 115 112 78 75 41 858 968 
98 26 78 112 115 116 126 128 656 805 
98 26 78 112 115 116 126 128 807 936 
128 126 116 115 112 78 75 41 747 967 
98 26 146 308 458 616 649 823 835 904 
98 26 78 112 115 116 126 128 817 889 
119 113 78 112 115 116 126 128 776 897 
119 113 78 112 115 116 126 128 877 977 
128 126 116 115 112 78 75 41 904 985 
98 26 78 112 115 116 126 128 701 798 
119 113 197 353 371 427 592 849 967 980 
128 126 116 115 112 78 75 41 894 958 
128 126 116 115 112 78 75 41 946 993 
128 126 116 115 112 78 75 41 899 1000 
128 126 116 115 112 78 75 41 934 966 
98 26 78 112 115 116 126 128 823 992 
98 26 78 112 115 116 126 128 984 986 
128 126 116 115 112 78 75 41 848 965 
127 73 71 39 115 116 126 128 965 973 
128 126 116 115 112 78 75 41 811 947 
98 26 78 112 115 116 126 128 942 977 
98 26 78 112 115 116 126 128 938 1000 
128 126 116 115 112 78 75 41 665 893 
98 26 78 112 115 116 126 128 921 966 
128 126 116 115 112 78 75 41 847 955 
128 126 116 115 112 78 75 41 591 701 
128 126 116 115 112 78 75 41 964 977 
128 126 116 115 112 78 75 41 830 914 
128 126 116 115 112 78 75 41 570 835 
98 26 78 112 115 116 126 128 867 954 
128 126 116 115 112 78 75 41 731 944 
128 126 116 115 112 78 75 41 902 909 
119 113 78 112 115 116 126 128 900 977 
98 26 420 426 685 696 732 923 947 996 
128 126 116 115 112 78 75 41 855 909 
118 104 92 68 652 838 856 863 960 993 
98 26 78 112 115 116 126 128 579 975 
128 126 116 115 112 78 75 41 727 864 
96 90 70 51 115 116 126 128 639 998 
119 113 78 112 115 116 126 128 692 932 
128 126 116 115 112 78 75 41 864 897 
98 26 104 118 344 516 574 584 832 899 
98 26 78 112 115 116 126 128 761 993 
98 26 78 112 115 116 126 128 846 954 
98 26 73 127 494 510 574 807 872 988 
98 26 78 112 115 116 126 128 896 958 
98 26 232 297 342 536 558 569 579 1000 
98 26 258 419 501 550 557 677 687 835 
118 104 92 68 115 116 126 128 570 989 
98 26 78 112 115 116 126 128 849 991 
128 126 116 115 112 78 75 41 721 845 
98 26 158 514 545 609 677 845 862 900 
128 126 116 115 112 78 75 41 927 943 
98 26 78 112 115 116 126 128 799 989 
128 126 116 115 112 78 75 41 935 951 
98 26 246 272 273 361 728 771 861 942 
98 26 78 112 115 116 126 128 860 930 
119 113 73 127 115 116 126 128 645 963 
98 26 78 112 115 116 126 128 915 926 
98 26 117 125 115 116 126 128 775 938 
98 26 117 125 427 700 795 806 903 952 
128 126 116 115 112 78 75 41 918 945 
98 26 78 112 115 116 126 128 750 924 
128 126 116 115 112 78 75 41 621 741 
119 113 133 138 221 267 338 710 714 830 
98 26 78 112 115 116 126 128 957 986 
128 126 116 115 112 78 75 41 770 875 
128 126 116 115 112 78 75 41 954 986 
98 26 78 112 115 116 126 128 892 925 
98 26 78 112 115 116 126 128 681 925 
98 26 78 112 115 116 126 128 836 927 
98 26 78 112 115 116 126 128 855 978 
98 26 78 112 115 116 126 128 886 923 
119 113 78 112 115 116 126 128 716 814 
119 113 78 112 115 116 126 128 800 915 
119 113 117 125 467 688 761 853 857 878 
119 113 78 112 115 116 126 128 890 934 
98 26 117 125 587 751 777 852 893 958 
98 26 73 127 580 702 709 740 742 985 
127 73 71 39 115 116 126 128 916 984 
119 113 290 380 543 624 677 825 932 966 
98 26 457 630 698 759 781 790 860 984 
128 126 116 115 112 78 75 41 865 919 
119 113 78 112 115 116 126 128 891 932 
98 26 142 160 194 235 431 493 611 830 
98 26 323 429 542 577 661 670 706 859 
128 126 116 115 112 78 75 41 860 869 
98 26 78 112 115 116 126 128 773 983 
98 26 78 112 115 116 126 128 946 960 
98 26 78 112 115 116 126 128 892 916 
98 26 78 112 115 116 126 128 907 970 
128 126 116 115 112 78 75 41 946 980 
98 26 520 531 573 701 705 808 903 920 
98 26 104 118 115 116 126 128 838 852 
98 26 78 112 115 116 126 128 876 952 
128 126 116 115 112 78 75 41 708 985 
128 126 116 115 112 78 75 41 913 978 
98 26 206 294 416 721 729 792 877 942 
128 126 116 115 112 78 75 41 974 980 
128 126 116 115 112 78 75 41 853 879 
98 26 78 112 115 116 126 128 757 986 
128 126 116 115 112 78 75 41 907 990 
128 126 116 115 112 78 75 41 825 982 
128 126 116 115 112 78 75 41 818 968 
98 26 78 112 115 116 126 128 699 880 
98 26 143 201 218 292 469 491 835 983 
98 26 117 125 300 356 436 519 606 645 
128 126 116 115 112 78 75 41 886 999 
128 126 116 115 112 78 75 41 818 849 
119 113 180 487 605 823 838 904 977 1000 
128 126 116 115 112 78 75 41 753 977 
128 126 116 115 112 78 75 41 946 954 
119 113 78 112 115 116 126 128 954 969 
119 113 78 112 115 116 126 128 810 922 
119 113 104 118 115 116 126 128 644 871 
98 26 78 112 115 116 126 128 392 567 
119 113 302 347 412 445 637 673 811 920 
128 126 116 115 112 78 75 41 633 807 
98 26 78 112 115 116 126 128 742 886 
119 113 78 112 115 116 126 128 795 963 
98 26 308 475 773 780 855 911 934 973 
128 126 116 115 112 78 75 41 880 911 
98 26 78 112 115 116 126 128 875 947 
98 26 73 127 115 116 126 128 645 853 
128 126 116 115 112 78 75 41 911 919 
128 126 116 115 112 78 75 41 710 747 
98 26 73 127 115 116 126 128 856 863 
119 113 78 112 115 116 126 128 402 468 
98 26 329 488 562 625 652 693 918 972 
98 26 104 118 286 691 789 810 845 879 
98 26 78 112 115 116 126 128 758 866 
119 113 78 112 115 116 126 128 875 908 
128 126 116 115 112 78 75 41 751 963 
119 113 78 112 115 116 126 128 890 931 
98 26 311 318 436 443 486 816 925 943 
128 126 116 115 112 78 75 41 868 988 
98 26 235 256 316 331 504 656 951 996 
98 26 78 112 115 116 126 128 673 805 
128 126 116 115 112 78 75 41 967 988 
98 26 78 112 115 116 126 128 816 896 
127 73 71 39 661 809 892 919 923 928 
98 26 78 112 115 116 126 128 887 978 
128 126 116 115 112 78 75 41 926 991 
128 126 116 115 112 78 75 41 733 907 
98 26 78 112 115 116 126 128 752 936 
128 126 116 115 112 78 75 41 661 685 
119 113 78 112 115 116 126 128 969 998 
98 26 78 112 115 116 126 128 931 940 
98 26 78 112 115 116 126 128 928 955 
128 126 116 115 112 78 75 41 877 937 
98 26 523 649 676 751 818 828 858 895 
98 26 78 112 115 116 126 128 891 989 
128 126 116 115 112 78 75 41 756 861 
128 126 116 115 112 78 75 41 914 928 
128 126 116 115 112 78 75 41 807 920 
98 26 78 112 115 116 126 128 856 930 
128 126 116 115 112 78 75 41 942 948 
98 26 90 96 115 116 126 128 763 979 
128 126 116 115 112 78 75 41 712 772 
128 126 116 115 112 78 75 41 879 949 
128 126 116 115 112 78 75 41 893 918 
98 26 78 112 115 116 126 128 613 712 
127 73 71 39 572 675 683 720 881 900 
128 126 116 115 112 78 75 41 835 996 
128 126 116 115 112 78 75 41 831 886 
128 126 116 115 112 78 75 41 863 910 
128 126 116 115 112 78 75 41 683 760 
119 113 78 112 115 116 126 128 873 875 
98 26 78 112 115 116 126 128 719 975 
98 26 78 112 115 116 126 128 898 963 
128 126 116 115 112 78 75 41 906 981 
119 113 78 112 115 116 126 128 651 708 
128 126 116 115 112 78 75 41 877 912 
128 126 116 115 112 78 75 41 828 872 
128 126 116 115 112 78 75 41 818 840 
119 113 73 127 115 116 126 128 953 978 
98 26 78 112 115 116 126 128 870 914 
98 26 78 112 115 116 126 128 935 991 
128 126 116 115 112 78 75 41 918 960 
128 126 116 115 112 78 75 41 967 997 
98 26 590 655 689 712 722 740 805 949 
98 26 78 112 115 116 126 128 663 949 
98 26 232 257 411 499 679 754 913 940 
128 126 116 115 112 78 75 41 690 972 
128 126 116 115 112 78 75 41 726 933 
119 113 78 112 115 116 126 128 933 980 
119 113 90 96 115 116 126 128 905 996 
98 26 136 261 329 578 593 623 638 686 
128 126 116 115 112 78 75 41 715 833 
98 26 78 112 115 116 126 128 977 1000 
98 26 78 112 115 116 126 128 777 965 
128 126 116 115 112 78 75 41 811 883 
127 73 71 39 115 116 126 128 919 925 
128 126 116 115 112 78 75 41 791 942 
119 113 143 279 461 502 682 747 896 988 
128 126 116 115 112 78 75 41 592 643 
128 126 116 115 112 78 75 41 910 995 
119 113 78 112 115 116 126 128 919 987 
119 113 396 401 475 525 779 871 899 951 
119 113 78 112 115 116 126 128 799 816 
128 126 116 115 112 78 75 41 884 931 
128 126 116 115 112 78 75 41 869 934 
128 126 116 115 112 78 75 41 891 914 
118 104 92 68 115 116 126 128 844 967 
128 126 116 115 112 78 75 41 930 959 
128 126 116 115 112 78 75 41 722 848 
128 126 116 115 112 78 75 41 756 1000 
119 113 78 112 115 116 126 128 938 974 
119 113 78 112 115 116 126 128 937 974 
128 126 116 115 112 78 75 41 866 940 
128 126 116 115 112 78 75 41 648 762 
128 126 116 115 112 78 75 41 588 857 
128 126 116 115 112 78 75 41 940 980 
128 126 116 115 112 78 75 41 921 958 
128 126 116 115 112 78 75 41 706 838 
128 126 116 115 112 78 75 41 836 971 
128 126 116 115 112 78 75 41 727 940 
128 126 116 115 112 78 75 41 912 995 
128 126 116 115 112 78 75 41 749 841 
128 126 116 115 112 78 75 41 936 1000 
128 126 116 115 112 78 75 41 896 977 
128 126 116 115 112 78 75 41 938 953 
128 126 116 115 112 78 75 41 841 905 
128 126 116 115 112 78 75 41 773 810 
128 126 116 115 112 78 75 41 953 977 
125 117 27 25 115 116 126 128 934 998 
128 126 116 115 112 78 75 41 837 996 
128 126 116 115 112 78 75 41 622 845 
128 126 116 115 112 78 75 41 766 926 
128 126 116 115 112 78 75 41 935 940 
127 73 71 39 115 116 126 128 851 921 
128 126 116 115 112 78 75 41 773 983 
128 126 116 115 112 78 75 41 821 912 
127 73 71 39 115 116 126 128 661 979 
119 113 78 112 115 116 126 128 851 893 
119 113 563 579 698 734 779 815 836 943 
128 126 116 115 112 78 75 41 959 965 
128 126 116 115 112 78 75 41 735 999 
128 126 116 115 112 78 75 41 794 915 
128 126 116 115 112 78 75 41 867 910 
128 126 116 115 112 78 75 41 791 857 
128 126 116 115 112 78 75 41 782 906 
128 126 116 115 112 78 75 41 786 839 
128 126 116 115 112 78 75 41 744 926 
128 126 116 115 112 78 75 41 889 982 
128 126 116 115 112 78 75 41 910 921 
128 126 116 115 112 78 75 41 937 967 
128 126 116 115 112 78 75 41 748 884 
119 113 78 112 115 116 126 128 647 669 
119 113 78 112 115 116 126 128 806 975 
128 126 116 115 112 78 75 41 853 949 
128 126 116 115 112 78 75 41 845 861 
128 126 116 115 112 78 75 41 908 960 
118 104 92 68 115 116 126 128 887 900 
128 126 116 115 112 78 75 41 850 882 
119 113 78 112 115 116 126 128 872 945 
119 113 104 118 388 527 588 793 866 934 
128 126 116 115 112 78 75 41 865 895 
119 113 78 112 115 116 126 128 902 932 
119 113 73 127 336 382 583 888 984 992 
119 113 78 112 115 116 126 128 766 910 
128 126 116 115 112 78 75 41 616 846 
119 113 78 112 115 116 126 128 820 884 
128 126 116 115 112 78 75 41 895 966 
128 126 116 115 112 78 75 41 703 797 
118 104 92 68 115 116 126 128 951 998 
128 126 116 115 112 78 75 41 629 731 
128 126 116 115 112 78 75 41 766 996 
128 126 116 115 112 78 75 41 895 993 
128 126 116 115 112 78 75 41 868 885 
128 126 116 115 112 78 75 41 773 902 
128 126 116 115 112 78 75 41 735 806 
128 126 116 115 112 78 75 41 835 957 
128 126 116 115 112 78 75 41 863 927 
119 113 78 112 115 116 126 128 889 992 
119 113 78 112 115 116 126 128 918 936 
128 126 116 115 112 78 75 41 756 870 
128 126 116 115 112 78 75 41 902 977 
118 104 92 68 115 116 126 128 770 937 
128 126 116 115 112 78 75 41 783 907 
128 126 116 115 112 78 75 41 990 995 
119 113 78 112 115 116 126 128 970 1000 
128 126 116 115 112 78 75 41 702 975 
128 126 116 115 112 78 75 41 867 983 
128 126 116 115 112 78 75 41 932 941 
119 113 78 112 115 116 126 128 670 735 
119 113 78 112 115 116 126 128 907 1000 
128 126 116 115 112 78 75 41 788 814 
128 126 116 115 112 78 75 41 746 781 
128 126 116 115 112 78 75 41 968 977 
24 90 140 398 414 538 578 694 786 887 
128 126 116 115 112 78 75 41 829 994 
127 73 71 39 115 116 126 128 774 962 
128 126 116 115 112 78 75 41 850 960 
96 90 70 51 115 116 126 128 888 894 
128 126 116 115 112 78 75 41 724 997 
128 126 116 115 112 78 75 41 716 738 
119 113 78 112 115 116 126 128 600 851 
118 104 92 68 115 116 126 128 486 982 
128 126 116 115 112 78 75 41 731 860 
128 126 116 115 112 78 75 41 716 852 
128 126 116 115 112 78 75 41 666 903 
118 104 92 68 115 116 126 128 826 873 
128 126 116 115 112 78 75 41 736 974 
128 126 116 115 112 78 75 41 792 916 
128 126 116 115 112 78 75 41 838 999 
128 126 116 115 112 78 75 41 809 866 
128 126 116 115 112 78 75 41 842 907 
119 113 104 118 115 116 126 128 717 825 
128 126 116 115 112 78 75 41 966 976 
128 126 116 115 112 78 75 41 883 892 
128 126 116 115 112 78 75 41 929 930 
128 126 116 115 112 78 75 41 913 962 
119 113 78 112 115 116 126 128 718 958 
128 126 116 115 112 78 75 41 826 926 
128 126 116 115 112 78 75 41 783 833 
119 113 78 112 115 116 126 128 874 914 
128 126 116 115 112 78 75 41 745 783 
128 126 116 115 112 78 75 41 708 971 
128 126 116 115 112 78 75 41 850 853 
128 126 116 115 112 78 75 41 730 733 
128 126 116 115 112 78 75 41 794 890 
128 126 116 115 112 78 75 41 848 880 
119 113 298 343 395 408 538 753 770 872 
128 126 116 115 112 78 75 41 755 860 
125 117 27 25 115 116 126 128 820 997 
128 126 116 115 112 78 75 41 778 856 
119 113 199 255 337 772 880 881 958 962 
128 126 116 115 112 78 75 41 705 908 
128 126 116 115 112 78 75 41 926 936 
128 126 116 115 112 78 75 41 781 862 
128 126 116 115 112 78 75 41 949 955 
128 126 116 115 112 78 75 41 847 868 
128 126 116 115 112 78 75 41 945 982 
128 126 116 115 112 78 75 41 753 917 
239 412 473 609 733 747 808 870 916 951 
128 126 116 115 112 78 75 41 580 670 
119 113 78 112 115 116 126 128 543 837 
128 126 116 115 112 78 75 41 611 768 
128 126 116 115 112 78 75 41 732 961 
128 126 116 115 112 78 75 41 854 890 
119 113 78 112 115 116 126 128 978 990 
128 126 116 115 112 78 75 41 934 998 
119 113 78 112 115 116 126 128 648 980 
119 113 78 112 115 116 126 128 885 911 
128 126 116 115 112 78 75 41 675 919 
128 126 116 115 112 78 75 41 733 881 
127 73 71 39 115 116 126 128 949 966 
96 90 70 51 115 116 126 128 871 978 
128 126 116 115 112 78 75 41 863 891 
128 126 116 115 112 78 75 41 757 953 
128 126 116 115 112 78 75 41 758 837 
128 126 116 115 112 78 75 41 863 876 
128 126 116 115 112 78 75 41 945 977 
119 113 78 112 115 116 126 128 923 950 
128 126 116 115 112 78 75 41 878 893 
119 113 78 112 115 116 126 128 738 903 
119 113 78 112 115 116 126 128 979 996 
128 126 116 115 112 78 75 41 891 960 
128 126 116 115 112 78 75 41 729 940 
119 113 90 96 115 116 126 128 711 744 
128 126 116 115 112 78 75 41 856 961 
128 126 116 115 112 78 75 41 588 805 
125 117 27 25 442 528 584 656 661 760 
127 73 71 39 451 468 735 930 960 1000 
128 126 116 115 112 78 75 41 819 951 
128 126 116 115 112 78 75 41 778 998 
119 113 78 112 115 116 126 128 806 922 
119 113 117 125 495 542 729 815 820 841 
128 126 116 115 112 78 75 41 987 997 
128 126 116 115 112 78 75 41 551 717 
119 113 117 273 324 538 584 673 712 904 
119 113 78 112 115 116 126 128 778 873 
128 126 116 115 112 78 75 41 898 988 
128 126 116 115 112 78 75 41 842 867 
128 126 116 115 112 78 75 41 693 861 
119 113 204 320 350 497 560 677 727 770 
119 113 78 112 115 116 126 128 891 903 
128 126 116 115 112 78 75 41 866 902 
128 126 116 115 112 78 75 41 627 780 
128 126 116 115 112 78 75 41 700 884 
119 113 78 112 115 116 126 128 771 868 
128 126 116 115 112 78 75 41 725 779 
21 114 131 156 451 454 547 568 648 887 
128 126 116 115 112 78 75 41 935 936 
128 126 116 115 112 78 75 41 692 866 
127 73 71 39 115 116 126 128 820 860 
128 126 116 115 112 78 75 41 740 921 
128 126 116 115 112 78 75 41 870 963 
128 126 116 115 112 78 75 41 900 906 
119 113 73 127 115 116 126 128 894 987 
119 113 117 125 115 116 126 128 816 937 
119 113 73 127 115 116 126 128 888 971 
128 126 116 115 112 78 75 41 912 941 
118 104 92 68 115 116 126 128 896 993 
128 126 116 115 112 78 75 41 922 998 
128 126 116 115 112 78 75 41 718 907 
128 126 116 115 112 78 75 41 810 901 
128 126 116 115 112 78 75 41 845 893 
119 113 78 112 115 116 126 128 921 936 
119 113 117 125 115 116 126 128 870 975 
128 126 116 115 112 78 75 41 866 950 
128 126 116 115 112 78 75 41 748 992 
128 126 116 115 112 78 75 41 833 884 
128 126 116 115 112 78 75 41 655 938 
119 113 117 125 115 116 126 128 796 891 
70 202 526 537 685 770 895 901 908 929 
128 126 116 115 112 78 75 41 885 967 
128 126 116 115 112 78 75 41 722 806 
128 126 116 115 112 78 75 41 870 952 
119 113 78 112 115 116 126 128 854 952 
128 126 116 115 112 78 75 41 883 957 
128 126 116 115 112 78 75 41 958 985 
128 126 116 115 112 78 75 41 949 966 
128 126 116 115 112 78 75 41 709 882 
128 126 116 115 112 78 75 41 785 843 
128 126 116 115 112 78 75 41 806 844 
128 126 116 115 112 78 75 41 898 951 
128 126 116 115 112 78 75 41 670 859 
128 126 116 115 112 78 75 41 663 706 
128 126 116 115 112 78 75 41 782 893 
119 113 78 112 115 116 126 128 841 883 
127 73 71 39 115 116 126 128 935 981 
128 126 116 115 112 78 75 41 860 926 
128 126 116 115 112 78 75 41 752 936 
119 113 483 516 581 614 658 750 753 900 
128 126 116 115 112 78 75 41 746 988 
128 126 116 115 112 78 75 41 835 884 
93 145 185 187 215 454 541 825 868 932 
128 126 116 115 112 78 75 41 547 549 
128 126 116 115 112 78 75 41 675 822 
128 126 116 115 112 78 75 41 852 853 
118 104 92 68 361 379 391 626 636 662 
119 113 78 112 115 116 126 128 874 922 
119 113 73 127 115 116 126 128 885 928 
128 126 116 115 112 78 75 41 866 991 
128 126 116 115 112 78 75 41 847 848 
128 126 116 115 112 78 75 41 927 942 
128 126 116 115 112 78 75 41 807 969 
119 113 78 112 115 116 126 128 708 747 
128 126 116 115 112 78 75 41 819 852 
119 113 90 96 115 116 126 128 888 904 
