126 99 87 399 428 447 610 705 771 898 
126 99 87 377 448 670 750 846 850 941 
127 119 111 88 70 219 223 237 725 820 
126 99 87 123 128 923 939 944 949 981 
126 99 87 719 742 744 764 773 904 906 
126 99 87 272 311 463 531 702 783 833 
126 99 87 302 336 368 538 581 650 831 
126 99 87 339 538 594 695 736 795 920 
126 99 87 119 127 638 658 836 910 954 
126 99 87 119 127 658 675 790 808 885 
126 99 87 419 504 633 686 787 805 977 
126 99 87 119 127 446 816 827 961 971 
126 99 87 119 127 448 505 693 981 993 
126 99 87 365 514 597 607 725 859 922 
126 99 87 182 228 280 476 627 965 988 
126 99 87 234 296 354 515 553 700 984 
126 99 87 244 261 317 388 576 579 975 
126 99 87 429 439 584 735 736 764 798 
127 119 111 88 70 733 798 805 889 928 
126 99 87 269 276 321 368 406 787 910 
126 99 87 256 328 376 431 449 657 826 
126 99 87 336 349 506 657 712 717 912 
126 99 87 222 279 518 526 562 820 832 
127 119 111 88 70 673 738 746 960 985 
126 99 87 119 127 657 754 792 953 978 
126 99 87 401 412 432 529 762 824 950 
126 99 87 269 306 545 690 718 906 934 
126 99 87 119 127 680 698 771 970 983 
126 99 87 160 253 306 437 447 769 918 
126 99 87 424 655 757 771 814 889 937 
128 123 116 51 37 324 538 588 865 956 
127 119 111 88 70 289 311 651 776 934 
126 99 87 481 548 719 737 780 807 909 
126 99 87 284 539 553 565 600 756 801 
126 99 87 631 636 758 872 912 956 989 
128 123 116 51 37 628 658 661 767 877 
126 99 87 523 539 655 768 829 861 979 
126 99 87 335 404 533 679 781 813 822 
120 117 91 44 11 641 688 852 866 883 
126 99 87 188 308 382 464 722 843 916 
126 99 87 400 436 446 556 603 785 835 
126 99 87 570 723 752 760 826 914 971 
126 99 87 497 580 587 602 614 716 930 
126 99 87 509 744 828 839 854 865 893 
126 99 87 119 127 829 877 888 902 999 
126 99 87 387 434 447 745 825 874 876 
126 99 87 394 430 447 475 689 866 950 
126 99 87 128 153 361 367 588 622 764 
126 99 87 119 127 573 697 715 889 929 
126 99 87 257 289 426 514 583 670 996 
126 99 87 329 375 450 553 618 654 862 
126 99 87 264 425 549 623 731 782 948 
126 99 87 185 252 272 366 453 496 850 
128 123 116 51 37 425 543 804 854 983 
126 99 87 302 439 511 544 832 880 954 
126 99 87 479 595 767 783 828 862 883 
126 99 87 136 137 203 633 767 858 871 
126 99 87 536 576 578 588 834 873 933 
126 99 87 741 755 768 811 849 858 968 
126 99 87 331 373 385 614 627 656 805 
126 99 87 464 509 532 625 663 807 936 
126 99 87 119 127 601 616 746 747 967 
126 99 87 123 128 616 649 823 835 904 
126 99 87 320 345 380 436 632 817 889 
126 99 87 119 127 383 461 665 776 897 
128 123 116 51 37 439 753 790 877 977 
127 119 111 88 70 470 574 627 904 985 
126 99 87 294 300 347 574 583 701 798 
126 99 87 353 371 427 592 849 967 980 
126 99 87 327 398 399 646 851 894 958 
126 99 87 244 284 545 775 927 946 993 
126 99 87 445 476 483 786 813 899 1000 
126 99 87 437 454 658 767 848 934 966 
126 99 87 243 445 553 574 580 823 992 
126 99 87 119 127 658 766 971 984 986 
126 99 87 461 533 559 641 699 848 965 
126 99 87 613 670 725 958 960 965 973 
126 99 87 119 127 487 673 776 811 947 
126 99 87 119 127 654 814 854 942 977 
127 119 111 88 70 852 874 928 938 1000 
127 119 111 88 70 274 279 353 665 893 
126 99 87 419 460 681 737 866 921 966 
126 99 87 195 443 486 633 681 847 955 
126 99 87 123 128 369 442 462 591 701 
126 99 87 285 395 828 877 909 964 977 
126 99 87 119 127 617 628 636 830 914 
126 99 87 163 189 291 348 414 570 835 
126 99 87 355 403 426 491 499 867 954 
126 99 87 491 507 567 596 644 731 944 
126 99 87 397 490 593 696 815 902 909 
126 99 87 551 656 659 777 821 900 977 
126 99 87 426 685 696 732 923 947 996 
127 119 111 88 70 637 685 689 855 909 
126 99 87 119 127 838 856 863 960 993 
126 99 87 188 190 199 208 400 579 975 
126 99 87 366 444 572 610 650 727 864 
127 119 111 88 70 416 421 578 639 998 
126 99 87 119 127 311 540 636 692 932 
126 99 87 277 458 460 553 627 864 897 
127 119 111 88 70 516 574 584 832 899 
126 99 87 119 127 423 495 639 761 993 
126 99 87 119 127 652 731 745 846 954 
126 99 87 146 494 510 574 807 872 988 
126 99 87 449 462 531 705 784 896 958 
128 123 116 51 37 536 558 569 579 1000 
127 119 111 88 70 550 557 677 687 835 
126 99 87 380 410 451 479 534 570 989 
120 117 91 44 11 731 739 797 849 991 
126 99 87 221 256 337 371 391 721 845 
126 99 87 514 545 609 677 845 862 900 
127 119 111 88 70 616 695 846 927 943 
126 99 87 265 295 349 353 682 799 989 
126 99 87 335 557 641 658 836 935 951 
126 99 87 272 273 361 728 771 861 942 
127 119 111 88 70 324 566 708 860 930 
126 99 87 412 433 442 534 591 645 963 
126 99 87 200 287 371 535 885 915 926 
127 119 111 88 70 679 700 774 775 938 
126 99 87 426 427 700 795 806 903 952 
126 99 87 538 634 730 823 901 918 945 
126 99 87 371 635 700 702 729 750 924 
126 99 87 263 333 342 405 421 621 741 
126 99 87 138 221 267 338 710 714 830 
127 119 111 88 70 657 670 693 957 986 
126 99 87 290 388 449 540 707 770 875 
126 99 87 462 634 791 804 855 954 986 
126 99 87 557 596 609 864 889 892 925 
126 99 87 394 470 584 640 659 681 925 
126 99 87 358 476 516 809 822 836 927 
126 99 87 408 463 645 668 745 855 978 
126 99 87 119 127 705 735 750 886 923 
126 99 87 390 422 533 626 674 716 814 
128 123 116 51 37 616 626 737 800 915 
126 99 87 437 467 688 761 853 857 878 
126 99 87 119 127 604 622 889 890 934 
128 123 116 51 37 751 777 852 893 958 
128 123 116 51 37 702 709 740 742 985 
126 99 87 364 379 480 577 846 916 984 
127 119 111 88 70 624 677 825 932 966 
126 99 87 630 698 759 781 790 860 984 
127 119 111 88 70 730 739 850 865 919 
126 99 87 637 749 780 814 828 891 932 
126 99 87 160 194 235 431 493 611 830 
126 99 87 429 542 577 661 670 706 859 
126 99 87 206 340 373 485 673 860 869 
126 99 87 404 479 574 644 732 773 983 
126 99 87 168 298 536 736 842 946 960 
126 99 87 119 127 340 487 533 892 916 
126 99 87 119 127 398 759 891 907 970 
126 99 87 305 412 784 818 861 946 980 
126 99 87 531 573 701 705 808 903 920 
126 99 87 362 488 513 619 675 838 852 
126 99 87 672 741 765 792 816 876 952 
126 99 87 416 523 537 641 685 708 985 
126 99 87 574 651 747 806 877 913 978 
126 99 87 294 416 721 729 792 877 942 
127 119 111 88 70 378 516 963 974 980 
126 99 87 113 124 442 692 850 853 879 
126 99 87 265 425 642 674 704 757 986 
126 99 87 474 530 647 703 855 907 990 
126 99 87 206 276 642 666 672 825 982 
127 119 111 88 70 615 715 747 818 968 
126 99 87 119 127 463 498 580 699 880 
127 119 111 88 70 292 469 491 835 983 
126 99 87 283 300 356 436 519 606 645 
126 99 87 582 663 739 821 871 886 999 
126 99 87 438 470 612 675 680 818 849 
126 99 87 487 605 823 838 904 977 1000 
126 99 87 357 472 598 609 630 753 977 
126 99 87 472 575 638 879 912 946 954 
127 119 111 88 70 604 755 810 954 969 
126 99 87 119 127 601 650 772 810 922 
126 99 87 117 129 205 308 535 644 871 
126 99 87 133 145 183 315 333 392 567 
128 123 116 51 37 445 637 673 811 920 
126 99 87 405 409 446 515 610 633 807 
126 99 87 182 200 234 344 645 742 886 
126 99 87 214 250 283 725 735 795 963 
126 99 87 475 773 780 855 911 934 973 
128 123 116 51 37 505 608 874 880 911 
126 99 87 123 128 441 470 851 875 947 
126 99 87 107 137 352 553 607 645 853 
127 119 111 88 70 504 535 871 911 919 
128 123 116 51 37 404 526 566 710 747 
128 123 116 51 37 627 710 717 856 863 
126 99 87 134 196 270 293 316 402 468 
126 99 87 488 562 625 652 693 918 972 
126 99 87 278 286 691 789 810 845 879 
126 99 87 252 326 381 427 726 758 866 
126 99 87 227 243 364 424 808 875 908 
127 119 111 88 70 514 653 695 751 963 
127 119 111 88 70 513 556 665 890 931 
127 119 111 88 70 443 486 816 925 943 
126 99 87 359 572 609 650 716 868 988 
126 99 87 123 128 331 504 656 951 996 
128 123 116 51 37 557 652 658 673 805 
126 99 87 476 488 720 836 898 967 988 
126 99 87 165 346 578 740 801 816 896 
128 123 116 51 37 809 892 919 923 928 
127 119 111 88 70 737 812 841 887 978 
128 123 116 51 37 408 451 774 926 991 
128 123 116 51 37 575 719 726 733 907 
114 90 111 119 127 687 688 708 752 936 
127 119 111 88 70 452 499 654 661 685 
127 119 111 88 70 225 338 681 969 998 
127 119 111 88 70 751 760 766 931 940 
128 123 116 51 37 607 659 765 928 955 
127 119 111 88 70 774 810 868 877 937 
127 119 111 88 70 751 818 828 858 895 
128 123 116 51 37 501 687 710 891 989 
29 89 113 291 396 585 661 745 756 861 
127 119 111 88 70 619 738 871 914 928 
127 119 111 88 70 633 714 762 807 920 
114 90 116 123 128 531 676 807 856 930 
127 119 111 88 70 594 642 729 942 948 
127 119 111 88 70 456 622 673 763 979 
127 119 111 88 70 599 641 711 712 772 
120 117 91 44 11 668 720 795 879 949 
127 119 111 88 70 736 745 772 893 918 
34 186 291 325 335 402 427 488 613 712 
128 123 116 51 37 675 683 720 881 900 
127 119 111 88 70 507 668 798 835 996 
128 123 116 51 37 596 800 808 831 886 
128 123 116 51 37 525 576 713 863 910 
127 119 111 88 70 369 473 590 683 760 
127 119 111 88 70 615 767 788 873 875 
127 119 111 88 70 618 689 690 719 975 
128 123 116 51 37 788 801 852 898 963 
127 119 111 88 70 530 616 694 906 981 
128 123 116 51 37 302 403 417 651 708 
127 119 111 88 70 738 821 872 877 912 
127 119 111 88 70 478 494 615 828 872 
127 119 111 88 70 506 669 747 818 840 
127 119 111 88 70 666 791 904 953 978 
128 123 116 51 37 596 621 667 870 914 
93 379 401 509 582 636 674 764 935 991 
127 119 111 88 70 746 810 864 918 960 
127 119 111 88 70 556 833 883 967 997 
127 119 111 88 70 712 722 740 805 949 
127 119 111 88 70 413 534 547 663 949 
127 119 111 88 70 499 679 754 913 940 
127 119 111 88 70 525 611 618 690 972 
145 371 435 448 451 467 592 606 726 933 
127 119 111 88 70 747 897 924 933 980 
127 119 111 88 70 478 710 727 905 996 
127 119 111 88 70 578 593 623 638 686 
127 119 111 88 70 554 576 656 715 833 
127 119 111 88 70 710 870 908 977 1000 
127 119 111 88 70 595 718 721 777 965 
69 90 110 133 545 621 626 697 811 883 
127 119 111 88 70 498 628 817 919 925 
127 119 111 88 70 363 419 649 791 942 
114 90 116 123 128 502 682 747 896 988 
128 123 116 51 37 437 454 571 592 643 
109 88 111 119 127 628 804 889 910 995 
127 119 111 88 70 343 400 491 919 987 
128 123 116 51 37 525 779 871 899 951 
265 333 379 486 598 603 680 785 799 816 
127 119 111 88 70 619 713 782 884 931 
127 119 111 88 70 401 452 685 869 934 
128 123 116 51 37 580 612 743 891 914 
127 119 111 88 70 439 514 781 844 967 
127 119 111 88 70 614 698 707 930 959 
128 123 116 51 37 303 524 557 722 848 
127 119 111 88 70 361 411 739 756 1000 
128 123 116 51 37 166 544 699 938 974 
127 119 111 88 70 735 743 819 937 974 
127 119 111 88 70 623 650 852 866 940 
125 95 47 297 401 527 564 599 648 762 
127 119 111 88 70 405 420 469 588 857 
127 119 111 88 70 381 658 929 940 980 
72 120 142 353 572 645 738 883 921 958 
127 119 111 88 70 480 535 607 706 838 
127 119 111 88 70 382 726 733 836 971 
127 119 111 88 70 462 471 671 727 940 
127 119 111 88 70 599 676 768 912 995 
127 119 111 88 70 483 626 671 749 841 
128 123 116 51 37 736 751 878 936 1000 
127 119 111 88 70 568 598 874 896 977 
114 90 165 307 445 618 679 807 938 953 
53 186 400 458 625 705 787 824 841 905 
127 119 111 88 70 552 585 646 773 810 
128 123 116 51 37 892 921 932 953 977 
128 123 116 51 37 795 889 912 934 998 
127 119 111 88 70 754 785 830 837 996 
127 119 111 88 70 259 338 381 622 845 
127 119 111 88 70 571 603 737 766 926 
127 119 111 88 70 609 825 860 935 940 
127 119 111 88 70 699 715 840 851 921 
128 123 116 51 37 349 688 760 773 983 
127 119 111 88 70 619 634 655 821 912 
127 119 111 88 70 515 571 625 661 979 
127 119 111 88 70 730 736 761 851 893 
127 119 111 88 70 734 779 815 836 943 
128 123 116 51 37 761 796 871 959 965 
127 119 111 88 70 537 551 568 735 999 
127 119 111 88 70 581 744 773 794 915 
127 119 111 88 70 622 679 703 867 910 
128 123 116 51 37 398 478 734 791 857 
128 123 116 51 37 497 517 769 782 906 
9 22 104 203 243 327 368 696 786 839 
127 119 111 88 70 329 526 672 744 926 
16 65 76 179 542 580 668 807 889 982 
127 119 111 88 70 508 679 907 910 921 
127 119 111 88 70 806 858 906 937 967 
127 119 111 88 70 577 648 666 748 884 
128 123 116 51 37 299 489 507 647 669 
127 119 111 88 70 603 675 764 806 975 
86 224 332 416 419 573 678 770 853 949 
127 119 111 88 70 608 750 754 845 861 
128 123 116 51 37 666 784 812 908 960 
11 46 138 209 237 528 712 740 887 900 
127 119 111 88 70 375 668 809 850 882 
127 119 111 88 70 768 845 855 872 945 
127 119 111 88 70 527 588 793 866 934 
128 123 116 51 37 675 687 796 865 895 
127 119 111 88 70 384 424 691 902 932 
29 156 162 211 336 382 583 888 984 992 
127 119 111 88 70 687 726 750 766 910 
3 26 82 368 431 478 494 553 616 846 
127 119 111 88 70 513 533 700 820 884 
127 119 111 88 70 526 563 755 895 966 
127 119 111 88 70 630 637 660 703 797 
127 119 111 88 70 448 501 772 951 998 
127 119 111 88 70 536 572 581 629 731 
127 119 111 88 70 444 543 713 766 996 
127 119 111 88 70 661 706 712 895 993 
127 119 111 88 70 634 690 790 868 885 
127 119 111 88 70 580 659 759 773 902 
10 72 153 203 215 563 658 716 735 806 
128 123 116 51 37 512 519 584 835 957 
120 117 91 44 11 687 692 856 863 927 
127 119 111 88 70 482 556 743 889 992 
127 119 111 88 70 780 818 887 918 936 
97 104 263 271 376 607 640 721 756 870 
128 123 116 51 37 594 699 867 902 977 
127 119 111 88 70 567 641 679 770 937 
127 119 111 88 70 581 586 672 783 907 
127 119 111 88 70 901 930 966 990 995 
128 123 116 51 37 815 864 955 970 1000 
127 119 111 88 70 497 558 670 702 975 
125 95 111 119 127 422 825 852 867 983 
20 133 177 301 311 695 746 850 932 941 
128 123 116 51 37 356 406 616 670 735 
128 123 116 51 37 746 758 834 907 1000 
34 58 208 367 377 432 519 769 788 814 
127 119 111 88 70 673 703 717 746 781 
127 119 111 88 70 408 694 757 968 977 
127 119 111 88 70 538 578 694 786 887 
86 91 345 365 409 540 595 696 829 994 
127 119 111 88 70 538 703 731 774 962 
128 123 116 51 37 372 436 717 850 960 
127 119 111 88 70 572 602 665 888 894 
128 123 116 51 37 518 598 625 724 997 
127 119 111 88 70 511 594 625 716 738 
13 36 180 269 329 352 457 559 600 851 
128 123 116 51 37 326 372 407 486 982 
128 123 116 51 37 571 604 626 731 860 
128 123 116 51 37 373 470 489 716 852 
128 123 116 51 37 446 554 599 666 903 
127 119 111 88 70 610 620 726 826 873 
34 86 217 272 340 443 547 666 736 974 
127 119 111 88 70 570 599 686 792 916 
128 123 116 51 37 608 734 830 838 999 
128 123 116 51 37 639 658 743 809 866 
198 204 325 449 557 625 732 822 842 907 
85 213 253 255 302 500 520 527 717 825 
127 119 111 88 70 715 737 820 966 976 
128 123 116 51 37 650 703 727 883 892 
13 38 181 316 529 569 637 827 929 930 
127 119 111 88 70 603 696 780 913 962 
127 119 111 88 70 227 629 643 718 958 
128 123 116 51 37 464 662 765 826 926 
127 119 111 88 70 676 692 703 783 833 
128 123 116 51 37 594 667 822 874 914 
128 123 116 51 37 612 626 676 745 783 
127 119 111 88 70 463 505 637 708 971 
127 119 111 88 70 667 744 817 850 853 
128 123 116 51 37 613 701 716 730 733 
127 119 111 88 70 613 694 722 794 890 
128 123 116 51 37 403 757 789 848 880 
127 119 111 88 70 408 538 753 770 872 
128 123 116 51 37 696 710 712 755 860 
279 366 477 521 594 736 760 791 820 997 
127 119 111 88 70 379 447 517 778 856 
127 119 111 88 70 772 880 881 958 962 
128 123 116 51 37 394 531 558 705 908 
127 119 111 88 70 676 726 750 926 936 
128 123 116 51 37 621 737 750 781 862 
128 123 116 51 37 713 867 877 949 955 
128 123 116 51 37 601 635 721 847 868 
127 119 111 88 70 731 759 862 945 982 
127 119 111 88 70 615 624 655 753 917 
127 119 111 88 70 747 808 870 916 951 
128 123 116 51 37 505 547 557 580 670 
128 123 116 51 37 407 425 505 543 837 
128 123 116 51 37 424 495 531 611 768 
128 123 116 51 37 438 450 559 732 961 
127 119 111 88 70 530 623 802 854 890 
128 123 116 51 37 557 569 887 978 990 
128 123 116 51 37 731 896 898 934 998 
128 123 116 51 37 448 526 643 648 980 
128 123 116 51 37 584 739 795 885 911 
35 39 58 424 431 455 524 584 675 919 
40 74 76 267 278 441 664 679 733 881 
135 206 216 367 468 699 715 851 949 966 
114 90 484 615 638 662 689 723 871 978 
4 119 250 360 373 398 526 735 863 891 
27 245 253 377 453 545 557 612 757 953 
128 123 116 51 37 491 659 755 758 837 
430 540 637 674 676 693 703 847 863 876 
113 188 376 390 681 799 938 941 945 977 
62 88 155 210 259 661 796 817 923 950 
7 55 59 172 226 313 536 564 878 893 
98 290 306 341 365 398 478 708 738 903 
304 415 590 687 716 738 806 911 979 996 
10 33 105 191 544 554 593 662 891 960 
115 196 216 301 466 530 673 694 729 940 
128 123 116 51 37 595 602 619 711 744 
18 293 296 523 537 681 709 824 856 961 
128 123 116 51 37 313 372 470 588 805 
41 107 228 416 442 528 584 656 661 760 
120 117 91 44 11 468 735 930 960 1000 
128 213 313 434 489 602 743 754 819 951 
22 173 226 234 366 440 505 760 778 998 
114 90 116 123 128 581 613 703 806 922 
112 146 330 427 495 542 729 815 820 841 
128 123 116 51 37 842 858 967 987 997 
114 90 116 123 128 427 449 472 551 717 
15 36 117 273 324 538 584 673 712 904 
29 135 164 312 573 592 611 652 778 873 
108 115 134 142 299 628 757 836 898 988 
114 90 316 326 467 471 601 602 842 867 
128 123 116 51 37 595 630 663 693 861 
128 123 116 51 37 497 560 677 727 770 
128 123 116 51 37 310 577 627 891 903 
47 113 332 334 357 526 561 599 866 902 
128 123 116 51 37 352 611 616 627 780 
128 123 116 51 37 569 625 654 700 884 
79 140 219 283 724 726 755 760 771 868 
75 97 142 355 485 556 562 635 725 779 
128 123 116 51 37 454 547 568 648 887 
128 123 116 51 37 789 912 914 935 936 
128 123 116 51 37 464 621 674 692 866 
4 55 60 210 368 526 632 645 820 860 
128 123 116 51 37 394 395 728 740 921 
20 316 354 408 421 466 484 510 870 963 
128 123 116 51 37 833 849 891 900 906 
6 56 99 256 290 390 462 817 894 987 
70 159 365 429 525 603 607 684 816 937 
21 157 212 279 560 693 793 823 888 971 
125 95 114 339 356 389 521 594 912 941 
39 95 222 226 254 357 748 849 896 993 
128 123 116 51 37 804 842 868 922 998 
128 123 116 51 37 437 438 483 718 907 
128 123 116 51 37 511 553 726 810 901 
58 64 268 335 451 492 534 610 845 893 
345 398 409 462 686 761 772 840 921 936 
27 163 185 219 221 321 400 489 870 975 
186 343 664 681 737 790 811 865 866 950 
128 123 116 51 37 449 475 571 748 992 
62 86 281 378 398 584 697 776 833 884 
125 95 312 335 342 528 549 621 655 938 
72 327 407 475 571 612 649 742 796 891 
128 123 116 51 37 770 895 901 908 929 
28 126 193 257 318 523 755 806 885 967 
128 123 116 51 37 490 510 616 722 806 
128 123 116 51 37 578 584 632 870 952 
128 123 116 51 37 647 753 761 854 952 
15 153 260 293 483 503 520 764 883 957 
128 123 116 51 37 640 747 856 958 985 
128 123 116 51 37 662 835 943 949 966 
128 123 116 51 37 366 447 550 709 882 
128 123 116 51 37 701 705 777 785 843 
47 59 172 231 289 309 359 504 806 844 
10 18 85 158 501 656 664 833 898 951 
128 123 116 51 37 479 647 668 670 859 
128 123 116 51 37 461 556 587 663 706 
128 123 116 51 37 706 748 768 782 893 
128 123 116 51 37 695 702 704 841 883 
128 123 116 51 37 679 700 731 935 981 
3 26 170 306 342 421 606 701 860 926 
54 62 331 361 376 444 601 665 752 936 
128 123 116 51 37 614 658 750 753 900 
128 123 116 51 37 608 694 727 746 988 
20 246 318 398 522 595 691 717 835 884 
93 145 185 187 215 454 541 825 868 932 
128 123 116 51 37 329 339 526 547 549 
62 103 346 362 390 449 651 669 675 822 
128 123 116 51 37 278 691 769 852 853 
128 123 116 51 37 379 391 626 636 662 
128 123 116 51 37 695 750 797 874 922 
128 123 116 51 37 627 661 777 885 928 
128 123 116 51 37 482 621 636 866 991 
128 123 116 51 37 733 808 822 847 848 
128 123 116 51 37 705 776 849 927 942 
120 117 91 44 11 568 670 736 807 969 
52 75 97 180 238 495 572 587 708 747 
49 152 208 410 490 657 732 809 819 852 
128 123 116 51 37 709 720 816 888 904 
