26 41 104 75 78 112 115 705 116 126 128 -2 
26 98 78 112 115 116 126 128 850 941 
41 75 78 112 115 116 116 126 128 820 
26 26 319 98 763 923 939 944 949 981 
39 75 71 112 73 127 126 128 904 906 
41 41 78 75 78 112 115 116 126 833 128 -2 
26 26 78 98 115 116 126 128 650 831 
41 98 75 78 538 112 115 116 126 920 128 -2 
26 98 78 112 115 116 126 128 910 954 
25 26 98 125 115 116 126 128 808 885 
25 75 27 117 115 125 126 128 805 977 
26 41 78 75 115 78 112 115 116 126 128 -2 
26 41 166 75 437 78 112 115 116 126 128 -2 
26 98 98 112 115 116 126 128 859 922 
26 26 98 182 228 280 476 627 965 988 
26 25 78 27 115 117 125 128 700 984 
26 26 98 244 261 317 388 576 579 975 
26 98 98 429 439 584 735 736 764 798 
41 98 75 591 78 112 115 116 126 128 
41 41 78 75 78 112 126 115 116 126 128 -2 
26 41 75 78 112 115 116 126 128 826 
41 41 75 112 78 112 126 115 116 126 128 -2 
41 75 73 78 115 112 126 115 116 126 128 -2 
26 98 98 112 115 116 126 128 960 985 
26 41 75 543 78 657 112 115 116 126 128 -2 
26 113 104 119 412 432 529 762 824 950 
26 98 117 125 306 545 690 718 906 934 
26 98 117 125 674 680 698 771 970 983 
41 75 78 78 112 116 115 116 126 128 
26 26 98 125 115 116 126 128 889 937 
26 41 75 228 78 324 112 115 116 126 128 -2 
26 98 78 112 115 116 126 128 776 934 
41 41 78 75 78 112 115 128 116 126 128 -2 
26 98 78 112 115 116 126 128 756 801 
26 98 78 112 115 116 126 128 956 989 
26 26 98 112 115 116 126 128 767 877 
26 41 75 78 115 112 115 128 116 126 128 -2 
26 98 334 335 404 533 679 781 813 822 
26 26 98 127 618 641 688 852 866 883 
26 98 98 188 308 382 464 722 843 916 
26 26 98 112 115 116 126 128 785 835 
26 98 78 112 115 116 126 128 914 971 
26 98 98 118 580 587 602 614 716 930 
113 119 78 112 115 116 126 128 865 893 
26 98 78 112 115 116 126 128 902 999 
41 75 78 78 112 115 116 128 126 876 128 -2 
26 41 73 75 430 78 112 115 116 126 128 -2 
26 26 98 112 115 116 126 128 622 764 
26 41 75 314 78 112 115 116 126 929 128 -2 
113 119 255 257 289 426 514 583 670 996 
26 26 208 98 375 450 553 618 654 862 
41 75 78 112 115 549 116 126 128 948 
113 98 119 185 252 272 366 453 496 850 
26 98 98 112 115 116 126 128 854 983 
26 68 263 92 439 104 118 832 880 954 
26 98 369 479 595 767 783 828 862 883 
26 98 78 112 115 116 126 128 858 871 
26 26 78 98 115 116 126 128 873 933 
26 98 78 112 115 116 126 128 858 968 
26 41 78 75 78 112 126 115 116 126 128 -2 
41 75 78 464 112 532 115 663 116 126 128 -2 
41 98 75 78 112 115 116 126 747 128 
26 98 98 308 458 616 649 823 835 904 
41 92 75 118 78 112 436 115 116 126 128 -2 
26 98 78 112 115 116 126 128 776 897 
26 98 98 112 115 116 126 128 877 977 
26 41 78 75 78 112 115 116 126 985 128 -2 
26 26 98 112 115 116 126 128 701 798 
26 119 98 353 371 427 592 849 967 980 
26 26 98 112 115 116 126 128 894 958 
41 41 78 75 78 112 126 115 116 126 128 -2 
26 41 78 75 115 78 112 115 116 126 128 -2 
26 98 347 437 454 658 767 848 934 966 
41 113 119 112 115 116 126 128 823 992 
26 98 78 112 115 116 126 128 984 986 
41 75 78 112 533 115 116 699 126 965 128 -2 
39 71 78 73 115 127 126 128 965 973 
26 41 75 112 78 112 126 115 116 126 128 -2 
26 98 78 112 115 116 126 128 942 977 
41 26 78 98 115 116 126 128 938 1000 
41 98 75 241 78 112 115 353 116 126 128 -2 
26 41 75 419 78 681 112 115 116 126 128 -2 
26 26 98 112 115 116 126 128 847 955 
26 75 98 112 115 116 126 128 591 701 
26 26 276 98 395 828 877 909 964 977 
26 26 104 98 586 617 628 636 830 914 
26 26 98 163 189 291 348 414 570 835 
26 98 78 112 115 116 126 128 867 954 
41 98 75 78 112 115 126 116 126 128 
26 41 75 118 78 116 112 115 116 126 128 -2 
26 113 119 112 115 116 126 128 900 977 
26 98 420 426 685 696 732 923 947 996 
26 26 78 98 115 116 126 128 855 909 
26 26 444 98 652 838 856 863 960 993 
26 98 98 112 115 116 126 128 579 975 
41 98 75 366 78 112 115 116 727 126 128 -2 
26 51 70 112 90 116 96 128 639 998 
26 98 98 112 115 116 126 128 692 932 
26 26 78 98 115 116 126 128 864 897 
68 26 104 98 344 516 574 584 832 899 
26 41 313 75 422 78 112 115 116 126 128 -2 
41 119 75 78 115 112 115 116 846 126 128 -2 
26 26 73 98 494 510 574 807 872 988 
26 98 98 112 115 116 126 128 896 958 
26 26 98 297 342 536 558 569 579 1000 
26 26 258 98 501 550 557 677 687 835 
68 75 92 112 104 118 126 128 570 989 
41 26 78 98 115 116 126 128 849 991 
26 98 98 112 115 116 126 128 721 845 
26 26 98 514 545 609 677 845 862 900 
26 41 75 453 78 616 112 115 116 126 128 -2 
113 98 119 112 115 116 126 128 799 989 
26 26 117 98 557 641 658 836 935 951 
26 26 98 272 273 361 728 771 861 942 
41 26 78 98 115 116 126 128 860 930 
41 39 71 112 73 127 126 128 645 963 
26 98 98 112 115 116 126 128 915 926 
26 26 98 125 115 116 126 128 775 938 
26 26 98 125 427 700 795 806 903 952 
26 98 117 125 634 730 823 901 918 945 
26 98 78 112 115 116 126 128 750 924 
41 75 104 78 112 115 405 116 621 126 128 -2 
26 113 119 138 221 267 338 710 714 830 
68 41 75 78 112 116 115 128 116 126 128 -2 
26 41 78 75 78 112 126 115 116 126 128 -2 
26 41 78 75 115 78 112 115 116 126 128 -2 
41 75 78 112 112 116 115 128 116 126 128 -2 
26 26 98 112 115 116 126 128 681 925 
26 98 78 112 115 116 126 128 836 927 
26 26 98 112 115 116 126 128 855 978 
41 98 75 112 78 112 126 115 116 126 128 -2 
41 113 78 119 115 116 126 128 716 814 
41 98 75 78 112 616 115 737 116 126 128 -2 
26 113 117 119 467 688 761 853 857 878 
26 41 78 75 78 116 112 115 116 126 128 -2 
26 26 98 125 587 751 777 852 893 958 
39 71 386 73 580 127 709 740 742 985 
41 39 78 71 115 73 127 128 916 984 
26 98 290 380 543 624 677 825 932 966 
26 98 98 630 698 759 781 790 860 984 
26 41 75 78 112 115 116 850 126 919 128 -2 
113 75 119 112 115 116 126 128 891 932 
26 26 98 160 194 235 431 493 611 830 
26 98 98 429 542 577 661 670 706 859 
26 98 98 112 115 116 126 128 860 869 
26 41 197 75 78 112 115 116 126 128 
41 113 119 112 115 116 126 128 946 960 
41 98 75 78 112 340 115 533 116 126 128 -2 
41 26 78 98 115 116 126 128 907 970 
26 41 75 305 78 784 112 115 116 126 128 -2 
26 26 520 98 573 701 705 808 903 920 
26 92 98 118 115 116 126 128 838 852 
26 41 78 75 78 112 126 115 116 126 128 -2 
26 98 78 112 115 116 126 128 708 985 
26 41 75 125 78 112 806 115 116 126 128 -2 
26 98 206 294 416 721 729 792 877 942 
26 51 70 90 115 96 126 128 974 980 
41 75 78 112 115 116 116 126 128 879 
41 26 98 112 115 116 126 128 757 986 
26 41 78 75 78 116 112 115 116 126 128 -2 
41 26 78 98 115 116 126 128 825 982 
26 98 78 112 115 116 126 128 818 968 
26 98 78 112 115 116 126 128 699 880 
113 98 119 201 218 292 469 491 835 983 
25 26 117 98 300 356 436 519 606 645 
39 41 73 75 663 78 112 115 116 126 128 -2 
26 25 27 438 117 612 125 680 818 849 
26 98 180 487 605 823 838 904 977 1000 
41 98 75 78 112 115 116 126 128 977 
41 75 78 118 112 116 115 128 116 126 128 -2 
41 98 75 78 112 115 755 116 954 126 128 -2 
41 26 78 98 115 116 126 128 810 922 
26 92 98 118 115 116 126 128 644 871 
26 26 98 112 115 116 126 128 392 567 
113 119 302 347 412 445 637 673 811 920 
26 75 98 112 115 116 126 128 633 807 
26 98 78 112 115 116 126 128 742 886 
26 41 75 118 78 283 112 115 116 126 128 -2 
26 113 308 119 773 780 855 911 934 973 
41 39 71 112 73 116 127 128 880 911 
26 26 78 98 115 116 126 128 875 947 
39 98 71 73 115 127 126 128 645 853 
68 41 75 78 115 112 126 115 116 126 128 -2 
68 41 104 75 78 404 112 115 116 126 128 -2 
39 71 73 112 127 116 126 128 856 863 
26 98 78 112 115 116 126 128 402 468 
26 98 98 488 562 625 652 693 918 972 
26 26 104 98 286 691 789 810 845 879 
41 75 78 78 112 116 115 116 126 128 
26 41 75 78 243 112 424 115 116 126 128 -2 
26 98 98 356 446 514 653 695 751 963 
26 75 98 112 115 116 126 128 890 931 
26 26 98 318 436 443 486 816 925 943 
26 41 75 78 112 116 115 128 116 126 128 -2 
26 98 98 256 316 331 504 656 951 996 
26 41 104 75 78 557 112 115 116 126 128 -2 
26 113 465 119 488 720 836 898 967 988 
26 98 98 112 115 116 126 128 816 896 
26 39 561 71 661 73 127 919 923 928 
26 75 98 112 115 116 126 128 887 978 
26 98 104 118 115 116 126 128 926 991 
26 41 75 394 78 575 112 115 116 126 128 -2 
41 75 78 112 115 116 116 126 752 128 
26 98 90 96 115 116 126 128 661 685 
41 26 78 98 115 116 126 128 969 998 
26 98 78 112 115 116 126 128 931 940 
41 26 78 98 115 116 126 128 928 955 
26 26 98 118 631 774 810 868 877 937 
26 98 98 649 676 751 818 828 858 895 
41 98 75 125 78 112 126 115 116 126 128 -2 
25 41 117 75 78 116 112 115 116 126 128 -2 
26 26 98 112 115 116 126 128 914 928 
26 26 98 493 509 633 714 762 807 920 
41 75 78 78 112 115 116 126 128 930 
41 41 75 78 112 116 115 128 116 126 128 -2 
51 70 78 90 96 116 126 128 763 979 
26 25 78 27 115 117 125 128 712 772 
26 26 78 98 115 116 126 128 879 949 
26 98 78 112 115 116 126 128 893 918 
26 75 98 112 115 116 126 128 613 712 
39 71 73 357 127 675 683 720 881 900 
41 75 231 78 112 507 115 798 116 126 128 -2 
41 75 78 112 115 115 126 116 831 126 128 -2 
26 26 182 98 361 525 576 713 863 910 
113 41 184 75 314 78 112 115 116 126 128 -2 
113 41 75 78 112 115 116 128 126 875 128 -2 
26 98 98 112 115 116 126 128 719 975 
26 26 78 98 115 116 126 128 898 963 
41 75 117 78 112 115 616 116 126 981 128 -2 
41 75 78 112 115 116 126 128 128 708 
113 26 78 98 115 116 126 128 877 912 
26 41 75 78 464 112 494 115 116 126 128 -2 
26 98 207 280 397 506 669 747 818 840 
39 26 73 98 115 116 126 128 953 978 
26 98 98 112 115 116 126 128 870 914 
26 98 78 112 115 116 126 128 935 991 
26 98 78 112 115 116 126 128 918 960 
41 41 75 112 78 112 115 128 116 126 128 -2 
26 98 590 655 689 712 722 740 805 949 
26 98 78 112 115 116 126 128 663 949 
26 98 98 257 411 499 679 754 913 940 
41 98 75 78 449 112 115 618 116 126 128 -2 
26 41 75 112 78 112 126 115 116 126 128 -2 
26 41 517 75 78 112 897 115 116 126 128 -2 
51 70 78 90 96 116 126 128 905 996 
26 106 98 261 329 578 593 623 638 686 
26 26 78 98 115 116 126 128 715 833 
26 75 98 112 115 116 126 128 977 1000 
26 26 78 98 115 116 126 128 777 965 
26 98 78 112 115 116 126 128 811 883 
39 71 73 112 127 116 126 128 919 925 
59 41 137 75 161 78 112 115 116 126 128 -2 
40 113 143 119 461 502 682 747 896 988 
41 41 78 75 78 112 126 115 116 126 128 -2 
33 25 27 117 618 125 804 889 910 995 
41 41 75 78 115 112 115 116 126 128 
171 254 396 401 475 525 779 871 899 951 
41 75 78 112 115 116 116 128 126 128 
41 119 75 78 528 112 115 782 116 126 128 -2 
41 27 75 125 78 116 112 115 116 126 128 -2 
41 41 78 75 115 78 112 115 116 126 128 -2 
41 75 78 112 115 115 126 116 844 126 128 -2 
41 41 78 75 78 112 115 116 126 959 128 -2 
41 75 78 112 115 115 126 116 722 126 128 -2 
41 119 75 112 78 116 112 115 116 126 128 -2 
113 75 119 112 115 116 126 128 938 974 
41 75 75 78 112 116 115 128 116 126 128 -2 
41 71 75 127 78 112 650 115 116 126 128 -2 
113 41 75 297 78 112 564 115 116 126 128 -2 
41 39 71 112 73 116 127 128 588 857 
68 75 92 112 104 118 126 128 940 980 
41 75 78 78 115 112 126 115 116 126 128 -2 
41 75 78 112 112 115 116 126 706 128 
41 75 75 112 78 112 126 115 116 126 128 -2 
41 41 75 78 112 116 115 116 727 126 128 -2 
41 41 78 75 115 78 112 115 116 126 128 -2 
41 41 78 75 78 112 115 128 116 126 128 -2 
41 41 78 75 78 116 112 115 116 126 128 -2 
41 39 78 71 73 116 127 128 896 977 
41 41 78 75 78 112 115 116 938 126 128 -2 
113 41 400 75 625 78 112 115 116 126 128 -2 
41 41 78 75 78 112 115 116 773 126 128 -2 
41 119 75 454 78 892 112 115 116 126 128 -2 
25 27 78 117 115 125 126 128 934 998 
41 41 78 75 115 78 112 115 116 126 128 -2 
113 41 75 78 115 112 126 115 116 126 128 -2 
41 75 75 78 112 116 115 128 116 126 128 -2 
25 113 117 119 498 609 825 860 935 940 
39 71 117 73 115 127 126 128 851 921 
41 41 75 112 78 112 115 116 773 126 128 -2 
41 75 78 78 112 115 116 126 128 912 
39 71 73 127 115 116 126 128 661 979 
113 119 78 112 115 116 126 128 851 893 
351 113 563 119 698 734 779 815 836 943 
41 41 78 75 115 78 112 115 116 126 128 -2 
41 41 78 75 115 78 112 115 116 126 128 -2 
62 39 195 71 579 73 127 773 794 915 
41 41 78 75 78 116 112 115 116 126 128 -2 
41 75 75 78 115 112 126 115 116 126 128 -2 
41 75 75 78 115 112 126 115 116 126 128 -2 
41 41 78 75 78 112 115 128 116 126 128 -2 
41 75 78 78 115 112 115 128 116 126 128 -2 
25 41 75 78 115 112 126 115 116 126 128 -2 
41 119 75 358 78 112 679 115 116 126 128 -2 
41 113 119 112 115 116 126 128 937 967 
25 27 78 117 125 116 126 128 748 884 
41 75 78 78 112 116 115 128 116 126 128 -2 
113 119 78 112 115 116 126 128 806 975 
41 41 75 112 78 112 115 116 853 126 128 -2 
41 68 92 112 104 116 118 128 845 861 
41 41 75 78 115 112 126 115 116 126 128 -2 
68 75 92 112 104 116 118 128 887 900 
41 41 78 75 115 78 112 115 116 126 128 -2 
25 41 117 75 522 78 112 115 116 126 128 -2 
68 113 104 119 388 527 588 793 866 934 
41 75 78 78 115 112 115 116 126 128 
41 75 78 78 112 116 115 128 116 126 128 -2 
113 39 162 71 73 382 127 888 984 992 
113 119 78 112 115 116 126 128 766 910 
41 75 75 78 112 115 126 116 616 126 128 -2 
41 113 78 119 115 116 126 128 820 884 
41 75 78 112 115 115 116 126 895 128 
41 41 78 75 115 78 112 115 116 126 128 -2 
68 75 92 112 104 116 118 128 951 998 
41 41 78 75 78 112 115 128 116 126 128 -2 
113 25 27 112 117 116 125 128 766 996 
41 41 75 78 115 112 115 128 116 126 128 -2 
41 27 75 125 78 112 115 790 116 126 128 -2 
41 41 75 112 78 116 112 115 116 126 128 -2 
41 75 78 118 112 116 115 128 116 126 128 -2 
41 75 78 78 112 116 115 116 835 126 128 -2 
41 68 92 112 104 116 118 128 863 927 
41 113 119 112 115 116 126 128 889 992 
113 41 75 112 78 112 115 116 918 126 128 -2 
41 41 78 75 78 112 126 115 116 126 128 -2 
41 41 78 75 78 116 112 115 116 126 128 -2 
41 68 92 104 115 118 126 128 770 937 
113 75 119 112 115 116 126 128 783 907 
25 41 117 75 115 78 112 115 116 126 128 -2 
41 75 78 112 112 116 115 116 970 126 128 -2 
41 68 92 112 104 118 126 128 702 975 
65 68 92 104 118 422 825 852 867 983 
41 75 78 112 112 115 126 116 932 126 128 -2 
41 113 119 112 115 116 126 128 670 735 
41 41 75 78 115 112 126 115 116 126 128 -2 
41 75 75 112 78 112 126 115 116 126 128 -2 
41 75 75 78 115 112 126 115 116 126 128 -2 
41 68 78 92 115 104 118 128 968 977 
24 90 140 398 414 538 578 694 786 887 
41 41 75 78 112 115 126 116 126 128 
39 71 78 73 115 127 126 128 774 962 
113 75 119 112 115 116 126 128 850 960 
51 70 78 90 96 116 126 128 888 894 
57 41 75 398 78 112 598 115 116 126 128 -2 
102 41 75 78 112 115 116 126 716 128 
41 75 78 112 115 352 116 126 600 128 
39 71 78 73 115 127 126 128 486 982 
65 41 212 75 78 571 112 115 116 126 128 -2 
41 75 75 112 78 112 115 128 116 126 128 -2 
113 75 119 112 115 116 126 128 666 903 
41 68 78 92 104 118 126 128 826 873 
39 71 73 127 115 116 126 128 736 974 
25 75 27 117 125 116 126 128 792 916 
41 75 117 78 115 112 115 116 838 126 128 -2 
203 41 75 548 78 112 658 115 116 126 128 -2 
198 41 75 78 112 625 115 116 842 126 128 -2 
68 75 92 112 104 118 126 128 717 825 
25 116 27 117 648 125 737 820 966 976 
41 75 75 78 112 116 115 128 116 126 128 -2 
41 41 75 112 78 116 112 115 116 126 128 -2 
113 75 119 112 115 116 126 128 913 962 
41 58 75 147 78 227 112 115 116 126 128 -2 
41 113 119 112 115 116 126 128 826 926 
41 41 78 75 78 116 112 115 116 126 128 -2 
41 41 75 78 115 112 126 115 116 126 128 -2 
41 75 78 112 112 116 115 116 745 126 128 -2 
41 75 110 78 112 463 115 637 116 126 128 -2 
113 119 78 112 115 116 126 128 850 853 
25 41 117 75 78 116 112 115 116 126 128 -2 
25 119 27 469 117 125 694 722 794 890 
51 92 70 90 96 403 757 789 848 880 
113 119 298 343 395 408 538 753 770 872 
41 41 78 75 115 78 112 115 116 126 128 -2 
25 75 27 112 117 116 125 128 820 997 
41 75 78 78 112 116 115 128 116 126 128 -2 
113 159 119 255 337 772 880 881 958 962 
41 41 78 75 115 78 112 115 116 126 128 -2 
41 167 75 78 412 112 115 116 126 936 128 -2 
41 41 75 112 78 116 112 115 116 126 128 -2 
41 41 78 75 115 78 112 115 116 126 128 -2 
41 41 75 112 78 112 115 128 116 126 128 -2 
41 75 75 112 78 116 112 115 116 126 128 -2 
41 75 78 112 112 115 116 128 126 917 128 -2 
239 412 473 609 733 747 808 870 916 951 
41 41 78 75 115 78 112 115 116 126 128 -2 
41 41 78 75 78 112 126 115 116 126 128 -2 
113 113 119 350 387 424 495 531 611 768 
41 75 75 112 78 112 126 115 116 126 128 -2 
41 68 92 104 118 116 126 128 854 890 
41 75 75 78 115 112 115 128 116 126 128 -2 
25 139 27 117 125 731 896 898 934 998 
25 41 75 78 115 112 115 116 126 980 128 -2 
41 113 119 112 115 116 126 128 885 911 
41 75 78 78 115 112 126 115 116 126 128 -2 
41 41 78 75 115 78 112 115 116 126 128 -2 
41 39 78 71 115 73 127 128 949 966 
51 70 90 96 115 116 126 128 871 978 
25 41 117 75 78 112 526 115 116 126 128 -2 
41 41 75 112 78 112 126 115 116 126 128 -2 
41 113 78 119 115 116 126 128 758 837 
41 41 75 112 78 116 112 115 116 126 128 -2 
41 68 92 104 115 118 126 128 945 977 
113 41 155 75 78 661 112 115 116 126 128 -2 
113 113 119 112 115 116 126 128 878 893 
113 75 119 112 115 116 126 128 738 903 
41 41 75 112 78 112 115 128 116 126 128 -2 
68 92 78 104 115 118 126 128 891 960 
68 113 104 119 115 116 126 128 729 940 
51 75 70 112 90 116 96 128 711 744 
41 75 78 78 115 112 126 115 116 126 128 -2 
41 41 78 75 115 78 112 115 116 126 128 -2 
68 25 104 27 117 528 125 656 661 760 
113 39 376 71 451 73 127 930 960 1000 
41 39 71 73 115 127 126 128 819 951 
41 75 78 118 112 115 126 116 778 126 128 -2 
41 119 75 78 112 115 126 116 126 128 
113 27 119 125 495 542 729 815 820 841 
41 41 75 78 112 115 126 116 126 997 128 -2 
41 41 78 75 78 112 126 115 116 126 128 -2 
113 119 119 273 324 538 584 673 712 904 
41 75 75 78 115 112 126 115 116 126 128 -2 
41 75 78 112 112 115 126 116 126 988 128 -2 
41 75 78 112 112 115 126 116 126 128 
41 75 75 78 115 112 115 116 126 861 128 -2 
113 119 204 320 350 497 560 677 727 770 
41 75 78 112 112 116 115 116 891 126 128 -2 
41 41 75 112 78 112 126 115 116 126 128 -2 
41 113 78 119 115 116 126 128 627 780 
41 75 75 78 112 115 116 128 126 884 128 -2 
41 140 75 78 724 112 115 116 771 126 128 -2 
41 41 78 75 115 78 112 115 116 126 128 -2 
21 114 131 156 451 454 547 568 648 887 
41 119 75 78 115 112 126 115 116 126 128 -2 
41 75 78 118 112 115 126 116 692 126 128 -2 
39 75 71 73 127 116 126 128 820 860 
113 75 119 112 115 116 126 128 740 921 
20 68 354 92 421 104 118 510 870 963 
209 41 270 75 78 833 112 115 116 126 128 -2 
41 39 71 73 127 116 126 128 894 987 
41 25 27 112 117 125 126 128 816 937 
41 39 71 73 115 127 126 128 888 971 
113 41 75 339 78 112 115 116 126 128 
41 75 78 78 112 116 115 116 126 128 
41 41 75 78 112 116 115 116 922 126 128 -2 
41 41 78 75 115 78 112 115 116 126 128 -2 
113 75 119 112 115 116 126 128 810 901 
41 71 75 78 112 116 115 128 116 126 128 -2 
41 113 119 112 115 116 126 128 921 936 
25 27 117 125 115 116 126 128 870 975 
41 75 78 112 115 116 116 126 866 128 
41 75 75 112 78 116 112 115 116 126 128 -2 
41 86 75 78 112 584 115 116 126 128 
41 41 75 78 112 115 116 126 128 938 
25 113 117 119 115 116 126 128 796 891 
70 202 526 537 685 770 895 901 908 929 
41 41 78 75 78 112 115 128 116 126 128 -2 
41 119 75 78 112 490 115 116 126 806 128 -2 
10 41 309 75 78 578 112 115 116 126 128 -2 
41 113 78 119 115 116 126 128 854 952 
68 75 92 104 118 116 126 128 883 957 
41 75 78 112 112 115 126 116 958 126 128 -2 
41 41 78 75 115 78 112 115 116 126 128 -2 
41 41 75 112 78 116 112 115 116 126 128 -2 
41 41 78 75 115 78 112 115 116 126 128 -2 
41 75 75 112 78 112 115 116 806 126 128 -2 
113 68 92 158 104 656 118 833 898 951 
41 41 75 112 78 112 115 116 670 126 128 -2 
41 75 78 78 115 112 126 115 116 126 128 -2 
41 243 75 78 547 112 748 115 116 126 128 -2 
41 113 78 119 115 116 126 128 841 883 
39 71 104 73 115 127 126 128 935 981 
41 119 75 78 112 421 115 701 116 126 128 -2 
41 41 75 112 78 116 112 115 116 126 128 -2 
96 113 119 516 581 614 658 750 753 900 
197 41 75 78 112 115 694 116 746 126 128 -2 
41 41 78 75 78 112 126 115 116 126 128 -2 
93 145 185 187 215 454 541 825 868 932 
41 75 117 78 115 112 115 128 116 126 128 -2 
39 75 71 112 73 127 126 128 675 822 
41 75 75 112 78 112 115 116 126 853 128 -2 
68 96 92 104 361 118 391 626 636 662 
41 113 78 119 115 116 126 128 874 922 
41 39 71 112 73 116 127 128 885 928 
41 75 78 112 115 116 116 126 128 991 
41 75 78 112 112 116 115 116 847 126 128 -2 
41 75 78 112 115 116 776 126 128 942 
41 75 75 112 78 112 126 115 116 126 128 -2 
41 75 75 78 115 112 126 115 116 126 128 -2 
41 41 78 75 115 78 112 115 116 126 128 -2 
68 51 70 118 90 116 96 128 888 904 
