28 69 123 128 428 447 610 705 771 898 
28 28 123 69 448 123 128 846 850 941 
28 28 69 128 123 128 223 237 725 820 
28 28 69 123 128 923 939 944 949 981 
28 28 123 69 123 744 128 773 904 906 
86 126 123 128 311 463 531 702 783 833 
28 28 123 69 123 368 128 581 650 831 
28 28 123 69 123 594 128 736 795 920 
28 69 69 128 123 638 128 836 910 954 
28 28 69 128 123 128 675 790 808 885 
28 28 123 69 123 633 128 787 805 977 
28 69 69 128 123 446 128 827 961 971 
28 69 123 128 128 448 505 693 981 993 
28 69 123 123 128 597 607 725 859 922 
28 69 69 123 228 128 476 627 965 988 
28 28 123 69 296 123 128 553 700 984 
28 69 123 128 128 317 388 576 579 975 
28 28 69 128 123 584 128 736 764 798 
28 28 123 69 614 123 128 805 889 928 
28 28 123 69 276 123 128 406 787 910 
28 28 69 128 123 128 431 449 657 826 
28 69 69 123 349 128 657 712 717 912 
28 28 123 69 279 123 128 562 820 832 
28 69 69 123 310 128 738 746 960 985 
28 28 123 69 123 128 754 792 953 978 
28 28 123 69 123 432 128 762 824 950 
28 69 69 123 306 128 690 718 906 934 
28 69 69 123 674 128 698 771 970 983 
28 69 123 128 253 306 437 447 769 918 
28 69 123 123 655 128 771 814 889 937 
28 28 69 123 128 324 538 588 865 956 
28 28 69 128 123 289 128 651 776 934 
28 28 69 123 128 719 737 780 807 909 
28 69 69 128 123 553 128 600 756 801 
28 69 123 128 636 758 872 912 956 989 
28 69 69 128 123 128 658 661 767 877 
28 28 123 69 123 655 128 829 861 979 
28 69 123 123 128 533 679 781 813 822 
28 69 123 128 128 641 688 852 866 883 
28 69 123 123 308 128 464 722 843 916 
28 69 123 123 436 128 556 603 785 835 
28 69 123 123 128 752 760 826 914 971 
28 69 69 123 580 128 602 614 716 930 
28 69 69 128 123 828 128 854 865 893 
28 69 123 123 776 128 877 888 902 999 
28 69 69 123 128 447 745 825 874 876 
28 28 123 69 123 128 475 689 866 950 
28 28 123 69 153 123 128 588 622 764 
86 69 126 128 407 573 697 715 889 929 
28 69 69 123 289 128 514 583 670 996 
28 69 69 128 123 128 553 618 654 862 
28 69 123 128 425 549 623 731 782 948 
28 69 69 128 123 128 366 453 496 850 
28 28 69 128 123 128 543 804 854 983 
28 28 69 123 128 511 544 832 880 954 
28 28 69 128 123 767 128 828 862 883 
28 69 69 123 128 203 633 767 858 871 
28 28 69 123 128 578 588 834 873 933 
28 69 69 123 755 128 811 849 858 968 
28 69 123 123 128 385 614 627 656 805 
28 69 69 123 128 532 625 663 807 936 
28 69 69 128 123 601 128 746 747 967 
28 28 123 69 458 123 128 823 835 904 
28 69 123 128 345 380 436 632 817 889 
28 28 123 69 123 128 461 665 776 897 
28 69 69 123 128 439 753 790 877 977 
28 69 69 123 128 470 574 627 904 985 
28 28 123 69 300 123 128 583 701 798 
28 28 69 128 123 128 592 849 967 980 
28 69 69 128 123 399 128 851 894 958 
28 69 69 123 128 545 775 927 946 993 
28 69 69 128 123 483 128 813 899 1000 
28 28 123 69 454 123 128 848 934 966 
28 69 123 128 128 553 574 580 823 992 
28 28 123 69 515 123 128 971 984 986 
28 69 69 128 123 559 128 699 848 965 
28 28 123 69 670 123 128 960 965 973 
28 28 69 128 123 128 673 776 811 947 
28 69 69 128 123 654 128 854 942 977 
28 28 69 123 128 852 874 928 938 1000 
28 69 69 128 123 274 128 353 665 893 
28 28 123 69 460 123 128 866 921 966 
28 69 123 123 443 128 633 681 847 955 
28 69 123 128 128 369 442 462 591 701 
28 69 69 123 128 828 877 909 964 977 
28 28 69 123 128 617 628 636 830 914 
28 69 123 128 189 291 348 414 570 835 
28 28 123 69 123 128 491 499 867 954 
28 28 69 128 123 567 128 644 731 944 
28 86 123 126 490 593 696 815 902 909 
28 69 69 128 123 659 128 821 900 977 
28 69 123 128 128 696 732 923 947 996 
28 69 69 123 594 128 685 689 855 909 
86 28 69 123 128 838 856 863 960 993 
28 28 123 69 190 123 128 400 579 975 
28 69 123 128 128 572 610 650 727 864 
28 69 69 128 123 416 128 578 639 998 
28 28 69 123 128 311 540 636 692 932 
28 69 123 128 128 460 553 627 864 897 
28 28 123 69 344 123 128 584 832 899 
86 126 47 90 422 423 495 639 761 993 
91 113 113 124 127 652 731 745 846 954 
91 91 124 113 494 124 127 807 872 988 
91 113 113 124 462 127 705 784 896 958 
86 126 124 127 342 536 558 569 579 1000 
91 86 124 126 501 550 557 677 687 835 
86 126 126 127 410 451 479 534 570 989 
86 126 126 127 714 731 739 797 849 991 
91 113 124 127 256 337 371 391 721 845 
91 113 113 127 124 609 127 845 862 900 
86 126 126 127 531 616 695 846 927 943 
86 113 126 127 295 349 353 682 799 989 
91 86 126 127 557 641 658 836 935 951 
91 113 124 127 273 361 728 771 861 942 
91 113 124 127 302 324 566 708 860 930 
91 86 126 127 433 442 534 591 645 963 
91 91 113 124 127 371 535 885 915 926 
91 91 113 127 124 127 700 774 775 938 
86 126 124 127 427 700 795 806 903 952 
91 86 126 127 634 730 823 901 918 945 
91 126 113 127 124 127 702 729 750 924 
86 126 124 127 333 342 405 421 621 741 
86 86 124 126 221 267 338 710 714 830 
86 126 124 127 655 657 670 693 957 986 
86 113 126 127 388 449 540 707 770 875 
91 113 124 124 634 127 804 855 954 986 
86 113 126 127 596 609 864 889 892 925 
86 126 124 127 470 584 640 659 681 925 
86 86 126 127 476 516 809 822 836 927 
86 126 124 127 463 645 668 745 855 978 
91 113 124 127 440 705 735 750 886 923 
1 113 62 100 422 533 626 674 716 814 
86 86 126 127 549 616 626 737 800 915 
91 91 113 127 124 127 761 853 857 878 
91 86 124 126 307 604 622 889 890 934 
86 113 126 127 587 751 777 852 893 958 
91 35 124 46 580 47 90 740 742 985 
91 86 124 126 379 480 577 846 916 984 
91 113 124 124 543 127 677 825 932 966 
86 86 126 127 698 759 781 790 860 984 
86 86 124 126 172 730 739 850 865 919 
91 91 113 127 124 780 127 828 891 932 
86 126 124 127 194 235 431 493 611 830 
91 113 113 124 542 127 661 670 706 859 
91 86 124 126 340 373 485 673 860 869 
86 126 124 127 479 574 644 732 773 983 
91 91 124 113 124 536 127 842 946 960 
86 113 126 127 279 340 487 533 892 916 
86 86 126 127 247 398 759 891 907 970 
91 113 124 127 127 784 818 861 946 980 
86 113 126 127 573 701 705 808 903 920 
86 126 124 127 488 513 619 675 838 852 
91 113 113 124 741 127 792 816 876 952 
91 113 113 127 124 537 127 685 708 985 
86 126 124 127 651 747 806 877 913 978 
86 126 124 127 416 721 729 792 877 942 
91 86 124 126 345 378 516 963 974 980 
91 86 124 126 124 442 692 850 853 879 
86 126 124 127 425 642 674 704 757 986 
35 113 46 127 47 90 703 855 907 990 
86 113 126 127 276 642 666 672 825 982 
86 126 124 127 493 615 715 747 818 968 
86 126 124 127 426 463 498 580 699 880 
86 113 126 127 218 292 469 491 835 983 
86 86 126 127 300 356 436 519 606 645 
91 113 113 127 124 127 821 871 886 999 
91 86 126 127 470 612 675 680 818 849 
86 113 126 127 605 823 838 904 977 1000 
91 91 113 127 124 598 127 630 753 977 
86 126 126 127 575 638 879 912 946 954 
86 113 126 127 535 604 755 810 954 969 
91 91 113 124 570 127 650 772 810 922 
91 91 113 124 129 127 308 535 644 871 
91 86 124 126 145 183 315 333 392 567 
91 113 124 90 127 445 637 673 811 920 
91 113 113 127 124 127 515 610 633 807 
86 113 126 127 200 234 344 645 742 886 
91 91 124 113 250 124 127 735 795 963 
86 113 126 127 773 780 855 911 934 973 
86 126 124 127 376 505 608 874 880 911 
91 35 124 46 321 47 90 851 875 947 
91 86 124 126 137 352 553 607 645 853 
86 113 126 127 403 504 535 871 911 919 
86 113 126 127 263 404 526 566 710 747 
86 126 126 127 530 627 710 717 856 863 
86 113 126 127 196 270 293 316 402 468 
86 113 126 127 562 625 652 693 918 972 
91 86 126 127 286 691 789 810 845 879 
91 91 124 113 124 127 427 726 758 866 
86 126 124 127 243 364 424 808 875 908 
91 86 124 126 446 514 653 695 751 963 
86 113 126 127 481 513 556 665 890 931 
35 113 46 47 436 90 486 816 925 943 
91 113 124 127 127 609 650 716 868 988 
91 86 124 126 316 331 504 656 951 996 
91 113 124 127 127 557 652 658 673 805 
91 113 124 124 127 720 836 898 967 988 
86 86 126 127 346 578 740 801 816 896 
86 126 124 127 661 809 892 919 923 928 
91 91 113 124 127 737 812 841 887 978 
125 86 126 90 353 408 451 774 926 991 
86 86 281 126 437 575 719 726 733 907 
86 126 324 361 624 687 688 708 752 936 
86 35 47 46 47 90 499 654 661 685 
86 86 126 146 154 225 338 681 969 998 
86 126 126 90 559 751 760 766 931 940 
86 126 126 90 529 607 659 765 928 955 
86 86 126 630 631 774 810 868 877 937 
86 126 523 649 676 751 818 828 858 895 
86 1 62 100 434 501 687 710 891 989 
86 86 47 126 396 585 661 745 756 861 
86 86 126 407 468 619 738 871 914 928 
86 126 126 493 509 633 714 762 807 920 
86 126 47 90 495 531 676 807 856 930 
101 86 189 126 517 594 642 729 942 948 
86 126 126 182 349 456 622 673 763 979 
86 86 47 126 585 599 641 711 712 772 
86 62 126 90 541 668 720 795 879 949 
86 86 126 90 674 736 745 772 893 918 
86 86 291 126 335 402 427 488 613 712 
86 86 126 357 572 675 683 720 881 900 
86 126 47 90 463 507 668 798 835 996 
86 126 47 90 444 596 800 808 831 886 
86 126 126 90 361 525 576 713 863 910 
86 86 47 126 314 369 473 590 683 760 
86 86 47 126 264 615 767 788 873 875 
86 86 126 378 386 618 689 690 719 975 
86 126 47 90 652 788 801 852 898 963 
86 86 414 126 502 530 616 694 906 981 
86 86 47 126 194 302 403 417 651 708 
86 86 47 126 677 738 821 872 877 912 
86 126 126 90 464 478 494 615 828 872 
86 86 47 126 397 506 669 747 818 840 
86 86 47 126 657 666 791 904 953 978 
86 126 126 90 559 596 621 667 870 914 
86 86 47 126 582 636 674 764 935 991 
86 86 126 90 485 746 810 864 918 960 
86 126 126 90 484 556 833 883 967 997 
35 126 46 47 689 90 722 740 805 949 
86 86 47 126 339 413 534 547 663 949 
86 126 100 257 411 499 679 754 913 940 
86 86 126 406 449 525 611 618 690 972 
86 86 435 126 451 467 592 606 726 933 
86 86 126 90 630 747 897 924 933 980 
86 126 126 321 322 478 710 727 905 996 
86 86 126 90 329 578 593 623 638 686 
86 126 126 90 497 554 576 656 715 833 
35 86 47 126 360 710 870 908 977 1000 
86 126 47 90 523 595 718 721 777 965 
86 126 126 90 545 621 626 697 811 883 
86 86 126 90 424 498 628 817 919 925 
86 86 47 126 161 363 419 649 791 942 
86 126 126 279 461 502 682 747 896 988 
86 126 126 90 329 437 454 571 592 643 
86 86 126 533 618 628 804 889 910 995 
86 126 126 199 311 343 400 491 919 987 
35 86 126 90 475 525 779 871 899 951 
86 86 126 90 598 603 680 785 799 816 
86 86 126 90 528 619 713 782 884 931 
86 86 47 126 382 401 452 685 869 934 
86 126 126 303 544 580 612 743 891 914 
1 62 100 280 289 439 514 781 844 967 
86 126 346 455 544 614 698 707 930 959 
1 35 100 46 47 90 524 557 722 848 
86 46 126 90 207 361 411 739 756 1000 
35 86 47 126 133 166 544 699 938 974 
86 35 46 90 47 735 90 819 937 974 
86 86 126 324 522 623 650 852 866 940 
1 86 100 126 401 527 564 599 648 762 
86 86 126 198 328 405 420 469 588 857 
86 86 47 126 308 381 658 929 940 980 
86 126 126 90 572 645 738 883 921 958 
86 126 47 90 467 480 535 607 706 838 
86 86 47 126 296 382 726 733 836 971 
86 126 118 119 423 462 471 671 727 940 
86 86 126 448 472 599 676 768 912 995 
86 126 47 90 436 483 626 671 749 841 
86 126 126 90 718 736 751 878 936 1000 
86 126 47 90 353 568 598 874 896 977 
86 126 126 90 445 618 679 807 938 953 
86 86 100 126 625 705 787 824 841 905 
86 86 47 126 435 552 585 646 773 810 
86 86 47 126 691 892 921 932 953 977 
86 86 126 637 649 795 889 912 934 998 
86 86 47 126 420 754 785 830 837 996 
86 86 126 90 89 259 338 381 622 845 
86 126 47 90 298 571 603 737 766 926 
86 126 100 370 498 609 825 860 935 940 
35 126 46 630 47 90 715 840 851 921 
86 126 126 90 330 349 688 760 773 983 
86 86 126 571 596 619 634 655 821 912 
86 86 126 90 469 515 571 625 661 979 
86 126 126 90 685 730 736 761 851 893 
86 126 126 579 698 734 779 815 836 943 
86 86 126 711 724 761 796 871 959 965 
35 86 47 126 384 537 551 568 735 999 
86 126 100 90 579 581 744 773 794 915 
86 86 126 466 597 622 679 703 867 910 
86 126 126 298 348 398 478 734 791 857 
86 59 126 90 362 497 517 769 782 906 
53 22 68 203 243 327 368 696 786 839 
35 46 128 47 271 90 526 672 744 926 
35 53 68 90 542 580 668 807 889 982 
71 46 77 115 423 122 679 907 910 921 
35 105 46 47 704 90 858 906 937 967 
35 1 47 62 100 577 648 666 748 884 
1 94 62 100 219 299 489 507 647 669 
1 35 46 90 47 603 90 764 806 975 
35 46 332 47 90 573 678 770 853 949 
1 62 100 328 467 608 750 754 845 861 
1 35 100 46 617 47 90 812 908 960 
125 46 47 90 237 528 712 740 887 900 
68 32 83 251 253 375 668 809 850 882 
1 62 47 100 522 768 845 855 872 945 
1 35 100 46 388 47 90 793 866 934 
232 312 355 535 553 675 687 796 865 895 
55 35 257 46 47 384 90 691 902 932 
35 71 47 77 115 122 583 888 984 992 
35 46 47 90 90 687 726 750 766 910 
35 46 82 47 90 478 494 553 616 846 
35 123 46 47 90 513 533 700 820 884 
92 35 159 46 47 90 563 755 895 966 
1 46 62 90 100 630 637 660 703 797 
32 35 100 46 384 47 90 772 951 998 
35 35 47 46 47 90 572 581 629 731 
35 46 46 90 47 444 90 713 766 996 
35 46 47 90 90 661 706 712 895 993 
32 83 47 90 516 634 690 790 868 885 
32 231 83 378 450 580 659 759 773 902 
53 68 47 90 215 563 658 716 735 806 
35 62 46 90 47 512 90 584 835 957 
35 35 47 46 47 687 90 856 863 927 
35 46 46 90 47 90 556 743 889 992 
35 46 46 47 669 90 818 887 918 936 
1 35 100 46 47 90 640 721 756 870 
35 35 47 46 47 90 699 867 902 977 
35 46 46 47 558 90 641 679 770 937 
35 46 47 251 90 581 586 672 783 907 
35 35 47 46 47 90 930 966 990 995 
35 35 47 46 789 47 90 955 970 1000 
35 62 46 329 47 90 558 670 702 975 
32 83 47 90 332 422 825 852 867 983 
35 35 47 46 47 695 90 850 932 941 
1 125 100 90 300 356 406 616 670 735 
35 46 46 90 47 90 758 834 907 1000 
35 35 47 46 47 90 519 769 788 814 
125 83 47 90 536 673 703 717 746 781 
35 35 46 47 90 408 694 757 968 977 
35 1 62 90 100 538 578 694 786 887 
35 35 46 90 47 540 90 696 829 994 
35 35 46 47 494 90 703 731 774 962 
35 62 46 199 47 372 90 717 850 960 
35 35 47 46 47 572 90 665 888 894 
1 1 100 62 484 100 598 625 724 997 
35 32 47 83 341 511 594 625 716 738 
35 46 47 90 90 352 457 559 600 851 
35 35 46 90 47 90 372 407 486 982 
35 46 47 90 90 571 604 626 731 860 
96 172 195 338 348 373 470 489 716 852 
35 35 47 46 376 47 90 599 666 903 
109 35 46 47 90 610 620 726 826 873 
1 35 46 47 90 443 547 666 736 974 
35 46 100 47 90 570 599 686 792 916 
131 32 262 83 499 608 734 830 838 999 
35 46 47 90 614 639 658 743 809 866 
35 83 46 47 90 625 732 822 842 907 
32 62 83 255 302 500 520 527 717 825 
32 46 83 90 648 715 737 820 966 976 
35 35 46 90 47 650 90 727 883 892 
13 38 181 316 529 569 637 827 929 930 
1 62 47 100 488 603 696 780 913 962 
35 46 46 47 220 90 629 643 718 958 
35 46 46 47 90 464 662 765 826 926 
35 46 47 399 90 676 692 703 783 833 
35 46 46 90 47 594 90 822 874 914 
53 68 47 90 385 612 626 676 745 783 
35 125 47 90 394 463 505 637 708 971 
1 62 47 100 587 667 744 817 850 853 
281 338 410 589 598 613 701 716 730 733 
1 62 374 100 602 613 694 722 794 890 
35 87 46 47 317 90 757 789 848 880 
35 46 298 47 90 408 538 753 770 872 
306 35 559 46 617 47 90 712 755 860 
35 35 47 46 47 90 760 791 820 997 
35 125 47 90 346 379 447 517 778 856 
35 46 47 90 90 772 880 881 958 962 
32 35 46 170 47 394 90 558 705 908 
32 46 83 90 412 676 726 750 926 936 
35 62 46 288 47 90 737 750 781 862 
24 43 227 265 451 713 867 877 949 955 
125 46 47 90 527 601 635 721 847 868 
53 68 311 530 584 731 759 862 945 982 
180 35 46 47 90 615 624 655 753 917 
35 46 47 47 733 90 808 870 916 951 
32 35 47 46 447 47 90 557 580 670 
35 35 46 90 47 90 425 505 543 837 
35 46 46 90 47 424 90 531 611 768 
35 62 46 47 90 438 450 559 732 961 
227 35 46 472 47 90 623 802 854 890 
158 35 395 46 516 47 90 887 978 990 
1 62 100 427 507 731 896 898 934 998 
35 104 363 120 444 448 526 643 648 980 
125 1 100 62 460 100 739 795 885 911 
35 39 58 424 431 455 524 584 675 919 
1 1 100 62 100 441 664 679 733 881 
1 62 62 100 468 699 715 851 949 966 
4 1 62 615 100 662 689 723 871 978 
1 62 250 100 373 398 526 735 863 891 
1 32 83 377 453 545 557 612 757 953 
56 183 305 412 481 491 659 755 758 837 
430 540 637 674 676 693 703 847 863 876 
113 188 376 390 681 799 938 941 945 977 
62 88 155 210 259 661 796 817 923 950 
32 1 62 100 226 313 536 564 878 893 
1 290 62 100 365 398 478 708 738 903 
1 62 590 100 716 738 806 911 979 996 
10 33 105 191 544 554 593 662 891 960 
115 196 216 301 466 530 673 694 729 940 
1 71 100 77 115 595 122 619 711 744 
18 293 296 523 537 681 709 824 856 961 
1 62 117 100 262 313 372 470 588 805 
41 107 228 416 442 528 584 656 661 760 
203 348 376 410 451 468 735 930 960 1000 
128 1 62 100 489 602 743 754 819 951 
1 62 100 234 366 440 505 760 778 998 
32 80 83 228 236 581 613 703 806 922 
112 1 330 62 100 542 729 815 820 841 
300 32 568 83 687 842 858 967 987 997 
32 51 174 181 225 427 449 472 551 717 
32 36 83 273 324 538 584 673 712 904 
1 32 100 83 573 592 611 652 778 873 
108 115 134 142 299 628 757 836 898 988 
1 62 100 100 467 471 601 602 842 867 
1 251 62 100 572 595 630 663 693 861 
53 156 68 320 350 497 560 677 727 770 
1 125 100 150 305 310 577 627 891 903 
47 1 62 334 100 526 561 599 866 902 
37 62 85 256 328 352 611 616 627 780 
32 83 100 394 450 569 625 654 700 884 
1 140 62 100 724 726 755 760 771 868 
32 83 142 355 485 556 562 635 725 779 
21 56 131 109 451 454 547 568 648 887 
1 1 100 62 665 100 912 914 935 936 
1 62 100 331 405 464 621 674 692 866 
4 125 60 210 368 526 632 645 820 860 
51 65 100 267 342 394 395 728 740 921 
1 62 100 408 421 466 484 510 870 963 
1 223 62 100 387 833 849 891 900 906 
1 62 99 100 290 390 462 817 894 987 
1 159 62 429 100 603 607 684 816 937 
21 157 212 279 560 693 793 823 888 971 
18 91 114 339 356 389 521 594 912 941 
39 1 62 226 100 357 748 849 896 993 
35 85 121 312 393 804 842 868 922 998 
1 53 100 68 353 437 438 483 718 907 
190 315 420 483 490 511 553 726 810 901 
58 64 268 335 451 492 534 610 845 893 
345 398 409 462 686 761 772 840 921 936 
27 163 185 219 221 321 400 489 870 975 
186 343 664 681 737 790 811 865 866 950 
1 1 62 100 434 449 475 571 748 992 
1 125 100 378 398 584 697 776 833 884 
1 125 100 335 342 528 549 621 655 938 
72 327 407 475 571 612 649 742 796 891 
1 1 62 537 100 770 895 901 908 929 
28 126 193 257 318 523 755 806 885 967 
1 62 271 100 478 490 510 616 722 806 
10 1 309 62 100 578 584 632 870 952 
121 156 255 599 623 647 753 761 854 952 
1 125 100 293 483 503 520 764 883 957 
11 13 169 209 221 640 747 856 958 985 
125 121 343 405 606 662 835 943 949 966 
36 70 95 206 325 366 447 550 709 882 
1 1 100 62 521 100 705 777 785 843 
47 1 62 231 100 309 359 504 806 844 
10 18 85 158 501 656 664 833 898 951 
116 32 83 330 477 479 647 668 670 859 
32 83 200 261 340 461 556 587 663 706 
100 1 258 62 547 100 748 768 782 893 
1 62 62 100 570 695 702 704 841 883 
179 367 471 672 674 679 700 731 935 981 
32 26 83 306 342 421 606 701 860 926 
54 62 331 361 376 444 601 665 752 936 
96 132 483 516 581 614 658 750 753 900 
56 62 109 508 517 608 694 727 746 988 
1 62 100 398 522 595 691 717 835 884 
32 83 185 187 215 454 541 825 868 932 
1 104 100 120 285 329 339 526 547 549 
62 103 346 362 390 449 651 669 675 822 
1 126 62 197 100 278 691 769 852 853 
32 77 83 122 361 379 391 626 636 662 
8 203 207 313 570 695 750 797 874 922 
1 191 62 323 100 627 661 777 885 928 
53 62 68 449 471 482 621 636 866 991 
1 62 62 429 100 733 808 822 847 848 
1 400 62 100 650 705 776 849 927 942 
32 83 259 345 504 568 670 736 807 969 
125 62 100 180 238 495 572 587 708 747 
32 31 59 410 490 657 732 809 819 852 
1 1 100 62 100 709 720 816 888 904 
