107 124 124 399 128 447 610 705 771 898 
107 124 128 128 448 670 750 846 850 941 
107 124 124 121 128 123 125 127 725 820 
107 107 128 124 115 128 939 944 949 981 
107 107 124 128 742 744 764 773 904 906 
107 107 124 128 311 463 531 702 783 833 
107 93 124 128 122 123 125 127 650 831 
107 93 124 121 128 123 125 127 795 920 
107 107 128 124 128 638 658 836 910 954 
107 124 124 128 631 658 675 790 808 885 
107 107 128 124 128 633 686 787 805 977 
107 124 128 128 338 446 816 827 961 971 
88 107 118 124 128 123 125 127 981 993 
107 124 124 128 122 123 125 127 859 922 
107 124 124 182 128 280 476 627 965 988 
107 124 128 234 296 354 515 553 700 984 
107 93 124 121 128 123 125 127 579 975 
88 107 118 124 122 128 125 127 764 798 
88 107 118 124 122 128 125 127 889 928 
107 107 128 124 128 321 368 406 787 910 
107 93 124 128 122 123 125 127 657 826 
107 124 128 336 349 506 657 712 717 912 
107 107 124 128 279 518 526 562 820 832 
107 124 128 121 122 123 125 127 960 985 
107 107 128 124 115 128 754 792 953 978 
107 124 128 128 115 432 529 762 824 950 
107 75 124 128 115 545 690 718 906 934 
107 107 128 124 128 123 125 127 970 983 
107 107 128 124 128 123 125 127 769 918 
107 107 128 124 128 757 771 814 889 937 
107 107 128 124 303 128 538 588 865 956 
107 107 128 124 128 289 311 651 776 934 
107 124 128 481 548 719 737 780 807 909 
107 124 124 97 128 553 565 600 756 801 
107 107 124 128 636 758 872 912 956 989 
107 124 118 128 122 123 125 127 767 877 
107 124 128 523 539 655 768 829 861 979 
107 124 124 97 128 533 679 781 813 822 
107 124 128 128 122 123 125 127 866 883 
107 107 128 124 128 382 464 722 843 916 
107 107 128 124 122 128 125 127 785 835 
107 107 124 121 128 123 125 127 914 971 
107 124 128 121 122 123 125 127 716 930 
107 124 118 128 122 123 125 127 865 893 
107 124 128 128 776 829 877 888 902 999 
107 107 124 128 434 447 745 825 874 876 
107 107 124 128 122 123 125 127 866 950 
107 126 124 128 153 361 367 588 622 764 
107 107 128 124 128 573 697 715 889 929 
107 124 124 128 289 426 514 583 670 996 
107 124 124 121 128 123 125 127 654 862 
107 107 124 128 122 123 125 127 782 948 
107 107 128 124 252 128 366 453 496 850 
107 124 128 128 417 425 543 804 854 983 
107 124 128 128 122 123 125 127 880 954 
107 107 124 479 128 767 783 828 862 883 
107 124 128 128 137 203 633 767 858 871 
107 124 128 536 576 578 588 834 873 933 
107 124 128 128 122 123 125 127 858 968 
107 124 128 128 373 385 614 627 656 805 
107 107 128 124 509 128 625 663 807 936 
107 124 128 489 587 601 616 746 747 967 
107 107 128 124 128 123 125 127 835 904 
107 124 128 320 345 380 436 632 817 889 
107 93 124 121 128 123 125 127 776 897 
107 124 124 128 423 439 753 790 877 977 
107 124 128 121 122 123 125 127 904 985 
107 124 91 128 115 347 574 583 701 798 
107 107 128 124 371 128 592 849 967 980 
107 107 128 124 128 399 646 851 894 958 
107 107 128 124 122 128 125 127 946 993 
107 124 128 121 122 123 125 127 899 1000 
107 124 128 437 454 658 767 848 934 966 
107 107 124 128 445 553 574 580 823 992 
107 124 124 97 128 658 766 971 984 986 
107 107 128 124 128 559 641 699 848 965 
107 124 128 128 115 725 958 960 965 973 
107 124 128 128 358 487 673 776 811 947 
107 124 124 491 128 654 814 854 942 977 
107 124 128 128 122 123 125 127 938 1000 
107 124 118 128 122 123 125 127 665 893 
107 107 128 124 460 128 737 866 921 966 
107 124 128 128 443 486 633 681 847 955 
107 107 128 124 115 128 442 462 591 701 
107 107 128 124 395 128 877 909 964 977 
107 107 128 124 586 128 628 636 830 914 
107 93 124 121 128 123 125 127 570 835 
107 107 124 121 128 123 125 127 867 954 
107 107 124 128 507 567 596 644 731 944 
107 124 124 397 128 593 696 815 902 909 
107 107 124 551 128 659 777 821 900 977 
107 124 128 128 685 696 732 923 947 996 
107 124 124 128 594 637 685 689 855 909 
107 107 124 121 128 123 125 127 960 993 
107 107 124 128 190 199 208 400 579 975 
107 107 124 128 122 123 125 127 727 864 
107 107 128 124 128 123 125 127 639 998 
107 107 128 124 128 311 540 636 692 932 
107 107 124 277 128 460 553 627 864 897 
107 107 124 128 122 123 125 127 832 899 
21 88 93 355 118 423 121 122 123 125 127 -2 
88 21 118 121 122 123 125 127 846 954 
88 21 118 121 122 123 125 127 872 988 
88 21 118 121 122 123 125 127 896 958 
21 133 232 297 342 536 558 569 579 1000 
21 131 258 419 501 550 557 677 687 835 
88 21 118 121 122 123 125 127 570 989 
21 93 118 121 122 123 125 127 849 991 
21 93 118 121 122 123 125 127 721 845 
88 21 118 121 122 123 125 127 862 900 
21 93 118 121 122 123 125 127 927 943 
99 21 160 265 295 349 353 682 799 989 
21 93 118 121 122 123 125 127 935 951 
20 21 91 97 115 361 728 771 861 942 
44 21 245 276 302 324 566 708 860 930 
21 209 409 412 433 442 534 591 645 963 
21 132 158 200 287 371 535 885 915 926 
21 21 118 121 122 123 125 127 775 938 
20 21 91 97 115 700 795 806 903 952 
20 21 91 97 115 730 823 901 918 945 
88 21 118 121 122 123 125 127 750 924 
21 93 118 121 122 123 125 127 621 741 
21 21 91 97 115 267 338 710 714 830 
21 93 118 121 122 123 125 127 957 986 
21 93 118 121 122 123 125 127 770 875 
99 88 460 93 118 791 121 122 123 125 127 -2 
88 21 118 121 122 123 125 127 892 925 
21 75 91 97 115 584 640 659 681 925 
21 88 347 93 476 118 121 122 123 125 127 -2 
21 93 118 121 122 123 125 127 855 978 
21 21 377 425 440 705 735 750 886 923 
88 134 93 118 422 121 626 122 123 125 127 -2 
21 93 118 121 122 123 125 127 800 915 
21 368 411 437 467 688 761 853 857 878 
21 82 268 274 307 604 622 889 890 934 
21 93 118 121 122 123 125 127 893 958 
21 75 91 97 115 702 709 740 742 985 
20 21 91 97 115 480 577 846 916 984 
21 274 290 380 543 624 677 825 932 966 
88 21 118 121 122 123 125 127 860 984 
88 20 118 75 91 97 125 115 865 919 
88 21 118 121 122 123 125 127 891 932 
21 111 142 160 194 235 431 493 611 830 
21 126 323 429 542 577 661 670 706 859 
21 160 197 206 340 373 485 673 860 869 
88 21 118 121 122 123 125 127 773 983 
21 21 122 168 298 536 736 842 946 960 
21 126 148 173 279 340 487 533 892 916 
21 21 202 222 247 398 759 891 907 970 
21 21 260 305 412 784 818 861 946 980 
21 350 520 531 573 701 705 808 903 920 
12 107 356 362 488 513 619 675 838 852 
21 93 118 121 122 123 125 127 876 952 
106 21 401 416 523 537 641 685 708 985 
96 21 337 574 651 747 806 877 913 978 
21 21 206 294 416 721 729 792 877 942 
20 21 91 97 115 378 516 963 974 980 
88 21 118 121 122 123 125 127 853 879 
20 21 91 97 115 642 674 704 757 986 
21 138 309 474 530 647 703 855 907 990 
36 21 187 206 276 642 666 672 825 982 
20 21 91 97 115 615 715 747 818 968 
88 21 118 121 122 123 125 127 699 880 
21 88 93 118 218 121 122 491 123 125 127 -2 
21 93 118 121 122 123 125 127 606 645 
88 21 118 121 122 123 125 127 886 999 
21 75 91 97 115 612 675 680 818 849 
21 21 91 97 115 823 838 904 977 1000 
88 21 118 121 122 123 125 127 753 977 
20 88 93 118 121 122 879 123 946 125 127 -2 
20 20 91 75 91 97 115 810 954 969 
88 309 93 118 570 121 122 772 123 125 127 -2 
21 88 93 118 129 121 308 122 123 125 127 -2 
21 21 132 133 145 183 315 333 392 567 
20 21 91 97 115 445 637 673 811 920 
21 93 118 121 122 123 125 127 633 807 
20 21 91 97 115 234 344 645 742 886 
21 93 118 121 122 123 125 127 795 963 
21 21 118 121 122 123 125 127 934 973 
21 93 118 121 122 123 125 127 880 911 
21 21 285 294 321 441 470 851 875 947 
21 70 95 107 137 352 553 607 645 853 
21 93 118 121 122 123 125 127 911 919 
20 53 75 91 263 97 115 566 710 747 
21 75 91 97 115 627 710 717 856 863 
21 31 93 134 196 270 293 316 402 468 
21 21 329 488 562 625 652 693 918 972 
99 18 126 278 286 691 789 810 845 879 
36 103 228 252 326 381 427 726 758 866 
20 21 91 97 115 364 424 808 875 908 
21 196 310 356 446 514 653 695 751 963 
20 21 91 97 115 513 556 665 890 931 
88 93 93 118 122 121 122 123 925 125 127 -2 
20 21 91 97 115 609 650 716 868 988 
21 102 235 256 316 331 504 656 951 996 
21 93 118 121 122 123 125 127 673 805 
21 75 91 97 115 123 125 127 967 988 
21 53 105 165 346 578 740 801 816 896 
21 93 118 121 122 123 125 127 923 928 
88 93 548 118 607 121 122 123 887 125 127 -2 
20 75 75 91 115 97 115 774 926 991 
88 261 93 118 121 122 123 726 125 907 127 -2 
130 237 324 361 624 687 688 708 752 936 
77 92 125 183 330 452 499 654 661 685 
88 75 93 118 115 121 338 122 123 125 127 -2 
36 93 118 121 122 123 125 127 931 940 
20 75 362 91 97 115 659 765 928 955 
20 88 91 93 118 121 122 868 123 125 127 -2 
397 88 93 118 676 121 122 123 125 895 127 -2 
88 196 93 368 118 121 122 710 123 125 127 -2 
88 89 93 118 396 121 122 745 123 125 127 -2 
20 93 75 121 91 123 97 115 914 928 
20 75 91 97 115 115 714 762 807 920 
36 93 118 121 122 123 125 127 856 930 
88 93 118 121 122 123 125 127 942 948 
88 85 93 118 349 121 122 123 125 127 
94 170 286 575 585 599 641 711 712 772 
88 93 118 121 122 122 125 123 125 949 127 -2 
20 20 91 75 91 736 97 115 893 918 
34 88 291 93 118 121 122 488 123 125 127 -2 
54 88 273 93 572 118 121 122 123 125 127 -2 
17 88 93 118 121 507 122 798 123 125 127 -2 
88 93 118 121 121 122 125 123 831 125 127 -2 
20 75 91 189 97 525 115 713 863 910 
29 20 184 75 314 91 97 115 683 760 
20 93 75 91 122 97 125 115 873 875 
20 126 75 378 91 618 97 115 719 975 
19 20 75 91 652 97 801 115 898 963 
20 75 414 91 97 530 115 694 906 981 
88 88 118 93 122 118 121 122 123 125 127 -2 
88 93 118 118 121 123 122 123 125 912 127 -2 
88 20 118 75 91 123 97 115 828 872 
50 129 207 280 397 506 669 747 818 840 
184 387 511 587 657 666 791 904 953 978 
237 20 75 508 91 97 621 115 870 914 
88 93 401 118 121 122 123 764 125 991 127 -2 
95 248 336 470 485 746 810 864 918 960 
88 93 118 118 122 121 122 127 123 125 127 -2 
396 459 590 655 689 712 722 740 805 949 
52 250 251 301 339 413 534 547 663 949 
88 82 118 121 122 123 125 127 913 940 
1 197 281 406 449 525 611 618 690 972 
20 371 75 448 91 97 592 115 726 933 
20 75 517 91 97 747 115 924 933 980 
50 20 197 75 91 97 710 115 905 996 
23 106 136 261 329 578 593 623 638 686 
20 75 91 97 497 115 576 656 715 833 
88 82 118 121 122 123 125 127 977 1000 
99 126 391 479 523 595 718 721 777 965 
88 82 118 121 122 123 125 127 811 883 
82 20 295 75 424 91 97 115 919 925 
88 88 93 121 118 123 121 122 123 125 127 -2 
40 20 75 91 97 115 682 747 896 988 
36 126 232 240 329 437 454 571 592 643 
20 75 171 91 618 97 804 115 910 995 
88 93 118 118 121 123 122 123 125 127 
88 93 118 121 122 122 123 125 127 951 
20 75 91 486 97 603 115 785 799 816 
88 93 118 323 121 122 713 123 884 125 127 -2 
20 88 91 93 118 121 452 122 123 125 127 -2 
103 20 291 75 544 91 97 115 891 914 
90 88 93 280 118 439 121 122 123 125 127 -2 
99 126 346 455 544 614 698 707 930 959 
88 88 93 121 118 123 121 122 123 125 127 -2 
82 93 118 121 122 123 125 127 756 1000 
88 20 75 121 91 123 97 115 938 974 
20 217 75 304 91 735 97 115 937 974 
88 182 93 118 121 623 122 123 125 127 
88 93 118 118 122 121 125 122 123 125 127 -2 
19 34 176 198 328 405 420 469 588 857 
33 88 62 93 308 118 121 122 123 125 127 -2 
88 20 75 121 91 97 115 127 921 958 
229 82 447 459 467 480 535 607 706 838 
5 88 256 93 118 382 121 122 123 125 127 -2 
14 20 118 75 91 97 471 115 727 940 
20 88 91 93 115 118 121 122 123 125 127 -2 
15 88 245 93 436 118 121 122 123 125 127 -2 
20 75 75 97 91 97 751 115 936 1000 
88 88 118 93 122 118 121 122 123 125 127 -2 
20 75 91 91 97 618 115 807 938 953 
88 93 93 118 122 121 125 122 123 125 127 -2 
88 88 93 118 121 122 123 125 773 127 
82 93 118 121 122 123 125 127 953 977 
88 93 588 118 649 121 122 912 123 125 127 -2 
20 82 91 97 115 754 785 830 837 996 
17 20 75 91 89 97 115 381 622 845 
20 75 91 97 97 571 115 737 766 926 
195 88 307 93 498 118 121 122 123 125 127 -2 
88 75 93 118 121 699 122 123 125 127 
88 75 93 118 115 121 688 122 123 125 127 -2 
284 88 93 118 596 121 122 655 123 125 127 -2 
88 93 388 118 469 121 571 122 123 125 127 -2 
60 20 75 91 685 97 115 761 851 893 
88 93 118 579 121 734 122 815 123 125 127 -2 
20 75 75 97 91 97 115 871 959 965 
20 75 118 91 122 97 125 115 735 999 
82 88 93 118 121 581 122 123 125 915 127 -2 
88 93 331 118 121 622 122 703 123 125 127 -2 
39 88 93 118 121 398 122 734 123 125 127 -2 
20 88 93 97 118 497 121 122 123 125 127 -2 
9 20 104 75 243 91 97 115 786 839 
54 20 75 91 271 97 526 115 744 926 
20 75 76 91 542 97 668 115 889 982 
148 199 272 358 423 508 679 907 910 921 
20 105 75 457 91 806 97 115 937 967 
20 20 91 75 91 97 115 666 748 884 
70 94 201 212 219 299 489 507 647 669 
42 189 275 325 364 603 675 764 806 975 
20 75 91 97 115 573 678 770 853 949 
58 20 75 328 91 608 97 115 845 861 
99 20 91 75 115 91 97 115 908 960 
99 20 138 75 91 97 115 740 887 900 
68 179 201 251 253 375 668 809 850 882 
33 243 406 509 522 768 845 855 872 945 
28 20 75 232 91 527 97 115 866 934 
232 82 355 535 553 675 687 796 865 895 
99 126 257 328 373 384 424 691 902 932 
29 20 75 211 91 382 97 115 984 992 
50 20 211 75 91 97 115 750 766 910 
99 126 82 368 431 478 494 553 616 846 
20 123 75 230 91 97 115 700 820 884 
82 99 126 364 491 526 563 755 895 966 
134 143 295 314 459 630 637 660 703 797 
6 107 221 260 384 448 501 772 951 998 
35 60 132 140 364 536 572 581 629 731 
20 95 75 91 396 97 543 115 766 996 
20 20 75 91 97 661 115 712 895 993 
22 51 149 219 516 634 690 790 868 885 
20 20 75 97 91 97 115 759 773 902 
10 20 153 75 91 563 97 115 735 806 
134 20 323 75 496 91 97 115 835 957 
20 126 75 91 294 97 115 856 863 927 
25 84 119 233 326 482 556 743 889 992 
82 20 553 75 91 780 97 115 918 936 
97 82 263 271 376 607 640 721 756 870 
125 326 345 470 512 594 699 867 902 977 
17 104 446 520 558 567 641 679 770 937 
82 161 221 251 255 581 586 672 783 907 
419 20 75 866 91 901 97 115 990 995 
82 406 598 718 789 815 864 955 970 1000 
25 132 237 329 422 497 558 670 702 975 
65 232 246 302 332 422 825 852 867 983 
20 133 177 301 311 695 746 850 932 941 
20 75 225 91 300 97 406 115 670 735 
39 223 460 499 699 746 758 834 907 1000 
20 75 208 91 97 432 115 769 788 814 
82 75 91 97 115 673 703 717 746 781 
5 20 75 91 97 115 694 757 968 977 
36 75 91 97 115 538 578 694 786 887 
86 91 345 365 409 540 595 696 829 994 
20 213 75 91 494 97 703 115 774 962 
11 48 63 199 203 372 436 717 850 960 
21 66 95 201 547 572 602 665 888 894 
20 82 91 97 115 518 598 625 724 997 
20 75 91 270 97 511 115 625 716 738 
13 36 180 269 329 352 457 559 600 851 
20 75 91 282 97 115 372 407 486 982 
65 193 212 366 473 571 604 626 731 860 
20 75 91 338 97 115 470 489 716 852 
20 75 222 91 97 115 554 599 666 903 
109 168 310 430 581 610 620 726 826 873 
34 20 217 75 340 91 97 115 736 974 
20 20 75 91 115 97 115 686 792 916 
131 20 262 75 91 97 115 830 838 999 
203 287 428 548 614 639 658 743 809 866 
82 75 91 97 115 625 732 822 842 907 
20 75 75 97 91 97 115 527 717 825 
82 75 91 97 115 715 737 820 966 976 
20 200 75 255 91 97 703 115 883 892 
13 38 181 316 529 569 637 827 929 930 
99 20 303 75 488 91 97 115 913 962 
20 20 75 97 91 97 115 643 718 958 
10 20 75 329 91 97 115 765 826 926 
113 20 75 399 91 97 115 703 783 833 
122 20 336 75 588 91 97 115 874 914 
99 75 126 97 115 612 626 676 745 783 
17 71 110 233 394 463 505 637 708 971 
40 71 114 242 587 667 744 817 850 853 
20 75 91 97 115 613 701 716 730 733 
230 274 374 469 602 613 694 722 794 890 
35 99 91 126 317 403 757 789 848 880 
99 75 126 97 115 408 538 753 770 872 
306 358 559 574 617 696 710 712 755 860 
20 20 91 75 91 736 97 115 820 997 
89 104 126 313 346 379 447 517 778 856 
157 36 199 255 337 772 880 881 958 962 
127 20 75 170 91 394 97 115 705 908 
149 167 256 333 412 676 726 750 926 936 
35 99 126 288 392 621 737 750 781 862 
99 126 227 265 451 713 867 877 949 955 
53 99 432 126 527 601 635 721 847 868 
82 75 91 97 115 731 759 862 945 982 
82 272 273 444 602 615 624 655 753 917 
239 20 473 75 91 97 115 870 916 951 
18 151 256 397 447 505 547 557 580 670 
82 202 245 283 325 407 425 505 543 837 
41 20 75 91 97 424 115 531 611 768 
82 68 178 215 237 438 450 559 732 961 
20 437 75 91 97 115 623 802 854 890 
158 99 126 415 516 557 569 887 978 990 
66 139 261 427 507 731 896 898 934 998 
35 99 126 404 444 448 526 643 648 980 
84 131 206 287 460 584 739 795 885 911 
35 39 58 424 431 455 524 584 675 919 
40 74 76 267 278 441 664 679 733 881 
135 99 216 126 468 699 715 851 949 966 
99 481 126 615 638 662 689 723 871 978 
4 119 250 360 373 398 526 735 863 891 
82 245 253 377 453 545 557 612 757 953 
56 183 305 412 481 491 659 755 758 837 
430 540 637 674 676 693 703 847 863 876 
36 188 376 390 681 799 938 941 945 977 
62 88 155 210 259 661 796 817 923 950 
7 55 59 172 226 313 536 564 878 893 
98 290 306 341 365 398 478 708 738 903 
304 82 590 687 716 738 806 911 979 996 
10 33 105 191 544 554 593 662 891 960 
115 196 216 301 466 530 673 694 729 940 
60 237 268 427 584 595 602 619 711 744 
18 293 296 523 537 681 709 824 856 961 
2 36 117 184 262 313 372 470 588 805 
41 107 228 416 442 528 584 656 661 760 
203 82 376 410 451 468 735 930 960 1000 
128 213 313 434 489 602 743 754 819 951 
92 36 226 234 366 440 505 760 778 998 
63 80 92 228 236 581 613 703 806 922 
112 146 330 427 495 542 729 815 820 841 
300 464 568 660 687 842 858 967 987 997 
36 51 174 181 225 427 449 472 551 717 
15 36 117 273 324 538 584 673 712 904 
29 135 164 312 573 592 611 652 778 873 
108 115 134 142 299 628 757 836 898 988 
173 205 316 326 467 471 601 602 842 867 
82 251 385 525 572 595 630 663 693 861 
82 156 204 320 350 497 560 677 727 770 
13 41 68 150 305 310 577 627 891 903 
82 113 332 334 357 526 561 599 866 902 
37 62 85 256 328 352 611 616 627 780 
99 82 348 394 450 569 625 654 700 884 
79 140 219 283 724 726 755 760 771 868 
75 97 142 355 485 556 562 635 725 779 
21 114 131 156 451 454 547 568 648 887 
69 82 579 646 665 789 912 914 935 936 
21 143 167 331 405 464 621 674 692 866 
4 55 60 210 368 526 632 645 820 860 
51 65 100 267 342 394 395 728 740 921 
20 316 354 408 421 466 484 510 870 963 
209 223 270 340 387 833 849 891 900 906 
6 56 99 256 290 390 462 817 894 987 
70 159 365 429 525 603 607 684 816 937 
21 157 212 279 560 693 793 823 888 971 
18 91 114 339 356 389 521 594 912 941 
39 95 222 226 254 357 748 849 896 993 
99 126 121 312 393 804 842 868 922 998 
36 139 212 264 353 437 438 483 718 907 
190 315 420 483 490 511 553 726 810 901 
58 64 268 335 451 492 534 610 845 893 
345 398 409 462 686 761 772 840 921 936 
27 163 185 219 221 321 400 489 870 975 
186 343 664 681 737 790 811 865 866 950 
205 330 357 420 434 449 475 571 748 992 
62 86 281 378 398 584 697 776 833 884 
171 36 312 335 342 528 549 621 655 938 
72 99 407 126 571 612 649 742 796 891 
70 202 526 537 685 770 895 901 908 929 
28 99 126 257 318 523 755 806 885 967 
106 233 271 388 478 490 510 616 722 806 
10 69 309 484 510 578 584 632 870 952 
121 156 255 599 623 647 753 761 854 952 
15 153 260 293 483 503 520 764 883 957 
11 13 169 209 221 640 747 856 958 985 
75 99 126 405 606 662 835 943 949 966 
36 70 95 206 325 366 447 550 709 882 
99 350 126 498 521 701 705 777 785 843 
36 59 172 231 289 309 359 504 806 844 
10 18 85 158 501 656 664 833 898 951 
116 142 308 330 477 479 647 668 670 859 
30 88 200 261 340 461 556 587 663 706 
36 243 258 443 547 706 748 768 782 893 
85 131 387 454 570 695 702 704 841 883 
179 367 471 672 674 679 700 731 935 981 
3 82 170 306 342 421 606 701 860 926 
54 62 331 361 376 444 601 665 752 936 
96 132 483 516 581 614 658 750 753 900 
197 218 448 508 517 608 694 727 746 988 
99 246 126 398 522 595 691 717 835 884 
93 82 185 187 215 454 541 825 868 932 
56 127 231 255 285 329 339 526 547 549 
62 82 346 362 390 449 651 669 675 822 
23 82 156 197 253 278 691 769 852 853 
38 36 184 267 361 379 391 626 636 662 
99 82 207 313 570 695 750 797 874 922 
97 191 217 323 396 627 661 777 885 928 
122 316 410 449 471 482 621 636 866 991 
99 168 126 429 713 733 808 822 847 848 
29 400 573 619 650 705 776 849 927 942 
36 63 259 345 504 568 670 736 807 969 
52 75 97 180 238 495 572 587 708 747 
49 152 208 410 490 657 732 809 819 852 
67 227 253 533 682 709 720 816 888 904 
