118 104 92 68 428 447 610 705 771 898 
119 113 367 377 448 670 750 846 850 941 
128 126 116 115 112 78 75 41 725 820 
75 165 319 743 763 923 939 944 949 981 
119 113 487 719 742 744 764 773 904 906 
118 174 188 272 311 463 531 702 783 833 
98 26 260 302 336 368 538 581 650 831 
118 104 92 68 538 594 695 736 795 920 
128 126 116 115 112 78 75 41 910 954 
303 348 434 597 631 658 675 790 808 885 
178 199 281 419 504 633 686 787 805 977 
128 126 116 115 112 78 75 41 961 971 
3 94 166 339 437 448 505 693 981 993 
128 126 116 115 112 78 75 41 859 922 
39 144 162 182 228 280 476 627 965 988 
69 97 127 234 296 354 515 553 700 984 
5 172 241 244 261 317 388 576 579 975 
12 64 376 429 439 584 735 736 764 798 
202 534 564 591 614 733 798 805 889 928 
98 26 203 269 276 321 368 406 787 910 
119 113 198 256 328 376 431 449 657 826 
128 126 116 115 112 78 75 41 717 912 
128 126 116 115 112 78 75 41 820 832 
128 126 116 115 112 78 75 41 960 985 
119 113 429 543 655 657 754 792 953 978 
118 104 92 68 412 432 529 762 824 950 
119 113 244 269 306 545 690 718 906 934 
349 388 556 640 674 680 698 771 970 983 
128 126 116 115 112 78 75 41 769 918 
128 126 116 115 112 78 75 41 889 937 
32 158 175 228 303 324 538 588 865 956 
128 126 116 115 112 78 75 41 776 934 
128 126 116 115 112 78 75 41 807 909 
199 237 241 284 539 553 565 600 756 801 
98 26 584 631 636 758 872 912 956 989 
128 126 116 115 112 78 75 41 767 877 
128 126 116 115 112 78 75 41 861 979 
92 159 334 335 404 533 679 781 813 822 
119 113 566 574 618 641 688 852 866 883 
34 67 85 188 308 382 464 722 843 916 
128 126 116 115 112 78 75 41 785 835 
338 351 439 570 723 752 760 826 914 971 
118 104 92 68 580 587 602 614 716 930 
119 113 405 509 744 828 839 854 865 893 
10 15 142 189 776 829 877 888 902 999 
152 205 334 387 434 447 745 825 874 876 
59 67 292 394 430 447 475 689 866 950 
128 126 116 115 112 78 75 41 622 764 
2 269 280 314 407 573 697 715 889 929 
109 253 255 257 289 426 514 583 670 996 
61 149 208 329 375 450 553 618 654 862 
37 188 197 264 425 549 623 731 782 948 
51 128 139 185 252 272 366 453 496 850 
128 126 116 115 112 78 75 41 854 983 
51 192 263 302 439 511 544 832 880 954 
44 272 369 479 595 767 783 828 862 883 
56 93 102 136 137 203 633 767 858 871 
5 304 435 536 576 578 588 834 873 933 
128 126 116 115 112 78 75 41 858 968 
128 126 116 115 112 78 75 41 656 805 
119 113 456 464 509 532 625 663 807 936 
44 87 290 489 587 601 616 746 747 967 
119 113 146 308 458 616 649 823 835 904 
98 26 288 320 345 380 436 632 817 889 
98 26 182 215 381 383 461 665 776 897 
67 225 317 383 423 439 753 790 877 977 
53 67 245 251 340 470 574 627 904 985 
50 167 214 294 300 347 574 583 701 798 
119 113 197 353 371 427 592 849 967 980 
128 126 116 115 112 78 75 41 894 958 
121 149 165 244 284 545 775 927 946 993 
128 126 116 115 112 78 75 41 899 1000 
98 26 347 437 454 658 767 848 934 966 
128 126 116 115 112 78 75 41 823 992 
128 126 116 115 112 78 75 41 984 986 
78 186 412 461 533 559 641 699 848 965 
128 126 116 115 112 78 75 41 965 973 
128 126 116 115 112 78 75 41 811 947 
128 126 116 115 112 78 75 41 942 977 
128 126 116 115 112 78 75 41 938 1000 
12 63 116 241 243 274 279 353 665 893 
98 26 398 419 460 681 737 866 921 966 
10 57 155 195 443 486 633 681 847 955 
23 53 73 206 346 369 442 462 591 701 
66 131 276 285 395 828 877 909 964 977 
118 104 92 68 586 617 628 636 830 914 
98 26 158 163 189 291 348 414 570 835 
128 126 116 115 112 78 75 41 867 954 
128 126 116 115 112 78 75 41 731 944 
128 126 116 115 112 78 75 41 902 909 
128 126 116 115 112 78 75 41 900 977 
129 171 420 426 685 696 732 923 947 996 
179 328 329 404 594 637 685 689 855 909 
35 77 444 474 652 838 856 863 960 993 
128 126 116 115 112 78 75 41 579 975 
98 26 191 366 444 572 610 650 727 864 
128 126 116 115 112 78 75 41 639 998 
98 26 83 129 217 311 540 636 692 932 
128 126 116 115 112 78 75 41 864 897 
13 98 103 315 344 516 574 584 832 899 
119 113 313 355 422 423 495 639 761 993 
212 312 345 438 542 652 731 745 846 954 
98 26 74 146 494 510 574 807 872 988 
128 126 116 115 112 78 75 41 896 958 
88 133 232 297 342 536 558 569 579 1000 
98 26 258 419 501 550 557 677 687 835 
128 126 116 115 112 78 75 41 570 989 
257 463 573 688 714 731 739 797 849 991 
128 126 116 115 112 78 75 41 721 845 
10 72 158 514 545 609 677 845 862 900 
105 143 271 453 531 616 695 846 927 943 
128 126 116 115 112 78 75 41 799 989 
78 159 280 335 557 641 658 836 935 951 
98 26 246 272 273 361 728 771 861 942 
118 104 92 68 302 324 566 708 860 930 
128 126 116 115 112 78 75 41 645 963 
37 132 158 200 287 371 535 885 915 926 
128 126 116 115 112 78 75 41 775 938 
119 113 412 426 427 700 795 806 903 952 
89 303 489 538 634 730 823 901 918 945 
128 126 116 115 112 78 75 41 750 924 
118 104 92 68 333 342 405 421 621 741 
98 26 133 138 221 267 338 710 714 830 
104 386 589 594 655 657 670 693 957 986 
128 126 116 115 112 78 75 41 770 875 
128 126 116 115 112 78 75 41 954 986 
128 126 116 115 112 78 75 41 892 925 
130 162 220 394 470 584 640 659 681 925 
128 126 116 115 112 78 75 41 836 927 
128 126 116 115 112 78 75 41 855 978 
128 126 116 115 112 78 75 41 886 923 
52 134 283 390 422 533 626 674 716 814 
119 113 344 383 549 616 626 737 800 915 
23 368 411 437 467 688 761 853 857 878 
128 126 116 115 112 78 75 41 890 934 
40 130 267 450 587 751 777 852 893 958 
98 26 386 540 580 702 709 740 742 985 
128 126 116 115 112 78 75 41 916 984 
117 274 290 380 543 624 677 825 932 966 
75 121 457 630 698 759 781 790 860 984 
119 113 28 35 172 730 739 850 865 919 
119 113 391 637 749 780 814 828 891 932 
71 111 142 160 194 235 431 493 611 830 
302 304 323 429 542 577 661 670 706 859 
128 126 116 115 112 78 75 41 860 869 
79 141 197 404 479 574 644 732 773 983 
128 126 116 115 112 78 75 41 946 960 
54 90 148 173 279 340 487 533 892 916 
154 199 202 222 247 398 759 891 907 970 
98 26 260 305 412 784 818 861 946 980 
215 350 520 531 573 701 705 808 903 920 
12 107 356 362 488 513 619 675 838 852 
128 126 116 115 112 78 75 41 876 952 
128 126 116 115 112 78 75 41 708 985 
118 104 92 68 651 747 806 877 913 978 
95 183 206 294 416 721 729 792 877 942 
98 26 50 238 345 378 516 963 974 980 
128 126 116 115 112 78 75 41 853 879 
118 104 92 68 425 642 674 704 757 986 
128 126 116 115 112 78 75 41 907 990 
128 126 116 115 112 78 75 41 825 982 
128 126 116 115 112 78 75 41 818 968 
128 126 116 115 112 78 75 41 699 880 
51 59 143 201 218 292 469 491 835 983 
8 9 215 283 300 356 436 519 606 645 
98 26 491 582 663 739 821 871 886 999 
134 287 407 438 470 612 675 680 818 849 
98 26 180 487 605 823 838 904 977 1000 
117 154 352 357 472 598 609 630 753 977 
128 126 116 115 112 78 75 41 946 954 
119 113 150 190 535 604 755 810 954 969 
98 26 383 411 570 601 650 772 810 922 
128 126 116 115 112 78 75 41 644 871 
128 126 116 115 112 78 75 41 392 567 
119 113 302 347 412 445 637 673 811 920 
128 126 116 115 112 78 75 41 633 807 
128 126 116 115 112 78 75 41 742 886 
118 104 92 68 250 283 725 735 795 963 
122 232 308 475 773 780 855 911 934 973 
98 26 319 322 376 505 608 874 880 911 
128 126 116 115 112 78 75 41 875 947 
128 126 116 115 112 78 75 41 645 853 
128 126 116 115 112 78 75 41 911 919 
3 53 78 147 263 404 526 566 710 747 
118 104 92 68 530 627 710 717 856 863 
5 31 93 134 196 270 293 316 402 468 
180 241 329 488 562 625 652 693 918 972 
118 104 92 68 286 691 789 810 845 879 
128 126 116 115 112 78 75 41 758 866 
119 113 177 227 243 364 424 808 875 908 
110 196 310 356 446 514 653 695 751 963 
128 126 116 115 112 78 75 41 890 931 
210 242 311 318 436 443 486 816 925 943 
128 126 116 115 112 78 75 41 868 988 
25 102 235 256 316 331 504 656 951 996 
118 104 92 68 367 557 652 658 673 805 
127 280 465 476 488 720 836 898 967 988 
128 126 116 115 112 78 75 41 816 896 
111 184 561 617 661 809 892 919 923 928 
119 113 548 589 607 737 812 841 887 978 
118 104 92 68 353 408 451 774 926 991 
253 261 281 394 437 575 719 726 733 907 
128 126 116 115 112 78 75 41 752 936 
128 126 116 115 112 78 75 41 661 685 
128 126 116 115 112 78 75 41 969 998 
128 126 116 115 112 78 75 41 931 940 
205 244 362 422 529 607 659 765 928 955 
118 104 92 68 631 774 810 868 877 937 
397 428 523 649 676 751 818 828 858 895 
128 126 116 115 112 78 75 41 891 989 
128 126 116 115 112 78 75 41 756 861 
207 227 331 407 468 619 738 871 914 928 
98 26 376 493 509 633 714 762 807 920 
128 126 116 115 112 78 75 41 856 930 
101 135 189 254 517 594 642 729 942 948 
40 85 87 182 349 456 622 673 763 979 
94 170 286 575 585 599 641 711 712 772 
128 126 116 115 112 78 75 41 879 949 
282 400 576 629 674 736 745 772 893 918 
34 186 291 325 335 402 427 488 613 712 
54 92 273 357 572 675 683 720 881 900 
17 72 231 397 463 507 668 798 835 996 
98 26 175 380 444 596 800 808 831 886 
92 105 182 189 361 525 576 713 863 910 
98 26 184 219 314 369 473 590 683 760 
128 126 116 115 112 78 75 41 873 875 
128 126 116 115 112 78 75 41 719 975 
128 126 116 115 112 78 75 41 898 963 
119 113 414 475 502 530 616 694 906 981 
119 113 67 179 194 302 403 417 651 708 
38 179 460 666 677 738 821 872 877 912 
98 26 297 386 464 478 494 615 828 872 
119 113 207 280 397 506 669 747 818 840 
128 126 116 115 112 78 75 41 953 978 
128 126 116 115 112 78 75 41 870 914 
128 126 116 115 112 78 75 41 935 991 
128 126 116 115 112 78 75 41 918 960 
119 113 397 469 484 556 833 883 967 997 
396 459 590 655 689 712 722 740 805 949 
128 126 116 115 112 78 75 41 663 949 
26 216 232 257 411 499 679 754 913 940 
1 197 281 406 449 525 611 618 690 972 
118 104 92 68 451 467 592 606 726 933 
119 113 517 520 630 747 897 924 933 980 
98 26 197 321 322 478 710 727 905 996 
23 106 136 261 329 578 593 623 638 686 
128 126 116 115 112 78 75 41 715 833 
128 126 116 115 112 78 75 41 977 1000 
128 126 116 115 112 78 75 41 777 965 
128 126 116 115 112 78 75 41 811 883 
128 126 116 115 112 78 75 41 919 925 
59 124 137 141 161 363 419 649 791 942 
40 79 143 279 461 502 682 747 896 988 
39 215 232 240 329 437 454 571 592 643 
33 78 171 533 618 628 804 889 910 995 
128 126 116 115 112 78 75 41 919 987 
171 254 396 401 475 525 779 871 899 951 
128 126 116 115 112 78 75 41 799 816 
107 153 233 323 528 619 713 782 884 931 
128 126 116 115 112 78 75 41 869 934 
128 126 116 115 112 78 75 41 891 914 
90 136 259 280 289 439 514 781 844 967 
196 315 346 455 544 614 698 707 930 959 
109 159 252 280 296 303 524 557 722 848 
119 113 76 190 207 361 411 739 756 1000 
119 113 100 120 133 166 544 699 938 974 
128 126 116 115 112 78 75 41 937 974 
118 104 92 68 522 623 650 852 866 940 
119 113 47 297 401 527 564 599 648 762 
19 34 176 198 328 405 420 469 588 857 
128 126 116 115 112 78 75 41 940 980 
72 120 142 353 572 645 738 883 921 958 
128 126 116 115 112 78 75 41 706 838 
128 126 116 115 112 78 75 41 836 971 
14 99 118 119 423 462 471 671 727 940 
128 126 116 115 112 78 75 41 912 995 
128 126 116 115 112 78 75 41 749 841 
128 126 116 115 112 78 75 41 936 1000 
128 126 116 115 112 78 75 41 896 977 
1 94 165 307 445 618 679 807 938 953 
119 113 400 458 625 705 787 824 841 905 
128 126 116 115 112 78 75 41 773 810 
119 113 153 454 691 892 921 932 953 977 
128 126 116 115 112 78 75 41 934 998 
128 126 116 115 112 78 75 41 837 996 
128 126 116 115 112 78 75 41 622 845 
128 126 116 115 112 78 75 41 766 926 
119 113 307 370 498 609 825 860 935 940 
30 174 589 630 675 699 715 840 851 921 
119 113 311 319 330 349 688 760 773 983 
128 126 116 115 112 78 75 41 821 912 
128 126 116 115 112 78 75 41 661 979 
119 113 100 545 685 730 736 761 851 893 
351 433 563 579 698 734 779 815 836 943 
55 128 694 711 724 761 796 871 959 965 
24 79 203 267 384 537 551 568 735 999 
62 92 195 550 579 581 744 773 794 915 
229 281 331 466 597 622 679 703 867 910 
128 126 116 115 112 78 75 41 791 857 
10 228 280 325 362 497 517 769 782 906 
128 126 116 115 112 78 75 41 786 839 
118 104 92 68 271 329 526 672 744 926 
128 126 116 115 112 78 75 41 889 982 
119 113 272 358 423 508 679 907 910 921 
128 126 116 115 112 78 75 41 937 967 
128 126 116 115 112 78 75 41 748 884 
128 126 116 115 112 78 75 41 647 669 
128 126 116 115 112 78 75 41 806 975 
128 126 116 115 112 78 75 41 853 949 
58 164 319 328 467 608 750 754 845 861 
187 249 335 556 617 666 784 812 908 960 
118 104 92 68 237 528 712 740 887 900 
118 104 92 68 253 375 668 809 850 882 
119 113 406 509 522 768 845 855 872 945 
118 104 92 68 388 527 588 793 866 934 
128 126 116 115 112 78 75 41 865 895 
128 126 116 115 112 78 75 41 902 932 
29 156 162 211 336 382 583 888 984 992 
50 136 211 487 537 687 726 750 766 910 
3 26 82 368 431 478 494 553 616 846 
128 126 116 115 112 78 75 41 820 884 
92 135 159 364 491 526 563 755 895 966 
134 143 295 314 459 630 637 660 703 797 
6 107 221 260 384 448 501 772 951 998 
35 60 132 140 364 536 572 581 629 731 
8 95 230 270 396 444 543 713 766 996 
17 141 237 381 527 661 706 712 895 993 
119 113 149 219 516 634 690 790 868 885 
128 126 116 115 112 78 75 41 773 902 
128 126 116 115 112 78 75 41 735 806 
128 126 116 115 112 78 75 41 835 957 
128 126 116 115 112 78 75 41 863 927 
128 126 116 115 112 78 75 41 889 992 
128 126 116 115 112 78 75 41 918 936 
97 104 263 271 376 607 640 721 756 870 
128 126 116 115 112 78 75 41 902 977 
128 126 116 115 112 78 75 41 770 937 
18 161 221 251 255 581 586 672 783 907 
419 515 642 866 900 901 930 966 990 995 
128 126 116 115 112 78 75 41 970 1000 
25 132 237 329 422 497 558 670 702 975 
65 232 246 302 332 422 825 852 867 983 
128 126 116 115 112 78 75 41 932 941 
118 104 92 68 300 356 406 616 670 735 
128 126 116 115 112 78 75 41 907 1000 
34 58 208 367 377 432 519 769 788 814 
156 338 386 531 536 673 703 717 746 781 
128 126 116 115 112 78 75 41 968 977 
24 90 140 398 414 538 578 694 786 887 
118 104 92 68 409 540 595 696 829 994 
15 213 282 353 494 538 703 731 774 962 
128 126 116 115 112 78 75 41 850 960 
21 66 95 201 547 572 602 665 888 894 
57 166 195 398 484 518 598 625 724 997 
102 138 144 270 341 511 594 625 716 738 
128 126 116 115 112 78 75 41 600 851 
48 104 143 282 283 326 372 407 486 982 
65 193 212 366 473 571 604 626 731 860 
128 126 116 115 112 78 75 41 716 852 
128 126 116 115 112 78 75 41 666 903 
109 168 310 430 581 610 620 726 826 873 
34 86 217 272 340 443 547 666 736 974 
128 126 116 115 112 78 75 41 792 916 
128 126 116 115 112 78 75 41 838 999 
203 287 428 548 614 639 658 743 809 866 
198 204 325 449 557 625 732 822 842 907 
119 113 253 255 302 500 520 527 717 825 
103 116 312 375 648 715 737 820 966 976 
128 126 116 115 112 78 75 41 883 892 
13 38 181 316 529 569 637 827 929 930 
128 126 116 115 112 78 75 41 913 962 
46 58 70 147 220 227 629 643 718 958 
10 100 110 329 397 464 662 765 826 926 
118 104 92 68 564 676 692 703 783 833 
122 218 336 364 588 594 667 822 874 914 
128 126 116 115 112 78 75 41 745 783 
17 71 110 233 394 463 505 637 708 971 
119 113 114 242 587 667 744 817 850 853 
128 126 116 115 112 78 75 41 730 733 
119 113 374 469 602 613 694 722 794 890 
35 87 91 203 317 403 757 789 848 880 
119 113 298 343 395 408 538 753 770 872 
306 358 559 574 617 696 710 712 755 860 
128 126 116 115 112 78 75 41 820 997 
119 113 126 313 346 379 447 517 778 856 
157 159 199 255 337 772 880 881 958 962 
127 129 137 170 236 394 531 558 705 908 
149 167 256 333 412 676 726 750 926 936 
128 126 116 115 112 78 75 41 781 862 
118 104 92 68 451 713 867 877 949 955 
128 126 116 115 112 78 75 41 847 868 
128 126 116 115 112 78 75 41 945 982 
128 126 116 115 112 78 75 41 753 917 
239 412 473 609 733 747 808 870 916 951 
128 126 116 115 112 78 75 41 580 670 
91 202 245 283 325 407 425 505 543 837 
41 301 319 350 387 424 495 531 611 768 
52 68 178 215 237 438 450 559 732 961 
128 126 116 115 112 78 75 41 854 890 
128 126 116 115 112 78 75 41 978 990 
66 139 261 427 507 731 896 898 934 998 
128 126 116 115 112 78 75 41 648 980 
128 126 116 115 112 78 75 41 885 911 
128 126 116 115 112 78 75 41 675 919 
128 126 116 115 112 78 75 41 733 881 
128 126 116 115 112 78 75 41 949 966 
4 481 484 615 638 662 689 723 871 978 
4 119 250 360 373 398 526 735 863 891 
128 126 116 115 112 78 75 41 757 953 
128 126 116 115 112 78 75 41 758 837 
128 126 116 115 112 78 75 41 863 876 
128 126 116 115 112 78 75 41 945 977 
119 113 155 210 259 661 796 817 923 950 
7 55 59 172 226 313 536 564 878 893 
128 126 116 115 112 78 75 41 738 903 
304 415 590 687 716 738 806 911 979 996 
119 113 105 191 544 554 593 662 891 960 
128 126 116 115 112 78 75 41 729 940 
60 237 268 427 584 595 602 619 711 744 
18 293 296 523 537 681 709 824 856 961 
128 126 116 115 112 78 75 41 588 805 
41 107 228 416 442 528 584 656 661 760 
119 113 376 410 451 468 735 930 960 1000 
128 126 116 115 112 78 75 41 819 951 
119 113 226 234 366 440 505 760 778 998 
128 126 116 115 112 78 75 41 806 922 
112 146 330 427 495 542 729 815 820 841 
300 464 568 660 687 842 858 967 987 997 
32 51 174 181 225 427 449 472 551 717 
119 113 117 273 324 538 584 673 712 904 
128 126 116 115 112 78 75 41 778 873 
128 126 116 115 112 78 75 41 898 988 
128 126 116 115 112 78 75 41 842 867 
128 126 116 115 112 78 75 41 693 861 
119 113 204 320 350 497 560 677 727 770 
118 104 92 68 305 310 577 627 891 903 
47 113 332 334 357 526 561 599 866 902 
119 113 85 256 328 352 611 616 627 780 
128 126 116 115 112 78 75 41 700 884 
79 140 219 283 724 726 755 760 771 868 
119 113 142 355 485 556 562 635 725 779 
21 114 131 156 451 454 547 568 648 887 
128 126 116 115 112 78 75 41 935 936 
128 126 116 115 112 78 75 41 692 866 
128 126 116 115 112 78 75 41 820 860 
128 126 116 115 112 78 75 41 740 921 
20 316 354 408 421 466 484 510 870 963 
209 223 270 340 387 833 849 891 900 906 
6 56 99 256 290 390 462 817 894 987 
128 126 116 115 112 78 75 41 816 937 
128 126 116 115 112 78 75 41 888 971 
119 113 114 339 356 389 521 594 912 941 
39 95 222 226 254 357 748 849 896 993 
119 113 121 312 393 804 842 868 922 998 
128 126 116 115 112 78 75 41 718 907 
190 315 420 483 490 511 553 726 810 901 
128 126 116 115 112 78 75 41 845 893 
345 398 409 462 686 761 772 840 921 936 
128 126 116 115 112 78 75 41 870 975 
186 343 664 681 737 790 811 865 866 950 
205 330 357 420 434 449 475 571 748 992 
62 86 281 378 398 584 697 776 833 884 
171 176 312 335 342 528 549 621 655 938 
72 327 407 475 571 612 649 742 796 891 
70 202 526 537 685 770 895 901 908 929 
128 126 116 115 112 78 75 41 885 967 
119 113 271 388 478 490 510 616 722 806 
10 69 309 484 510 578 584 632 870 952 
118 104 92 68 623 647 753 761 854 952 
15 153 260 293 483 503 520 764 883 957 
128 126 116 115 112 78 75 41 958 985 
128 126 116 115 112 78 75 41 949 966 
36 70 95 206 325 366 447 550 709 882 
128 126 116 115 112 78 75 41 785 843 
128 126 116 115 112 78 75 41 806 844 
119 113 85 158 501 656 664 833 898 951 
128 126 116 115 112 78 75 41 670 859 
30 88 200 261 340 461 556 587 663 706 
100 243 258 443 547 706 748 768 782 893 
128 126 116 115 112 78 75 41 841 883 
128 126 116 115 112 78 75 41 935 981 
119 113 170 306 342 421 606 701 860 926 
128 126 116 115 112 78 75 41 752 936 
96 132 483 516 581 614 658 750 753 900 
197 218 448 508 517 608 694 727 746 988 
128 126 116 115 112 78 75 41 835 884 
93 145 185 187 215 454 541 825 868 932 
128 126 116 115 112 78 75 41 547 549 
128 126 116 115 112 78 75 41 675 822 
23 126 156 197 253 278 691 769 852 853 
118 104 92 68 361 379 391 626 636 662 
128 126 116 115 112 78 75 41 874 922 
128 126 116 115 112 78 75 41 885 928 
122 316 410 449 471 482 621 636 866 991 
128 126 116 115 112 78 75 41 847 848 
118 104 92 68 650 705 776 849 927 942 
128 126 116 115 112 78 75 41 807 969 
52 75 97 180 238 495 572 587 708 747 
128 126 116 115 112 78 75 41 819 852 
119 113 253 533 682 709 720 816 888 904 
