28 72 110 115 115 447 610 705 771 898 
28 14 110 61 448 670 750 846 850 941 
14 14 110 61 147 219 223 237 725 820 
14 61 110 115 763 923 939 944 949 981 
14 14 110 61 126 128 764 773 904 906 
14 61 110 115 126 128 531 702 783 833 
28 72 110 115 336 368 538 581 650 831 
14 14 61 115 538 594 695 736 795 920 
14 61 257 351 494 638 658 836 910 954 
14 61 110 115 631 658 675 790 808 885 
14 28 281 72 110 633 115 787 805 977 
14 14 110 61 338 446 816 827 961 971 
21 61 79 87 437 122 126 128 981 993 
28 14 61 115 514 597 607 725 859 922 
14 14 110 61 228 280 476 627 965 988 
14 14 127 61 296 354 515 553 700 984 
14 72 61 115 261 317 388 576 579 975 
14 61 87 122 126 128 735 736 764 798 
14 28 110 72 110 115 798 805 889 928 
14 14 87 61 126 128 368 406 787 910 
125 14 61 115 328 376 431 449 657 826 
28 72 110 110 115 506 657 712 717 912 
28 14 110 61 279 518 526 562 820 832 
14 28 72 115 110 115 738 746 960 985 
14 61 61 115 655 657 754 792 953 978 
14 21 110 79 412 87 122 126 128 950 
14 61 110 115 306 545 690 718 906 934 
14 61 87 122 126 128 698 771 970 983 
28 14 61 115 253 306 437 447 769 918 
14 28 110 72 110 115 771 814 889 937 
28 72 110 122 115 128 538 588 865 956 
21 14 61 122 126 128 311 651 776 934 
14 61 110 115 548 719 737 780 807 909 
14 61 241 284 539 553 565 600 756 801 
28 72 584 110 115 758 872 912 956 989 
14 79 61 122 126 128 658 661 767 877 
14 14 61 523 539 655 768 829 861 979 
14 14 110 61 404 533 679 781 813 822 
14 14 110 61 618 641 688 852 866 883 
14 61 85 188 308 382 464 722 843 916 
14 61 110 115 436 446 556 603 785 835 
14 61 439 570 723 752 760 826 914 971 
14 14 87 61 126 128 602 614 716 930 
28 72 72 110 115 828 839 854 865 893 
14 61 110 115 776 829 877 888 902 999 
14 61 87 122 126 128 745 825 874 876 
28 107 112 115 120 127 475 689 866 950 
14 14 61 115 153 361 367 588 622 764 
14 61 110 115 407 573 697 715 889 929 
14 14 110 61 289 426 514 583 670 996 
28 72 110 110 115 450 553 618 654 862 
14 72 61 115 126 128 623 731 782 948 
14 61 120 127 126 128 366 453 496 850 
14 61 61 115 417 425 543 804 854 983 
14 72 61 115 439 511 544 832 880 954 
14 61 61 479 595 767 783 828 862 883 
14 61 61 115 137 203 633 767 858 871 
14 61 61 115 576 578 588 834 873 933 
14 61 110 115 755 768 811 849 858 968 
28 14 110 61 373 385 614 627 656 805 
14 14 110 61 509 532 625 663 807 936 
14 14 61 115 587 601 616 746 747 967 
14 72 61 115 126 128 649 823 835 904 
14 14 110 61 345 380 436 632 817 889 
14 14 61 115 381 383 461 665 776 897 
28 72 72 115 110 439 115 790 877 977 
14 61 61 122 126 128 574 627 904 985 
28 14 110 61 300 347 574 583 701 798 
14 28 72 122 110 115 592 849 967 980 
14 14 61 122 126 128 646 851 894 958 
14 61 87 122 126 128 775 927 946 993 
14 61 110 115 476 483 786 813 899 1000 
14 14 61 437 454 658 767 848 934 966 
28 14 110 61 445 553 574 580 823 992 
14 14 61 337 515 658 766 971 984 986 
28 61 72 461 110 559 115 699 848 965 
14 14 61 115 670 725 958 960 965 973 
14 61 164 292 358 487 673 776 811 947 
28 72 100 110 581 115 814 854 942 977 
14 14 61 127 814 852 874 928 938 1000 
28 14 61 115 243 274 279 353 665 893 
14 61 61 115 460 681 737 866 921 966 
14 61 61 122 126 128 633 681 847 955 
28 14 61 115 346 369 442 462 591 701 
14 61 61 115 395 828 877 909 964 977 
14 14 405 61 586 617 628 636 830 914 
14 61 87 122 126 128 348 414 570 835 
14 28 239 72 403 110 115 499 867 954 
14 14 61 115 507 567 596 644 731 944 
14 61 61 122 126 128 696 815 902 909 
28 72 110 551 115 659 777 821 900 977 
14 61 110 115 685 696 732 923 947 996 
14 61 61 115 594 637 685 689 855 909 
21 14 87 61 126 128 856 863 960 993 
14 14 110 61 190 199 208 400 579 975 
14 61 61 115 444 572 610 650 727 864 
21 14 87 61 126 128 421 578 639 998 
14 61 110 115 217 311 540 636 692 932 
14 14 61 115 458 460 553 627 864 897 
21 14 87 61 126 128 574 584 832 899 
28 72 110 110 115 128 495 639 761 993 
28 28 110 72 110 115 731 745 846 954 
21 72 79 115 87 510 122 126 128 988 
28 28 72 115 110 128 115 784 896 958 
28 28 72 110 115 128 558 569 579 1000 
21 28 87 72 126 110 115 677 687 835 
21 79 79 87 126 122 126 128 570 989 
28 72 87 110 115 128 739 797 849 991 
21 28 87 72 110 115 371 391 721 845 
28 72 72 110 126 115 677 845 862 900 
28 72 72 115 110 115 695 846 927 943 
28 72 72 115 110 128 115 682 799 989 
28 28 110 72 126 110 115 836 935 951 
28 72 72 110 115 361 728 771 861 942 
28 28 110 72 302 110 115 708 860 930 
28 72 110 115 126 128 534 591 645 963 
28 72 110 110 287 115 535 885 915 926 
107 28 72 110 512 115 700 774 775 938 
28 28 110 72 110 128 115 806 903 952 
28 28 110 72 126 110 115 901 918 945 
28 72 72 110 635 115 702 729 750 924 
28 72 72 115 110 115 405 421 621 741 
28 21 79 115 87 267 122 126 128 830 
28 28 110 72 126 110 115 693 957 986 
28 28 72 110 115 128 540 707 770 875 
28 72 72 115 110 791 115 855 954 986 
28 72 110 110 596 115 864 889 892 925 
28 72 72 115 110 128 115 659 681 925 
28 72 110 110 126 115 809 822 836 927 
21 79 79 122 87 128 122 126 128 978 
28 21 79 87 122 128 126 750 128 923 
28 72 72 110 126 115 626 674 716 814 
28 72 110 110 126 115 626 737 800 915 
28 28 110 72 467 110 115 853 857 878 
28 72 72 110 115 128 622 889 890 934 
28 28 72 115 110 115 777 852 893 958 
28 79 72 122 110 115 709 740 742 985 
28 28 110 72 110 115 577 846 916 984 
123 28 87 72 126 110 115 825 932 966 
21 28 72 122 110 128 115 790 860 984 
28 72 87 110 115 128 739 850 865 919 
28 28 110 72 110 780 115 828 891 932 
28 28 72 115 110 115 431 493 611 830 
28 28 110 72 110 115 661 670 706 859 
21 28 72 122 110 128 115 673 860 869 
21 28 87 72 110 128 115 732 773 983 
28 28 72 115 110 115 736 842 946 960 
28 72 72 115 110 340 115 533 892 916 
28 28 72 110 115 398 759 891 907 970 
28 21 110 79 87 122 818 126 128 980 
28 72 110 110 115 128 705 808 903 920 
28 79 72 110 115 128 619 675 838 852 
28 72 110 110 115 765 792 816 876 952 
28 72 110 115 115 537 641 685 708 985 
28 72 72 115 110 128 115 877 913 978 
28 28 72 115 110 115 729 792 877 942 
28 72 72 110 115 378 516 963 974 980 
28 72 72 110 115 128 692 850 853 879 
28 28 110 72 126 110 115 704 757 986 
28 72 72 110 115 128 703 855 907 990 
28 72 110 110 115 642 666 672 825 982 
28 72 72 115 110 128 115 747 818 968 
28 72 72 115 110 128 115 580 699 880 
21 28 87 72 110 128 115 491 835 983 
28 72 110 115 126 128 436 519 606 645 
28 79 72 122 110 115 821 871 886 999 
28 28 110 72 470 110 115 680 818 849 
28 79 72 122 110 128 115 904 977 1000 
28 28 110 72 110 115 609 630 753 977 
28 72 72 115 110 115 879 912 946 954 
28 28 72 115 110 604 115 810 954 969 
107 112 110 120 126 127 650 772 810 922 
28 72 72 110 115 128 308 535 644 871 
28 72 72 110 115 183 315 333 392 567 
28 28 110 72 110 115 637 673 811 920 
21 79 87 122 126 126 515 128 633 807 
21 28 72 122 110 128 115 645 742 886 
28 79 72 122 110 128 115 735 795 963 
28 72 110 122 115 128 855 911 934 973 
28 28 72 110 126 115 608 874 880 911 
21 72 79 87 122 126 128 851 875 947 
28 72 110 110 115 352 553 607 645 853 
28 72 110 115 115 128 535 871 911 919 
28 28 72 115 110 404 115 566 710 747 
21 79 110 87 122 126 710 128 856 863 
28 72 110 115 126 128 293 316 402 468 
21 79 79 122 87 122 652 126 128 972 
28 72 72 115 110 115 789 810 845 879 
21 21 87 79 87 122 427 126 128 866 
28 72 110 110 126 115 424 808 875 908 
28 28 110 72 110 115 653 695 751 963 
28 79 72 122 110 115 556 665 890 931 
28 79 72 110 126 115 486 816 925 943 
28 72 110 110 115 609 650 716 868 988 
28 28 110 72 316 110 115 656 951 996 
28 79 72 110 115 128 652 658 673 805 
28 28 72 110 488 115 836 898 967 988 
21 28 87 72 126 110 115 801 816 896 
28 21 79 115 87 809 122 126 128 928 
21 28 72 110 115 128 812 841 887 978 
21 79 79 122 87 122 451 126 128 991 
21 79 79 122 87 122 126 128 733 907 
21 21 79 122 87 122 126 128 752 936 
21 21 87 79 87 122 499 126 128 685 
21 21 87 79 87 122 126 681 128 998 
21 79 79 122 87 122 760 126 128 940 
21 79 362 87 122 607 126 128 928 955 
21 21 79 122 87 128 122 126 128 937 
21 79 79 87 122 128 126 828 128 895 
21 79 79 122 87 122 126 128 891 989 
21 79 79 122 87 128 122 126 128 861 
21 79 79 87 122 128 126 871 128 928 
21 125 87 122 126 128 714 762 807 920 
21 79 79 122 87 122 676 126 128 930 
21 79 189 87 122 126 642 128 942 948 
107 112 87 120 127 128 622 673 763 979 
21 21 79 87 126 122 641 126 128 772 
107 21 79 127 87 668 122 126 128 949 
21 79 87 87 126 122 126 128 893 918 
21 21 79 87 126 122 427 126 128 712 
21 21 87 79 87 128 122 126 128 900 
21 79 79 87 126 122 126 128 835 996 
21 21 87 79 126 87 122 126 128 886 
21 79 79 87 126 122 126 128 863 910 
21 21 87 79 87 122 473 126 128 760 
21 21 87 79 87 128 122 126 128 875 
21 21 87 79 126 87 122 126 128 975 
21 21 87 79 87 128 122 126 128 963 
21 79 79 122 87 128 122 126 128 981 
21 21 79 122 87 122 126 128 651 708 
21 79 79 87 126 122 126 872 128 912 
21 21 87 79 87 128 122 126 128 872 
21 79 79 87 126 122 126 747 128 840 
21 21 79 122 87 122 791 126 128 978 
21 112 79 127 87 122 621 126 128 914 
21 21 87 79 87 128 122 126 128 991 
21 107 87 112 120 127 810 864 918 960 
21 79 79 122 87 122 833 126 128 997 
107 112 120 127 126 128 722 740 805 949 
21 21 79 87 122 128 126 547 128 949 
21 21 87 79 126 87 122 126 128 940 
21 79 87 122 122 128 126 128 690 972 
21 21 79 122 87 122 592 126 128 933 
21 21 87 79 87 122 897 126 128 980 
50 21 197 79 87 122 710 126 128 996 
21 21 87 79 87 128 122 126 128 686 
21 79 87 87 126 122 126 656 128 833 
21 21 87 79 87 122 126 128 977 1000 
21 79 79 122 87 122 126 721 128 965 
107 21 79 87 545 122 626 126 128 883 
21 79 87 122 122 128 126 128 919 925 
21 79 79 87 126 122 419 126 128 942 
21 79 87 122 461 126 682 128 896 988 
21 107 87 112 120 128 127 571 592 643 
21 79 79 122 87 122 804 126 128 995 
125 79 87 122 126 128 400 491 919 987 
21 79 87 87 122 126 779 128 899 951 
265 21 379 79 598 87 122 126 128 816 
21 79 87 122 126 128 713 782 884 931 
21 79 79 122 87 122 126 685 128 934 
21 79 79 87 126 122 126 128 891 914 
21 79 87 87 126 122 126 781 128 967 
21 21 79 87 126 122 126 128 930 959 
21 21 79 87 122 126 128 557 722 848 
21 21 87 79 126 87 122 126 128 1000 
21 79 87 120 122 126 544 128 938 974 
21 21 79 87 122 126 743 128 937 974 
21 79 79 87 122 128 126 852 128 940 
21 79 79 122 87 122 126 128 648 762 
19 21 176 79 328 87 122 126 128 857 
21 79 87 122 122 126 128 929 940 980 
21 79 79 122 87 128 122 126 128 958 
21 79 79 87 126 122 126 128 706 838 
21 79 79 87 122 126 128 733 836 971 
21 21 79 87 122 128 126 671 128 940 
21 21 87 79 87 122 676 126 128 995 
21 21 87 79 87 128 122 126 128 841 
107 112 87 120 127 128 751 878 936 1000 
21 107 112 120 127 128 598 874 896 977 
21 21 79 122 87 122 679 126 128 953 
53 21 79 458 87 122 787 126 128 905 
21 107 87 112 120 127 585 646 773 810 
21 21 79 122 87 128 122 126 128 977 
21 21 87 79 126 87 122 126 128 998 
107 79 112 120 126 127 785 830 837 996 
21 79 87 122 122 128 126 128 622 845 
21 79 87 87 122 128 126 128 766 926 
21 79 87 122 122 126 825 128 935 940 
21 79 87 122 122 128 126 840 128 921 
21 79 79 87 122 126 128 760 773 983 
21 79 79 122 87 128 122 126 128 912 
21 79 87 87 126 122 126 625 128 979 
125 112 120 127 126 128 736 761 851 893 
21 79 87 122 122 128 126 815 128 943 
21 21 87 79 126 87 122 126 128 965 
21 79 79 122 87 128 122 126 128 999 
21 21 87 79 126 87 122 126 128 915 
21 79 79 87 122 126 128 703 867 910 
21 21 87 79 126 87 122 126 128 857 
21 79 87 122 122 128 126 769 128 906 
107 112 112 127 120 327 127 696 786 839 
54 107 128 112 271 120 127 672 744 926 
16 125 76 179 542 580 668 807 889 982 
148 199 272 358 423 508 679 907 910 921 
87 105 342 457 704 806 858 906 937 967 
94 107 112 416 120 577 127 666 748 884 
107 94 112 120 219 127 489 507 647 669 
42 189 275 325 364 603 675 764 806 975 
86 224 332 416 419 573 678 770 853 949 
107 112 112 127 120 127 750 754 845 861 
187 107 335 112 617 120 127 812 908 960 
11 46 138 209 237 528 712 740 887 900 
68 179 201 251 253 375 668 809 850 882 
125 243 406 509 522 768 845 855 872 945 
28 107 112 232 120 527 127 793 866 934 
232 312 355 535 553 675 687 796 865 895 
125 69 257 328 373 384 424 691 902 932 
107 107 112 120 336 127 583 888 984 992 
50 136 211 487 537 687 726 750 766 910 
3 107 82 112 431 120 127 553 616 846 
7 123 140 230 506 513 533 700 820 884 
92 135 159 364 491 526 563 755 895 966 
134 143 295 314 459 630 637 660 703 797 
6 107 221 260 384 448 501 772 951 998 
35 107 132 112 120 127 572 581 629 731 
8 95 230 270 396 444 543 713 766 996 
17 125 237 381 527 661 706 712 895 993 
107 125 120 127 516 634 690 790 868 885 
138 125 364 378 450 580 659 759 773 902 
107 112 120 127 127 563 658 716 735 806 
134 180 323 488 496 512 519 584 835 957 
107 49 112 120 127 687 692 856 863 927 
107 112 119 120 326 127 556 743 889 992 
257 123 553 645 669 780 818 887 918 936 
97 107 112 271 120 127 640 721 756 870 
125 326 345 470 512 594 699 867 902 977 
107 112 446 120 558 127 641 679 770 937 
18 161 221 251 255 581 586 672 783 907 
125 112 120 127 900 901 930 966 990 995 
107 112 120 127 789 815 864 955 970 1000 
107 132 112 329 120 497 127 670 702 975 
107 232 112 120 332 127 825 852 867 983 
20 123 177 301 311 695 746 850 932 941 
78 107 112 251 120 356 127 616 670 735 
125 112 120 127 699 746 758 834 907 1000 
107 107 120 112 377 120 127 769 788 814 
107 107 120 112 536 120 127 717 746 781 
125 125 75 223 293 408 694 757 968 977 
24 105 140 398 414 538 578 694 786 887 
86 91 345 365 409 540 595 696 829 994 
15 213 282 353 494 538 703 731 774 962 
11 107 63 112 203 120 127 717 850 960 
21 66 95 201 547 572 602 665 888 894 
57 166 195 398 484 518 598 625 724 997 
102 138 144 270 341 511 594 625 716 738 
107 112 120 269 127 352 457 559 600 851 
125 112 120 127 283 326 372 407 486 982 
125 107 212 112 473 120 127 626 731 860 
107 107 112 120 348 127 470 489 716 852 
123 112 120 127 376 446 554 599 666 903 
109 168 310 430 581 610 620 726 826 873 
34 86 217 272 340 443 547 666 736 974 
37 285 296 474 476 570 599 686 792 916 
125 174 262 408 499 608 734 830 838 999 
203 287 428 548 614 639 658 743 809 866 
107 204 112 449 120 625 127 822 842 907 
85 213 253 255 302 500 520 527 717 825 
103 116 312 375 648 715 737 820 966 976 
94 200 219 255 304 650 703 727 883 892 
107 107 120 112 529 120 127 827 929 930 
99 107 303 112 488 120 127 780 913 962 
107 107 120 112 120 227 127 643 718 958 
10 100 110 329 397 464 662 765 826 926 
107 112 120 127 564 676 692 703 783 833 
122 218 336 364 588 594 667 822 874 914 
107 59 112 120 385 127 626 676 745 783 
107 112 120 127 394 463 505 637 708 971 
40 71 114 242 587 667 744 817 850 853 
281 107 410 112 598 120 127 716 730 733 
230 107 112 120 127 613 694 722 794 890 
107 112 91 120 317 127 757 789 848 880 
1 193 298 343 395 408 538 753 770 872 
306 358 559 574 617 696 710 712 755 860 
279 125 477 521 594 736 760 791 820 997 
89 104 126 313 346 379 447 517 778 856 
157 159 199 255 337 772 880 881 958 962 
105 112 120 127 236 394 531 558 705 908 
149 107 256 112 120 127 726 750 926 936 
35 183 225 288 392 621 737 750 781 862 
24 43 227 265 451 713 867 877 949 955 
53 74 432 453 527 601 635 721 847 868 
123 107 311 112 584 120 127 862 945 982 
180 272 273 444 602 615 624 655 753 917 
107 412 112 609 120 747 127 870 916 951 
18 151 256 397 447 505 547 557 580 670 
91 202 245 283 325 407 425 505 543 837 
41 301 319 350 387 424 495 531 611 768 
123 68 178 215 237 438 450 559 732 961 
227 437 448 472 519 530 623 802 854 890 
107 112 120 120 127 557 569 887 978 990 
66 139 261 427 507 731 896 898 934 998 
35 338 363 404 444 448 526 643 648 980 
84 131 206 287 460 584 739 795 885 911 
105 39 58 424 431 455 524 584 675 919 
40 105 76 267 278 441 664 679 733 881 
123 206 216 367 468 699 715 851 949 966 
4 481 484 615 638 662 689 723 871 978 
4 119 250 360 373 398 526 735 863 891 
27 245 253 377 453 545 557 612 757 953 
56 183 305 412 481 491 659 755 758 837 
125 540 637 674 676 693 703 847 863 876 
113 188 376 390 681 799 938 941 945 977 
62 125 155 210 259 661 796 817 923 950 
105 55 59 172 226 313 536 564 878 893 
125 290 306 341 365 398 478 708 738 903 
123 415 590 687 716 738 806 911 979 996 
10 125 105 191 544 554 593 662 891 960 
115 196 216 301 466 530 673 694 729 940 
125 237 268 427 584 595 602 619 711 744 
18 293 296 523 537 681 709 824 856 961 
2 24 117 184 262 313 372 470 588 805 
41 107 228 416 442 528 584 656 661 760 
203 348 376 410 451 468 735 930 960 1000 
128 125 313 434 489 602 743 754 819 951 
22 173 226 234 366 440 505 760 778 998 
63 80 92 228 236 581 613 703 806 922 
9 146 60 75 98 114 729 815 820 841 
300 464 568 660 687 842 858 967 987 997 
32 51 174 181 225 427 449 472 551 717 
15 36 117 273 324 538 584 673 712 904 
29 135 164 312 573 592 611 652 778 873 
108 115 134 142 299 628 757 836 898 988 
173 205 316 326 467 471 601 602 842 867 
125 83 385 525 572 595 630 663 693 861 
91 125 204 320 350 497 560 677 727 770 
13 41 68 150 305 310 577 627 891 903 
47 125 332 334 357 526 561 599 866 902 
37 62 85 256 328 352 611 616 627 780 
94 198 348 394 450 569 625 654 700 884 
79 140 219 283 724 726 755 760 771 868 
75 97 142 355 485 556 562 635 725 779 
21 114 131 156 451 454 547 568 648 887 
69 341 579 646 665 789 912 914 935 936 
105 125 167 331 405 464 621 674 692 866 
4 55 60 210 368 526 632 645 820 860 
51 65 100 267 342 394 395 728 740 921 
20 316 354 408 421 466 484 510 870 963 
209 223 270 340 387 833 849 891 900 906 
6 56 99 256 290 390 462 817 894 987 
70 159 365 429 525 603 607 684 816 937 
125 157 212 279 560 693 793 823 888 971 
18 91 114 339 356 389 521 594 912 941 
125 95 222 226 254 357 748 849 896 993 
35 85 121 312 393 804 842 868 922 998 
116 139 212 264 353 437 438 483 718 907 
190 315 420 483 490 511 553 726 810 901 
58 125 268 335 451 492 534 610 845 893 
345 398 409 462 686 761 772 840 921 936 
27 163 185 219 221 321 400 489 870 975 
186 343 664 681 737 790 811 865 866 950 
205 105 357 420 434 449 475 571 748 992 
62 86 281 378 398 584 697 776 833 884 
171 176 312 335 342 528 549 621 655 938 
72 327 407 475 571 612 649 742 796 891 
70 125 526 537 685 770 895 901 908 929 
105 126 193 257 318 523 755 806 885 967 
106 233 271 388 478 490 510 616 722 806 
10 69 309 484 510 578 584 632 870 952 
121 156 255 599 623 647 753 761 854 952 
15 153 260 293 483 503 520 764 883 957 
11 13 169 209 221 640 747 856 958 985 
123 121 343 405 606 662 835 943 949 966 
36 123 95 206 325 366 447 550 709 882 
40 350 456 498 521 701 705 777 785 843 
47 59 172 231 289 309 359 504 806 844 
10 18 85 158 501 656 664 833 898 951 
116 125 308 330 477 479 647 668 670 859 
30 88 200 261 340 461 556 587 663 706 
100 243 258 443 547 706 748 768 782 893 
85 131 387 454 570 695 702 704 841 883 
105 367 471 672 674 679 700 731 935 981 
3 26 170 306 342 421 606 701 860 926 
54 62 331 361 376 444 601 665 752 936 
96 132 483 516 581 614 658 750 753 900 
197 218 448 508 517 608 694 727 746 988 
20 246 318 398 522 595 691 717 835 884 
93 125 185 187 215 454 541 825 868 932 
56 127 231 255 285 329 339 526 547 549 
105 103 346 362 390 449 651 669 675 822 
23 125 156 197 253 278 691 769 852 853 
38 96 184 267 361 379 391 626 636 662 
8 125 207 313 570 695 750 797 874 922 
97 191 217 323 396 627 661 777 885 928 
122 316 410 449 471 482 621 636 866 991 
125 60 75 98 114 733 808 822 847 848 
105 400 573 619 650 705 776 849 927 942 
36 63 259 345 504 568 670 736 807 969 
52 75 97 180 238 495 572 587 708 747 
49 152 208 410 490 657 732 809 819 852 
125 125 253 533 682 709 720 816 888 904 
