26 26 98 112 115 116 126 128 771 898 
26 26 78 98 115 116 126 128 850 941 
26 26 78 98 115 116 126 128 725 820 
26 26 98 743 763 923 939 944 949 981 
26 98 98 127 115 116 126 128 904 906 
26 98 98 112 115 116 126 128 783 833 
26 98 98 112 115 116 126 128 650 831 
26 75 98 112 115 116 126 128 795 920 
26 26 78 98 115 116 126 128 910 954 
26 26 117 98 115 116 126 128 808 885 
26 26 98 125 115 116 126 128 805 977 
26 98 78 112 115 116 126 128 961 971 
26 98 78 112 115 116 126 128 981 993 
26 98 78 112 115 116 126 128 859 922 
26 98 98 182 228 280 476 627 965 988 
26 98 117 125 115 116 126 128 700 984 
26 26 241 98 261 317 388 576 579 975 
26 98 376 429 439 584 735 736 764 798 
26 98 98 112 115 116 126 128 889 928 
26 98 98 112 115 116 126 128 787 910 
26 98 78 112 115 116 126 128 657 826 
26 26 78 98 115 116 126 128 717 912 
26 98 78 112 115 116 126 128 820 832 
26 98 98 112 115 116 126 128 960 985 
26 98 78 112 115 116 126 128 953 978 
26 98 78 112 115 116 126 128 824 950 
26 98 117 125 306 545 690 718 906 934 
26 26 98 112 115 116 126 128 970 983 
26 26 98 112 115 116 126 128 769 918 
26 26 78 98 115 116 126 128 889 937 
26 98 98 112 115 116 126 128 865 956 
26 75 98 112 115 116 126 128 776 934 
41 98 75 78 115 112 126 115 116 126 128 -2 
26 26 98 112 115 116 126 128 756 801 
26 26 98 112 115 116 126 128 956 989 
26 98 78 112 115 116 126 128 767 877 
26 26 78 98 115 116 126 128 861 979 
26 26 334 98 404 533 679 781 813 822 
26 98 98 112 115 116 126 128 866 883 
26 26 85 98 308 382 464 722 843 916 
26 26 78 98 115 116 126 128 785 835 
26 26 78 98 115 116 126 128 914 971 
26 98 104 118 580 587 602 614 716 930 
26 113 78 119 115 116 126 128 865 893 
26 98 78 112 115 116 126 128 902 999 
26 26 78 98 115 116 126 128 874 876 
26 98 78 112 115 116 126 128 866 950 
26 26 78 98 115 116 126 128 622 764 
26 75 98 112 115 116 126 128 889 929 
26 98 78 112 115 116 126 128 670 996 
26 26 98 112 115 116 126 128 654 862 
26 98 98 112 115 116 126 128 782 948 
26 98 98 185 252 272 366 453 496 850 
26 98 98 112 115 116 126 128 854 983 
26 26 98 118 439 511 544 832 880 954 
26 26 98 479 595 767 783 828 862 883 
26 98 98 112 115 116 126 128 858 871 
26 26 98 112 115 116 126 128 873 933 
26 98 98 112 115 116 126 128 858 968 
26 98 98 112 115 116 126 128 656 805 
26 98 78 112 115 116 126 128 807 936 
26 26 98 112 115 116 126 128 747 967 
26 98 146 308 458 616 649 823 835 904 
26 26 78 98 115 116 126 128 817 889 
26 26 98 112 115 116 126 128 776 897 
26 75 98 112 115 116 126 128 877 977 
26 98 98 112 115 116 126 128 904 985 
26 98 78 112 115 116 126 128 701 798 
26 26 98 353 371 427 592 849 967 980 
26 26 98 112 115 116 126 128 894 958 
26 26 98 112 115 116 126 128 946 993 
41 98 75 78 115 112 126 115 116 126 128 -2 
26 26 78 98 115 116 126 128 934 966 
26 98 98 112 115 116 126 128 823 992 
26 26 98 112 115 116 126 128 984 986 
26 75 98 112 115 116 126 128 848 965 
26 26 98 127 115 116 126 128 965 973 
26 26 78 98 115 116 126 128 811 947 
26 98 98 112 115 116 126 128 942 977 
26 26 78 98 115 116 126 128 938 1000 
26 26 98 112 115 116 126 128 665 893 
26 26 98 112 115 116 126 128 921 966 
26 98 78 112 115 116 126 128 847 955 
26 98 78 112 115 116 126 128 591 701 
26 98 98 112 115 116 126 128 964 977 
26 98 78 112 115 116 126 128 830 914 
26 26 78 98 115 116 126 128 570 835 
26 41 75 78 112 116 115 116 126 128 
26 98 78 112 115 116 126 128 731 944 
26 98 98 112 115 116 126 128 902 909 
26 98 98 112 115 116 126 128 900 977 
26 26 420 98 685 696 732 923 947 996 
26 26 78 98 115 116 126 128 855 909 
26 98 104 118 652 838 856 863 960 993 
26 26 98 112 115 116 126 128 579 975 
26 98 98 112 115 116 126 128 727 864 
26 98 98 96 115 116 126 128 639 998 
26 98 98 112 115 116 126 128 692 932 
26 98 98 112 115 116 126 128 864 897 
26 98 78 112 115 116 126 128 832 899 
26 26 98 112 115 116 126 128 761 993 
26 26 78 98 115 116 126 128 846 954 
26 98 98 127 494 510 574 807 872 988 
26 98 98 112 115 116 126 128 896 958 
26 26 232 98 342 536 558 569 579 1000 
26 26 258 98 501 550 557 677 687 835 
26 98 104 118 115 116 126 128 570 989 
26 26 98 112 115 116 126 128 849 991 
26 41 75 112 78 116 112 115 116 126 128 -2 
26 26 158 98 545 609 677 845 862 900 
26 98 78 112 115 116 126 128 927 943 
26 98 98 112 115 116 126 128 799 989 
26 26 98 112 115 116 126 128 935 951 
26 98 98 272 273 361 728 771 861 942 
26 26 98 112 115 116 126 128 860 930 
26 26 73 98 115 116 126 128 645 963 
26 98 78 112 115 116 126 128 915 926 
26 26 117 98 115 116 126 128 775 938 
26 26 117 98 427 700 795 806 903 952 
26 26 78 98 115 116 126 128 918 945 
26 26 98 112 115 116 126 128 750 924 
26 26 78 98 115 116 126 128 621 741 
26 98 98 138 221 267 338 710 714 830 
26 98 98 112 115 116 126 128 957 986 
26 26 78 98 115 116 126 128 770 875 
26 98 78 112 115 116 126 128 954 986 
26 26 98 112 115 116 126 128 892 925 
26 26 78 98 115 116 126 128 681 925 
26 26 78 98 115 116 126 128 836 927 
26 98 78 112 115 116 126 128 855 978 
26 26 78 98 115 116 126 128 886 923 
26 26 78 98 115 116 126 128 716 814 
26 98 98 112 115 116 126 128 800 915 
26 98 98 125 467 688 761 853 857 878 
26 98 78 112 115 116 126 128 890 934 
26 26 98 125 587 751 777 852 893 958 
26 26 73 98 580 702 709 740 742 985 
26 98 73 127 115 116 126 128 916 984 
26 98 98 380 543 624 677 825 932 966 
26 26 117 98 698 759 781 790 860 984 
41 98 75 78 115 112 126 115 116 126 128 -2 
26 26 78 98 115 116 126 128 891 932 
26 98 142 160 194 235 431 493 611 830 
26 98 98 429 542 577 661 670 706 859 
26 98 98 112 115 116 126 128 860 869 
26 98 78 112 115 116 126 128 773 983 
26 26 78 98 115 116 126 128 946 960 
26 26 78 98 115 116 126 128 892 916 
26 26 78 98 115 116 126 128 907 970 
26 26 98 112 115 116 126 128 946 980 
26 26 98 531 573 701 705 808 903 920 
26 26 98 118 115 116 126 128 838 852 
26 98 78 112 115 116 126 128 876 952 
26 26 98 112 115 116 126 128 708 985 
26 26 98 112 115 116 126 128 913 978 
26 26 98 294 416 721 729 792 877 942 
26 26 98 112 115 116 126 128 974 980 
26 98 78 112 115 116 126 128 853 879 
26 26 78 98 115 116 126 128 757 986 
26 26 98 112 115 116 126 128 907 990 
26 98 78 112 115 116 126 128 825 982 
26 26 78 98 115 116 126 128 818 968 
26 98 78 112 115 116 126 128 699 880 
26 98 98 201 218 292 469 491 835 983 
26 98 117 125 300 356 436 519 606 645 
26 75 98 112 115 116 126 128 886 999 
26 26 98 112 115 116 126 128 818 849 
26 98 98 487 605 823 838 904 977 1000 
26 98 98 112 115 116 126 128 753 977 
26 98 78 112 115 116 126 128 946 954 
26 98 78 112 115 116 126 128 954 969 
41 26 78 98 115 116 126 128 810 922 
26 98 104 118 115 116 126 128 644 871 
26 98 78 112 115 116 126 128 392 567 
26 98 302 347 412 445 637 673 811 920 
26 98 78 112 115 116 126 128 633 807 
41 26 78 98 115 116 126 128 742 886 
26 98 78 112 115 116 126 128 795 963 
26 26 98 475 773 780 855 911 934 973 
26 26 78 98 115 116 126 128 880 911 
26 26 78 98 115 116 126 128 875 947 
26 26 73 98 115 116 126 128 645 853 
26 26 78 98 115 116 126 128 911 919 
41 26 78 98 115 116 126 128 710 747 
26 98 73 127 115 116 126 128 856 863 
26 98 78 112 115 116 126 128 402 468 
26 98 98 488 562 625 652 693 918 972 
26 26 104 98 286 691 789 810 845 879 
26 26 98 112 115 116 126 128 758 866 
26 26 78 98 115 116 126 128 875 908 
26 98 78 112 115 116 126 128 751 963 
26 98 98 112 115 116 126 128 890 931 
26 98 98 318 436 443 486 816 925 943 
26 26 78 98 115 116 126 128 868 988 
26 98 98 256 316 331 504 656 951 996 
26 98 78 112 115 116 126 128 673 805 
26 98 98 112 115 116 126 128 967 988 
26 26 98 112 115 116 126 128 816 896 
26 26 98 127 661 809 892 919 923 928 
26 26 98 112 115 116 126 128 887 978 
26 75 98 112 115 116 126 128 926 991 
26 98 78 112 115 116 126 128 733 907 
26 98 98 112 115 116 126 128 752 936 
26 98 78 112 115 116 126 128 661 685 
26 98 78 112 115 116 126 128 969 998 
26 26 98 112 115 116 126 128 931 940 
26 75 98 112 115 116 126 128 928 955 
41 75 78 78 115 112 126 115 116 126 128 -2 
26 98 523 649 676 751 818 828 858 895 
26 98 78 112 115 116 126 128 891 989 
26 26 78 98 115 116 126 128 756 861 
26 26 78 98 115 116 126 128 914 928 
26 98 78 112 115 116 126 128 807 920 
26 98 78 112 115 116 126 128 856 930 
26 26 78 98 115 116 126 128 942 948 
26 98 90 96 115 116 126 128 763 979 
26 98 78 112 115 116 126 128 712 772 
26 26 78 98 115 116 126 128 879 949 
26 26 98 112 115 116 126 128 893 918 
26 26 98 112 115 116 126 128 613 712 
26 98 98 127 572 675 683 720 881 900 
26 98 78 112 115 116 126 128 835 996 
26 26 98 112 115 116 126 128 831 886 
26 26 98 112 115 116 126 128 863 910 
26 26 78 98 115 116 126 128 683 760 
26 26 98 112 115 116 126 128 873 875 
26 26 98 112 115 116 126 128 719 975 
26 26 98 112 115 116 126 128 898 963 
26 98 98 112 115 116 126 128 906 981 
26 26 78 98 115 116 126 128 651 708 
26 98 78 112 115 116 126 128 877 912 
26 26 78 98 115 116 126 128 828 872 
26 26 78 98 115 116 126 128 818 840 
25 98 27 117 125 116 126 128 953 978 
26 98 98 112 115 116 126 128 870 914 
26 26 98 112 115 116 126 128 935 991 
26 98 98 112 115 116 126 128 918 960 
26 26 78 98 115 116 126 128 967 997 
26 98 98 655 689 712 722 740 805 949 
26 98 98 112 115 116 126 128 663 949 
26 26 98 257 411 499 679 754 913 940 
26 41 75 112 78 116 112 115 116 126 128 -2 
26 26 98 112 115 116 126 128 726 933 
26 98 78 112 115 116 126 128 933 980 
26 98 90 96 115 116 126 128 905 996 
26 26 136 98 329 578 593 623 638 686 
26 98 98 112 115 116 126 128 715 833 
26 98 78 112 115 116 126 128 977 1000 
26 26 98 112 115 116 126 128 777 965 
26 26 78 98 115 116 126 128 811 883 
39 71 73 112 127 116 126 128 919 925 
41 41 75 78 115 112 115 128 116 126 128 -2 
41 75 143 78 112 502 115 116 896 126 128 -2 
41 41 75 112 78 116 112 115 116 126 128 -2 
39 75 71 73 115 127 126 128 910 995 
41 119 75 112 78 116 112 115 116 126 128 -2 
113 25 396 27 117 125 779 871 899 951 
113 41 75 78 112 116 115 128 116 126 128 -2 
41 119 75 78 528 112 115 782 116 126 128 -2 
41 75 78 112 112 116 115 128 116 126 128 -2 
41 75 75 78 112 115 126 116 891 126 128 -2 
68 41 75 78 115 112 115 116 126 967 128 -2 
41 75 78 78 112 115 126 116 930 126 128 -2 
41 75 78 112 115 116 116 126 722 128 
41 119 75 112 78 116 112 115 116 126 128 -2 
41 119 75 112 78 112 126 115 116 126 128 -2 
41 119 75 112 78 112 115 116 937 126 128 -2 
41 25 27 112 117 125 126 128 866 940 
113 41 75 297 78 112 564 115 116 126 128 -2 
41 75 75 78 112 115 116 128 126 857 128 -2 
41 75 104 78 115 112 115 128 116 126 128 -2 
41 113 119 112 115 116 126 128 921 958 
41 41 78 75 78 112 115 116 126 838 128 -2 
25 119 27 112 117 125 126 128 836 971 
41 41 75 78 115 112 126 115 116 126 128 -2 
41 41 75 78 115 112 126 115 116 126 128 -2 
41 75 75 78 112 115 116 126 749 128 
113 119 78 112 115 116 126 128 936 1000 
41 75 78 112 112 116 115 128 116 126 128 -2 
41 41 75 112 78 116 112 115 116 126 128 -2 
41 75 78 112 112 116 115 116 841 126 128 -2 
41 75 75 112 78 116 112 115 116 126 128 -2 
41 41 78 75 115 78 112 115 116 126 128 -2 
25 27 78 117 115 125 126 128 934 998 
41 41 78 75 115 78 112 115 116 126 128 -2 
41 75 78 78 115 112 115 116 126 128 
41 75 75 78 112 116 115 128 116 126 128 -2 
41 41 75 78 112 116 115 128 116 126 128 -2 
41 41 75 78 112 116 115 128 116 126 128 -2 
41 41 78 75 115 78 112 115 116 126 128 -2 
113 119 78 112 115 116 126 128 821 912 
39 41 75 78 115 112 126 115 116 126 128 -2 
113 41 75 78 115 112 126 115 116 126 128 -2 
113 41 75 579 78 112 115 116 836 126 128 -2 
41 41 78 75 115 78 112 115 116 126 128 -2 
41 75 75 112 78 112 126 115 116 126 128 -2 
41 41 75 78 115 112 115 128 116 126 128 -2 
41 41 78 75 78 116 112 115 116 126 128 -2 
41 41 78 75 115 78 112 115 116 126 128 -2 
41 41 75 112 78 116 112 115 116 126 128 -2 
41 41 75 112 78 116 112 115 116 126 128 -2 
41 41 75 112 78 116 112 115 116 126 128 -2 
25 41 75 78 115 112 126 115 116 126 128 -2 
41 41 78 75 78 112 115 116 910 126 128 -2 
41 75 78 78 115 112 126 115 116 126 128 -2 
41 75 75 78 112 115 116 128 126 884 128 -2 
41 75 78 78 115 112 115 116 126 128 
113 119 78 112 115 116 126 128 806 975 
41 41 75 112 78 112 115 116 853 126 128 -2 
68 41 75 118 78 116 112 115 116 126 128 -2 
68 92 104 112 118 116 126 128 908 960 
68 75 92 112 104 116 118 128 887 900 
41 41 78 75 78 112 126 115 116 126 128 -2 
113 119 78 112 115 116 126 128 872 945 
41 41 78 75 78 116 112 115 116 126 128 -2 
41 75 78 78 115 112 115 116 126 128 
41 41 78 75 78 112 115 128 116 126 128 -2 
41 75 78 112 115 116 116 128 126 992 128 -2 
41 75 78 112 115 115 126 116 126 910 128 -2 
41 75 75 78 115 112 126 115 116 126 128 -2 
41 41 75 112 78 116 112 115 116 126 128 -2 
41 75 78 112 115 115 126 116 895 126 128 -2 
41 75 75 78 112 116 115 116 126 128 
41 41 75 112 78 116 112 115 116 126 128 -2 
41 41 78 75 78 112 115 116 126 731 128 -2 
25 41 117 75 78 116 112 115 116 126 128 -2 
41 75 75 78 115 112 126 115 116 126 128 -2 
41 41 78 75 78 112 115 116 126 128 
41 75 78 112 115 116 126 126 773 128 
41 41 75 112 78 116 112 115 116 126 128 -2 
41 41 78 75 115 78 112 115 116 126 128 -2 
41 75 104 78 115 112 115 116 126 128 
41 113 119 112 115 116 126 128 889 992 
113 41 75 78 115 112 126 115 116 126 128 -2 
41 75 75 112 78 116 112 115 116 126 128 -2 
41 41 75 78 115 112 115 116 902 126 128 -2 
41 68 92 104 115 118 126 128 770 937 
113 41 75 112 78 112 115 128 116 126 128 -2 
41 113 78 119 115 116 126 128 990 995 
41 75 78 78 115 112 126 115 116 126 128 -2 
41 25 78 27 117 116 125 128 702 975 
41 41 75 78 115 112 115 116 126 983 128 -2 
39 71 78 73 127 116 126 128 932 941 
41 75 78 112 115 116 126 128 128 735 
113 41 78 75 115 78 112 115 116 126 128 -2 
41 75 78 78 112 116 115 128 116 126 128 -2 
113 41 78 75 78 112 126 115 116 126 128 -2 
41 41 78 75 78 116 112 115 116 126 128 -2 
24 90 140 398 414 538 578 694 786 887 
41 41 75 78 112 115 126 116 126 128 
39 71 78 73 115 127 126 128 774 962 
41 75 78 112 112 116 115 128 116 126 128 -2 
51 70 78 90 96 116 126 128 888 894 
41 41 75 112 78 112 115 116 126 997 128 -2 
41 75 78 78 112 115 116 128 126 128 
41 119 75 112 78 112 115 116 126 128 
113 92 119 118 115 116 126 128 486 982 
41 75 75 78 115 112 115 128 116 126 128 -2 
41 41 78 75 78 116 112 115 116 126 128 -2 
41 75 78 78 115 112 115 128 116 126 128 -2 
113 75 119 112 115 116 126 128 826 873 
68 92 104 118 115 116 126 128 736 974 
41 75 78 112 115 116 126 126 792 128 
41 75 75 78 115 112 126 115 116 126 128 -2 
41 41 75 78 112 116 115 128 116 126 128 -2 
41 41 75 78 112 116 115 128 116 126 128 -2 
68 113 104 119 115 116 126 128 717 825 
41 41 75 78 112 116 115 128 116 126 128 -2 
41 75 75 112 78 116 112 115 116 126 128 -2 
41 75 78 78 112 116 115 116 929 126 128 -2 
41 75 75 112 78 116 112 115 116 126 128 -2 
41 75 78 112 115 115 126 116 126 958 128 -2 
41 41 75 78 115 112 126 115 116 126 128 -2 
41 41 75 78 115 112 115 116 126 128 
113 41 75 112 78 116 112 115 116 126 128 -2 
41 41 78 75 115 78 112 115 116 126 128 -2 
41 75 78 112 115 115 116 128 126 128 
41 41 78 75 78 112 126 115 116 126 128 -2 
41 113 78 119 115 116 126 128 730 733 
41 75 78 112 112 115 116 128 126 128 
41 41 75 78 112 115 116 126 848 128 
113 119 298 343 395 408 538 753 770 872 
41 75 78 78 115 112 126 115 116 126 128 -2 
41 41 78 75 78 116 112 115 116 126 128 -2 
41 75 75 112 78 112 115 116 126 128 
113 113 119 255 337 772 880 881 958 962 
41 41 75 78 115 112 115 116 705 126 128 -2 
41 41 75 112 78 116 112 115 116 126 128 -2 
41 41 75 78 112 115 126 116 126 862 128 -2 
41 75 78 78 112 116 115 116 949 126 128 -2 
41 41 75 78 112 116 115 128 116 126 128 -2 
41 25 78 27 117 116 125 128 945 982 
41 41 78 75 115 78 112 115 116 126 128 -2 
41 75 75 78 112 116 115 128 116 126 128 -2 
41 75 78 78 112 116 115 116 126 128 
41 119 75 78 112 115 126 116 543 126 128 -2 
41 39 71 112 73 116 127 128 611 768 
41 41 78 75 78 116 112 115 116 126 128 -2 
41 41 78 75 78 116 112 115 116 126 128 -2 
41 75 75 112 78 116 112 115 116 126 128 -2 
41 41 75 78 115 112 126 115 116 126 128 -2 
41 41 78 75 78 116 112 115 116 126 128 -2 
113 41 75 112 78 112 126 115 116 126 128 -2 
41 41 75 112 78 116 112 115 116 126 128 -2 
41 41 78 75 115 78 112 115 116 126 128 -2 
41 39 78 71 115 73 127 128 949 966 
41 75 78 112 115 116 116 128 126 128 
41 75 78 112 115 116 126 128 128 891 
41 41 75 78 115 112 115 128 116 126 128 -2 
41 75 75 78 115 112 126 115 116 126 128 -2 
41 41 75 78 112 116 115 128 116 126 128 -2 
41 41 78 75 115 78 112 115 116 126 128 -2 
41 119 75 112 78 112 126 115 116 126 128 -2 
41 41 75 78 115 112 115 116 878 126 128 -2 
41 75 78 78 112 115 116 126 738 128 
113 119 78 112 115 116 126 128 979 996 
41 41 78 75 115 78 112 115 116 126 128 -2 
41 25 27 117 125 116 126 128 729 940 
113 41 90 75 115 78 112 115 116 126 128 -2 
41 41 78 75 78 116 112 115 116 126 128 -2 
41 41 78 75 78 116 112 115 116 126 128 -2 
25 41 75 125 78 528 112 115 116 126 128 -2 
113 119 78 112 115 116 126 128 960 1000 
41 41 78 75 115 78 112 115 116 126 128 -2 
41 41 78 75 78 112 126 115 116 126 128 -2 
113 113 78 119 115 116 126 128 806 922 
113 27 119 125 495 542 729 815 820 841 
41 75 75 78 112 116 115 128 116 126 128 -2 
41 41 78 75 78 112 126 115 116 126 128 -2 
41 41 75 112 78 116 112 115 116 126 128 -2 
41 75 78 112 115 115 126 116 126 128 
113 119 78 112 115 116 126 128 898 988 
41 75 78 112 112 115 126 116 126 128 
41 75 78 112 115 115 116 126 693 128 
113 119 204 320 350 497 560 677 727 770 
41 75 75 112 78 116 112 115 116 126 128 -2 
41 41 75 78 112 115 126 116 126 128 
41 75 78 112 115 116 116 126 128 780 
41 41 78 75 115 78 112 115 116 126 128 -2 
113 41 78 75 78 112 115 116 126 868 128 -2 
41 41 78 75 115 78 112 115 116 126 128 -2 
41 75 78 112 115 116 116 128 126 128 
25 27 117 112 125 116 126 128 935 936 
41 75 78 78 112 115 116 128 126 866 128 -2 
41 71 75 127 78 116 112 115 116 126 128 -2 
41 41 78 75 115 78 112 115 116 126 128 -2 
68 41 104 75 421 78 112 115 116 126 128 -2 
209 41 270 75 78 833 112 115 116 126 128 -2 
113 119 73 127 115 116 126 128 894 987 
113 41 75 78 112 115 116 128 126 937 128 -2 
113 71 119 127 115 116 126 128 888 971 
41 41 75 112 78 116 112 115 116 126 128 -2 
68 75 92 112 104 118 126 128 896 993 
41 41 75 78 112 116 115 116 922 126 128 -2 
41 75 75 112 78 116 112 115 116 126 128 -2 
113 41 75 78 115 112 126 115 116 126 128 -2 
41 113 78 119 115 116 126 128 845 893 
41 119 75 112 78 116 112 115 116 126 128 -2 
113 41 75 125 78 116 112 115 116 126 128 -2 
25 75 27 117 115 125 126 128 866 950 
41 41 78 75 78 112 126 115 116 126 128 -2 
41 41 75 112 78 112 115 116 833 126 128 -2 
41 41 75 78 112 115 116 126 128 938 
113 113 117 119 115 116 126 128 796 891 
70 202 526 537 685 770 895 901 908 929 
41 41 78 75 78 112 126 115 116 126 128 -2 
41 25 27 117 125 116 126 128 722 806 
10 41 309 75 78 578 112 115 116 126 128 -2 
113 41 75 112 78 112 126 115 116 126 128 -2 
113 75 119 112 115 116 126 128 883 957 
41 41 78 75 115 78 112 115 116 126 128 -2 
41 41 75 78 112 115 126 116 126 128 
41 41 78 75 115 78 112 115 116 126 128 -2 
41 41 78 75 115 78 112 115 116 126 128 -2 
41 75 75 112 78 112 115 116 806 126 128 -2 
113 119 78 112 115 116 126 128 898 951 
41 41 78 75 78 112 115 128 116 126 128 -2 
41 41 75 112 78 112 126 115 116 126 128 -2 
41 75 78 112 112 115 116 128 126 128 
68 119 92 104 115 118 126 128 841 883 
39 71 104 73 115 127 126 128 935 981 
41 41 75 112 78 112 126 115 116 126 128 -2 
41 75 75 78 112 116 115 128 116 126 128 -2 
41 75 78 112 581 115 116 750 126 128 
41 75 75 78 115 112 115 128 116 126 128 -2 
41 75 75 112 78 116 112 115 116 126 128 -2 
41 41 75 78 115 112 126 115 116 126 128 -2 
41 41 78 75 78 116 112 115 116 126 128 -2 
41 75 78 112 112 116 115 116 126 128 
41 41 78 75 78 112 115 116 126 853 128 -2 
68 41 104 75 361 78 112 115 116 126 128 -2 
113 41 75 112 78 116 112 115 116 126 128 -2 
41 75 78 112 115 115 126 116 126 928 128 -2 
41 75 78 112 115 116 116 126 128 991 
41 68 78 92 104 118 126 128 847 848 
41 41 78 75 78 116 112 115 116 126 128 -2 
41 75 75 112 78 112 126 115 116 126 128 -2 
113 119 78 112 115 116 126 128 708 747 
41 41 75 112 78 112 115 116 819 126 128 -2 
41 75 75 78 115 112 115 128 116 126 128 -2 
