168 80 299 106 107 447 110 116 127 128 
80 106 122 107 116 110 116 846 127 128 
70 80 106 107 147 110 223 116 127 128 
104 115 319 124 763 923 939 944 949 981 
80 397 106 107 742 110 764 116 127 128 
118 80 106 107 110 116 127 128 783 833 
42 80 106 302 107 368 110 116 127 128 
80 202 106 107 110 594 116 736 127 128 
142 247 257 351 494 638 658 836 910 954 
303 80 106 107 110 116 675 127 808 128 
178 199 281 419 504 633 686 787 805 977 
15 80 209 106 107 110 816 116 127 128 
70 109 122 339 125 448 505 693 981 993 
13 7 177 108 514 597 607 725 859 922 
39 144 162 182 228 280 476 627 965 988 
70 109 127 122 125 354 515 553 700 984 
5 80 106 107 110 317 116 576 127 128 
80 106 107 110 116 127 735 128 764 798 
80 534 106 591 107 110 798 116 127 128 
70 109 203 122 276 125 368 406 787 910 
45 71 87 110 116 127 128 449 657 826 
70 109 122 122 125 127 128 712 717 912 
80 106 106 110 107 127 110 116 127 128 
104 106 115 124 116 127 128 746 960 985 
80 106 106 107 116 110 116 792 127 128 
95 80 320 106 412 107 110 116 127 128 
52 85 244 269 306 545 690 718 906 934 
80 106 106 107 110 116 127 128 970 983 
3 80 153 106 253 107 110 116 127 128 
227 80 106 107 110 116 771 127 889 128 
80 106 122 107 110 116 127 128 865 956 
80 109 106 125 107 127 110 116 127 128 
80 106 106 107 116 110 116 127 128 909 
199 80 241 106 539 107 110 116 127 128 
80 407 106 631 107 758 110 116 127 128 
1 332 497 554 573 628 658 661 767 877 
80 106 106 110 107 110 128 116 127 128 
70 109 122 335 125 533 679 781 813 822 
70 80 106 125 107 110 688 116 127 128 
7 80 85 106 308 107 110 116 127 128 
80 106 122 107 110 446 116 127 785 128 
70 109 109 122 125 127 128 826 914 971 
80 80 107 106 107 110 116 127 716 128 
70 106 109 110 122 125 128 854 865 893 
70 80 106 125 107 110 116 127 128 999 
70 104 115 124 116 127 128 825 874 876 
2 79 292 394 430 447 475 689 866 950 
70 109 108 122 125 361 367 588 622 764 
80 106 106 107 110 116 128 127 128 929 
80 80 106 110 107 127 110 116 127 128 
80 80 107 106 107 110 116 127 128 862 
37 188 197 264 425 549 623 731 782 948 
80 70 109 122 125 127 128 453 496 850 
2 86 79 207 417 425 543 804 854 983 
51 80 106 302 107 511 110 116 127 128 
70 80 122 106 595 107 110 116 127 128 
80 80 106 110 107 127 110 116 127 128 
80 70 109 110 122 127 125 834 873 933 
26 108 288 741 755 768 811 849 858 968 
2 70 109 331 122 385 125 627 656 805 
80 106 106 110 107 110 116 663 127 128 
80 106 106 107 116 110 116 746 127 128 
80 106 106 107 116 110 116 127 128 904 
80 106 106 110 107 110 128 116 127 128 
104 106 115 110 124 127 128 665 776 897 
67 2 317 79 423 439 753 790 877 977 
104 115 124 110 116 127 128 627 904 985 
80 106 107 110 300 116 574 127 701 128 
104 115 124 125 371 427 592 849 967 980 
45 117 71 87 398 399 646 851 894 958 
121 2 79 244 284 545 775 927 946 993 
70 104 115 124 476 483 786 813 899 1000 
80 106 107 125 110 658 116 848 127 128 
80 80 107 106 116 107 110 116 127 128 
70 80 122 106 107 110 116 971 127 128 
70 186 109 461 122 559 125 699 848 965 
80 366 106 613 107 110 958 116 127 128 
62 80 106 292 107 110 116 127 811 128 
80 80 107 106 116 107 110 116 127 128 
149 80 106 793 107 852 110 116 127 128 
80 106 107 107 116 110 116 353 127 128 
36 251 398 419 460 681 737 866 921 966 
70 80 106 107 443 110 633 116 127 128 
80 53 106 206 107 369 110 116 127 128 
80 106 107 110 116 127 128 909 964 977 
80 106 106 110 107 127 110 116 127 128 
2 79 158 163 189 291 348 414 570 835 
80 106 239 107 403 110 491 116 127 128 
80 106 107 107 110 116 127 128 731 944 
80 106 106 107 116 110 116 815 127 128 
80 106 107 107 110 116 128 127 128 977 
80 106 107 110 110 116 128 127 128 996 
80 328 106 107 110 637 116 689 127 128 
80 77 106 474 107 110 856 116 127 128 
30 59 153 188 190 199 208 400 579 975 
2 80 122 106 116 107 110 116 127 128 
80 80 107 106 116 107 110 116 127 128 
35 70 109 129 122 125 540 636 692 932 
70 80 106 107 110 116 127 128 864 897 
80 98 106 315 107 110 574 116 127 128 
80 115 106 355 107 110 116 127 128 993 
212 80 106 438 107 652 110 116 127 128 
80 57 106 146 107 510 110 116 127 128 
65 70 134 109 462 122 125 784 896 958 
80 2 107 79 116 127 128 569 579 1000 
70 131 109 419 122 125 557 677 687 835 
70 80 106 125 107 110 116 127 570 128 
80 80 106 107 116 110 116 127 128 991 
80 70 109 122 116 125 128 391 721 845 
80 106 107 110 116 116 128 127 128 900 
80 80 106 110 107 127 110 116 127 128 
80 106 106 107 110 116 127 682 128 989 
80 106 107 107 110 116 127 836 128 951 
80 106 107 272 110 116 127 128 861 942 
2 79 245 276 302 324 566 708 860 930 
70 109 122 125 116 127 128 591 645 963 
37 70 109 200 122 125 535 885 915 926 
70 80 122 106 107 679 110 116 127 128 
80 80 107 106 107 127 110 116 127 128 
80 70 107 109 122 127 125 901 918 945 
70 80 122 106 107 110 702 116 127 128 
80 106 106 107 110 116 127 421 128 741 
80 70 109 110 122 125 128 710 714 830 
80 80 107 106 107 110 128 116 127 128 
80 106 107 110 116 116 128 127 128 875 
129 413 460 462 634 791 804 855 954 986 
80 106 472 107 596 110 116 127 128 925 
130 80 220 106 107 584 110 116 127 128 
80 70 107 109 122 125 128 822 836 927 
3 70 191 109 463 122 125 745 855 978 
80 106 122 107 110 116 127 750 128 923 
80 106 106 107 116 110 116 127 128 814 
80 106 344 107 110 116 127 737 128 915 
23 368 411 437 467 688 761 853 857 878 
80 70 107 109 122 125 128 889 890 934 
80 106 107 107 116 110 116 852 127 128 
210 80 386 106 580 107 110 116 127 128 
80 80 106 107 116 110 116 846 127 128 
104 115 124 110 116 127 128 825 932 966 
80 106 457 107 698 110 116 790 127 128 
70 70 109 122 125 730 739 850 865 919 
80 190 106 107 110 780 116 127 128 932 
80 111 106 107 110 116 127 128 611 830 
70 109 323 122 125 577 661 670 706 859 
80 80 107 106 107 127 110 116 127 128 
45 80 87 106 107 110 116 127 773 128 
23 80 122 106 298 107 110 116 127 128 
70 70 109 125 122 340 125 533 892 916 
154 2 202 79 247 398 759 891 907 970 
80 80 106 110 107 127 110 116 127 128 
80 350 106 107 110 116 705 127 903 128 
80 80 106 110 107 110 116 675 127 128 
329 459 637 672 741 765 792 816 876 952 
70 80 122 106 107 537 110 116 127 128 
96 291 337 574 651 747 806 877 913 978 
80 106 206 107 110 116 127 128 877 942 
2 17 79 238 345 378 516 963 974 980 
80 80 107 106 107 127 110 116 127 128 
80 106 107 265 110 116 127 128 757 986 
70 2 79 474 530 647 703 855 907 990 
80 80 106 110 107 110 128 116 127 128 
80 80 107 106 107 110 116 127 128 968 
26 178 189 223 426 463 498 580 699 880 
80 80 106 107 116 110 116 491 127 128 
8 9 215 283 300 356 436 519 606 645 
7 317 108 582 663 739 821 871 886 999 
134 80 106 438 107 110 116 127 128 849 
40 139 180 487 605 823 838 904 977 1000 
70 109 352 122 125 598 609 630 753 977 
104 80 124 106 107 110 116 912 127 128 
80 80 106 107 110 127 116 127 954 128 
2 80 106 107 110 116 127 128 810 922 
80 106 107 110 116 205 127 535 128 871 
21 80 132 106 107 183 110 116 127 128 
80 109 106 125 107 110 116 673 127 128 
80 106 106 107 110 116 128 127 128 807 
104 115 107 124 116 127 128 645 742 886 
27 80 186 106 250 107 110 116 127 128 
70 232 109 475 122 780 125 911 934 973 
238 282 319 322 376 505 608 874 880 911 
80 80 107 106 107 127 110 116 127 128 
80 106 95 107 137 110 116 607 127 128 
70 106 109 110 122 127 125 871 911 919 
80 106 107 147 110 116 526 127 128 747 
70 80 122 106 530 107 110 116 127 128 
5 113 93 134 196 270 293 316 402 468 
180 80 329 106 562 107 110 116 127 128 
80 106 107 110 116 127 128 810 845 879 
80 106 107 110 326 116 127 726 128 866 
104 70 124 109 116 122 125 808 875 908 
80 106 107 107 110 127 116 127 128 963 
99 80 429 106 107 110 556 116 127 128 
104 80 106 107 110 116 127 816 128 943 
221 80 314 106 572 107 110 116 127 128 
104 115 107 124 116 127 128 656 951 996 
131 70 190 109 367 122 125 658 673 805 
80 104 115 124 116 127 128 898 967 988 
80 106 107 107 110 116 128 127 128 896 
111 104 561 115 661 124 892 919 923 928 
70 109 107 122 116 125 128 841 887 978 
80 106 107 335 110 408 116 127 128 991 
70 109 107 122 125 127 128 726 733 907 
130 80 324 106 624 107 110 116 127 128 
80 92 106 107 110 452 116 654 127 128 
80 106 93 107 154 110 116 127 128 998 
104 188 115 301 124 751 760 766 931 940 
205 80 362 106 529 107 110 116 127 128 
80 106 263 107 631 110 810 116 127 128 
80 428 106 649 107 751 110 116 127 128 
120 196 358 368 434 501 687 710 891 989 
80 80 107 106 116 107 110 116 127 128 
104 70 124 109 122 127 125 871 914 928 
80 106 106 107 116 110 128 116 127 128 
2 79 122 125 495 531 676 807 856 930 
101 135 189 254 517 594 642 729 942 948 
40 85 87 182 349 456 622 673 763 979 
113 70 109 122 585 125 641 711 712 772 
80 106 495 107 541 110 720 116 127 128 
282 80 576 106 674 107 110 116 127 128 
34 186 291 325 335 402 427 488 613 712 
54 92 273 357 572 675 683 720 881 900 
17 72 231 397 463 507 668 798 835 996 
80 80 107 106 116 107 110 116 127 128 
80 105 106 189 107 110 576 116 127 128 
2 80 106 107 110 369 116 590 127 128 
80 106 229 107 264 110 116 788 127 128 
70 80 106 125 107 110 689 116 127 128 
19 319 330 420 652 788 801 852 898 963 
70 80 122 106 107 530 110 116 127 128 
80 106 106 110 107 127 110 116 127 128 
80 80 107 106 116 107 110 116 127 128 
32 2 79 386 464 478 494 615 828 872 
80 106 207 107 397 110 116 747 127 128 
184 80 511 106 107 110 791 116 127 128 
70 80 122 106 107 110 621 116 127 128 
80 80 106 107 116 110 116 764 127 128 
95 70 109 122 125 746 810 864 918 960 
104 106 115 124 116 127 128 883 967 997 
80 80 107 106 107 110 128 116 127 128 
52 250 251 301 339 413 534 547 663 949 
80 80 107 106 107 127 110 116 127 128 
70 109 122 406 125 525 611 618 690 972 
145 371 435 448 451 467 592 606 726 933 
70 106 109 122 116 125 128 924 933 980 
80 80 106 110 107 110 116 127 128 996 
80 115 106 107 116 110 116 623 127 128 
185 223 395 486 497 554 576 656 715 833 
80 80 107 106 107 127 110 116 127 128 
70 109 122 125 116 127 128 721 777 965 
69 70 109 122 125 621 626 697 811 883 
19 80 106 372 107 110 628 116 127 128 
59 124 137 141 161 363 419 649 791 942 
45 109 71 125 87 502 682 747 896 988 
80 79 106 107 110 116 454 127 592 128 
33 80 106 107 110 116 127 889 128 995 
80 70 109 122 116 125 128 491 919 987 
80 106 107 107 110 127 116 127 899 128 
70 70 109 122 125 127 128 785 799 816 
70 80 122 106 107 127 110 116 127 128 
51 80 106 271 107 110 116 685 127 128 
80 80 107 106 116 107 110 116 127 128 
70 136 109 280 122 439 125 781 844 967 
80 315 106 107 544 110 116 127 930 128 
70 80 106 107 110 303 116 557 127 128 
70 109 122 125 116 127 128 739 756 1000 
80 106 107 110 110 116 127 128 938 974 
80 80 107 106 107 110 116 819 127 128 
80 109 106 125 107 623 110 116 127 128 
80 80 106 110 107 127 110 116 127 128 
104 34 115 198 124 405 420 469 588 857 
70 109 122 122 308 125 658 929 940 980 
70 120 109 353 122 645 125 883 921 958 
45 361 71 87 467 480 535 607 706 838 
80 80 106 110 107 127 110 116 127 128 
70 80 106 125 107 110 116 127 727 128 
80 106 106 110 107 127 110 116 127 128 
104 115 124 125 116 127 128 671 749 841 
57 80 106 107 718 110 751 116 127 128 
80 106 107 107 110 116 127 128 896 977 
1 94 165 307 445 618 679 807 938 953 
53 70 109 122 625 125 787 824 841 905 
184 80 287 106 107 552 110 116 127 128 
80 2 107 79 116 127 128 932 953 977 
247 80 588 106 649 107 110 116 127 128 
80 106 107 107 116 110 128 116 127 128 
80 106 107 110 89 116 127 381 128 845 
80 106 107 110 116 127 127 737 128 926 
80 106 107 110 116 127 128 860 935 940 
70 80 122 106 107 110 715 116 127 128 
80 80 106 110 107 127 110 116 127 128 
80 393 106 571 107 619 110 116 127 128 
105 199 388 400 469 515 571 625 661 979 
60 70 100 109 122 730 125 761 851 893 
80 106 563 107 698 110 779 116 127 128 
80 106 107 110 110 127 116 871 127 128 
24 80 106 267 107 110 551 116 127 128 
80 106 107 110 110 116 128 127 128 915 
229 281 331 466 597 622 679 703 867 910 
80 80 106 110 107 110 116 734 127 128 
80 2 79 110 116 127 128 769 782 906 
70 106 109 110 122 127 125 696 786 839 
54 80 128 106 271 107 110 116 127 128 
16 65 76 179 542 580 668 807 889 982 
80 80 107 106 116 107 110 116 127 128 
80 70 109 110 122 125 128 906 937 967 
2 101 79 416 494 577 648 666 748 884 
80 106 107 110 116 299 127 507 128 669 
70 80 106 107 116 110 116 764 127 128 
70 109 332 122 125 573 678 770 853 949 
80 70 109 110 122 127 125 754 845 861 
187 113 335 556 617 666 784 812 908 960 
11 70 109 209 122 528 125 740 887 900 
80 80 107 106 116 107 110 116 127 128 
80 243 106 509 107 768 110 116 127 128 
80 106 107 110 116 127 127 128 866 934 
70 80 122 106 107 110 116 127 128 895 
70 70 109 125 122 384 125 691 902 932 
70 106 109 122 116 125 128 888 984 992 
80 106 106 107 110 127 116 750 127 128 
70 80 122 106 107 478 110 116 127 128 
80 123 106 230 107 110 116 700 127 128 
80 80 107 106 107 110 128 116 127 128 
80 106 106 107 116 110 128 116 127 128 
6 80 106 260 107 110 501 116 127 128 
70 80 122 106 107 110 116 127 629 128 
80 70 107 109 122 125 128 713 766 996 
80 106 107 110 116 127 127 712 128 993 
70 109 122 125 116 127 128 790 868 885 
138 70 364 109 122 580 125 759 773 902 
2 79 79 203 215 563 658 716 735 806 
134 70 109 488 122 512 125 584 835 957 
104 115 124 110 116 127 128 856 863 927 
25 84 119 233 326 482 556 743 889 992 
104 80 106 107 110 127 116 887 127 128 
97 70 263 109 122 607 125 721 756 870 
125 70 109 470 122 125 699 867 902 977 
80 80 106 110 107 110 128 116 127 128 
70 80 122 106 255 107 110 116 127 128 
80 80 106 107 116 110 116 127 128 995 
80 106 106 107 116 110 128 116 127 128 
25 104 115 124 422 497 558 670 702 975 
65 80 106 107 110 422 116 127 867 128 
2 80 177 106 107 110 116 850 127 128 
80 109 106 125 107 356 110 116 127 128 
80 106 106 110 107 110 128 116 127 128 
104 80 124 106 377 107 110 116 127 128 
80 106 107 531 110 116 127 128 746 781 
5 2 79 223 293 408 694 757 968 977 
80 106 140 107 414 110 116 694 127 128 
86 91 345 365 409 540 595 696 829 994 
70 80 122 106 107 110 703 116 127 128 
11 48 63 199 203 372 436 717 850 960 
70 80 106 125 107 110 116 665 127 128 
70 106 109 110 122 127 125 625 724 997 
70 138 109 122 341 125 594 625 716 738 
13 36 180 269 329 352 457 559 600 851 
80 106 107 282 110 116 372 127 128 982 
80 106 106 107 116 110 128 116 127 128 
80 172 106 107 348 110 116 127 716 128 
80 106 106 107 116 110 116 599 127 128 
109 168 310 430 581 610 620 726 826 873 
80 80 106 107 110 116 127 666 128 974 
70 106 109 110 122 125 128 686 792 916 
131 174 262 408 499 608 734 830 838 999 
80 106 107 107 110 127 116 743 127 128 
198 70 325 109 557 122 125 822 842 907 
104 70 124 109 122 500 125 527 717 825 
80 80 106 107 110 116 128 127 128 976 
70 80 106 125 107 110 116 727 127 128 
80 106 122 107 110 127 116 827 127 128 
70 106 109 122 116 125 128 780 913 962 
80 80 107 106 116 107 110 116 127 128 
80 106 107 329 110 464 116 765 127 128 
113 70 109 399 122 676 125 703 783 833 
70 109 122 125 116 127 128 822 874 914 
80 106 106 110 107 110 116 676 127 128 
80 80 107 106 107 110 116 127 128 971 
80 80 106 110 107 110 116 127 128 853 
80 106 107 110 116 116 127 128 730 733 
70 109 107 122 116 125 128 722 794 890 
70 80 122 106 317 107 110 116 127 128 
70 106 109 122 125 127 128 753 770 872 
306 80 106 574 107 696 110 116 127 128 
279 80 477 106 594 107 110 116 127 128 
89 104 126 313 346 379 447 517 778 856 
80 80 106 110 107 110 116 127 958 128 
127 70 109 170 122 125 531 558 705 908 
70 2 122 79 412 676 726 750 926 936 
35 80 225 106 107 621 110 116 127 128 
24 80 227 106 107 713 110 116 127 128 
53 80 106 107 110 601 116 721 127 128 
80 80 107 106 107 127 110 116 127 128 
180 70 273 109 122 615 125 655 753 917 
239 412 473 609 733 747 808 870 916 951 
70 70 122 109 116 122 125 557 580 670 
80 80 107 106 107 127 110 116 127 128 
80 80 107 106 116 107 110 116 127 128 
80 70 107 109 122 125 128 559 732 961 
80 106 122 107 519 110 116 802 127 128 
80 350 106 415 107 557 110 116 127 128 
70 109 122 125 507 731 896 898 934 998 
35 70 363 109 122 125 526 643 648 980 
80 106 107 107 116 110 128 116 127 128 
80 106 107 110 110 127 116 127 128 919 
80 80 106 110 107 127 110 116 127 128 
80 106 107 367 110 116 127 851 128 966 
80 106 107 110 110 127 116 127 128 978 
70 80 122 106 107 398 110 116 127 128 
27 80 106 377 107 545 110 116 127 128 
56 70 305 109 122 491 125 755 758 837 
80 106 637 107 676 110 703 116 127 128 
113 80 106 107 681 110 938 116 127 128 
80 80 106 110 107 127 110 116 127 128 
80 55 106 107 226 110 116 127 878 128 
80 106 122 107 110 116 478 127 738 128 
80 106 87 107 716 110 806 116 127 128 
70 109 105 122 544 125 593 662 891 960 
80 106 107 110 466 116 127 128 729 940 
80 237 106 107 110 116 127 619 128 744 
45 70 87 109 537 122 125 824 856 961 
2 80 117 106 262 107 110 116 127 128 
80 106 107 110 110 116 128 127 128 760 
80 106 107 107 110 116 127 930 128 1000 
80 213 106 107 110 602 116 127 819 128 
22 173 226 234 366 440 505 760 778 998 
80 106 106 107 116 110 128 116 127 128 
80 106 107 110 116 127 128 815 820 841 
80 70 107 109 122 125 128 967 987 997 
32 80 106 181 107 427 110 116 127 128 
80 106 107 107 110 127 116 673 127 128 
70 135 109 122 125 592 611 652 778 873 
2 106 79 110 116 127 128 836 898 988 
104 70 109 122 116 125 128 602 842 867 
198 80 106 525 107 595 110 116 127 128 
80 109 106 107 350 110 116 127 727 128 
13 41 68 150 305 310 577 627 891 903 
47 80 332 106 107 526 110 116 127 128 
37 80 106 107 328 110 116 616 127 128 
80 106 107 125 110 116 128 127 128 884 
80 80 106 110 107 110 128 116 127 128 
70 80 122 106 485 107 110 116 127 128 
80 106 107 110 116 116 127 128 648 887 
70 109 122 646 125 789 912 914 935 936 
80 143 106 331 107 110 621 116 127 128 
4 55 60 210 368 526 632 645 820 860 
70 109 109 125 122 394 125 728 740 921 
80 80 106 110 107 110 116 127 870 128 
209 80 270 106 107 833 110 116 127 128 
70 106 109 110 122 125 128 817 894 987 
70 80 106 107 110 116 607 127 128 937 
80 80 107 106 107 110 128 116 127 128 
80 106 107 110 116 389 127 594 128 941 
80 80 106 110 107 127 110 116 127 128 
80 106 106 110 107 127 110 116 127 128 
116 80 106 264 107 110 438 116 127 128 
80 80 107 106 107 127 110 116 127 128 
80 70 107 109 116 122 125 610 845 893 
80 80 107 106 116 107 110 116 127 128 
70 80 106 107 110 116 400 127 128 975 
80 80 106 110 107 127 110 116 127 128 
80 109 106 125 107 449 110 116 127 128 
2 80 106 378 107 584 110 116 127 128 
70 176 109 335 122 125 549 621 655 938 
80 45 107 71 87 127 128 742 796 891 
80 202 106 537 107 770 110 116 127 128 
70 109 109 125 122 523 125 806 885 967 
106 233 271 388 478 490 510 616 722 806 
104 70 124 109 510 122 125 632 870 952 
70 115 109 599 122 125 753 761 854 952 
80 106 106 110 107 110 128 116 127 128 
11 80 169 106 107 110 116 127 958 128 
2 79 107 110 116 127 128 943 949 966 
36 2 79 206 325 366 447 550 709 882 
80 106 106 107 110 127 116 127 785 128 
80 70 107 109 116 122 125 504 806 844 
80 80 107 106 107 110 128 116 127 128 
116 142 308 330 477 479 647 668 670 859 
30 80 106 261 107 461 110 116 127 128 
100 243 258 443 547 706 748 768 782 893 
70 70 109 125 122 125 128 704 841 883 
70 80 122 106 674 107 110 116 127 128 
80 106 107 306 110 116 127 128 860 926 
7 80 106 107 376 110 601 116 127 128 
96 80 483 106 107 614 110 116 127 128 
80 80 106 110 107 110 128 116 127 128 
45 80 87 106 107 110 116 127 835 128 
93 80 106 187 107 110 541 116 127 128 
80 70 107 109 116 122 125 526 547 549 
80 71 106 107 390 110 651 116 127 128 
23 126 156 197 253 278 691 769 852 853 
80 70 109 110 122 127 125 626 636 662 
80 70 107 109 116 122 125 797 874 922 
80 106 217 107 396 110 661 116 127 128 
70 70 122 109 122 125 621 636 866 991 
80 70 107 109 122 125 128 822 847 848 
70 109 122 125 650 705 776 849 927 942 
80 80 106 107 116 110 128 116 127 128 
52 75 97 180 238 495 572 587 708 747 
49 70 208 109 122 125 732 809 819 852 
70 227 109 122 682 125 720 816 888 904 
