80 106 107 125 110 116 127 705 128 898 
80 104 107 115 124 127 128 846 850 941 
70 80 122 106 116 107 110 116 127 128 
80 79 106 107 763 110 939 116 127 128 
80 106 107 110 110 127 116 127 128 906 
80 106 122 107 110 127 116 702 127 128 
70 109 122 125 116 127 128 581 650 831 
80 106 106 107 116 110 128 116 127 128 
80 106 106 110 107 110 116 836 127 128 
70 109 122 125 116 127 128 790 808 885 
80 106 107 107 116 110 116 127 805 128 
2 106 79 110 116 127 128 827 961 971 
80 106 107 110 110 116 128 127 128 993 
80 106 107 107 116 110 116 725 127 128 
80 80 107 106 116 107 110 116 127 128 
80 106 106 110 107 110 128 116 127 128 
70 80 106 125 107 110 128 116 127 128 
80 80 107 106 107 127 110 116 127 128 
70 80 122 106 107 110 128 116 127 128 
80 106 107 110 110 127 116 127 787 128 
45 71 87 110 116 127 128 449 657 826 
80 106 122 107 110 127 116 712 127 128 
80 106 107 107 116 110 116 127 128 832 
80 106 107 107 110 127 116 746 127 128 
80 80 107 106 107 127 110 116 127 128 
70 70 122 109 122 125 128 762 824 950 
80 106 107 110 110 127 116 718 127 128 
80 106 122 107 116 110 128 116 127 128 
80 80 106 110 107 127 110 116 127 128 
80 104 115 110 124 127 128 814 889 937 
70 2 79 125 116 127 128 588 865 956 
80 106 106 107 110 127 116 651 127 128 
80 106 106 107 116 110 128 116 127 128 
70 109 107 122 116 125 128 600 756 801 
70 79 109 110 122 127 125 912 956 989 
80 79 106 110 107 127 110 116 127 128 
80 70 109 122 116 125 128 829 861 979 
80 80 106 110 107 110 116 127 128 822 
80 106 122 107 110 116 127 128 866 883 
80 80 106 110 107 127 110 116 127 128 
80 106 107 107 116 110 128 116 127 128 
80 109 106 107 116 110 128 116 127 128 
80 80 106 110 107 110 116 614 127 128 
80 106 107 110 110 116 128 127 128 893 
70 109 122 125 125 127 128 888 902 999 
80 80 107 106 116 107 110 116 127 128 
80 106 106 110 107 127 110 116 127 128 
2 2 107 79 116 127 128 588 622 764 
70 80 122 106 116 107 110 116 127 128 
80 80 107 106 107 127 110 116 127 128 
80 109 106 107 110 116 128 127 128 862 
70 80 106 125 107 110 116 731 127 128 
104 115 107 124 116 127 128 453 496 850 
80 80 106 110 107 127 110 116 127 128 
80 80 106 107 116 110 116 832 127 128 
80 106 106 110 107 127 110 116 127 128 
80 80 106 110 107 127 110 116 127 128 
80 80 107 106 107 110 116 834 127 128 
80 70 107 109 122 125 128 849 858 968 
2 70 107 109 122 127 125 627 656 805 
80 80 106 110 107 127 110 116 127 128 
70 80 122 106 107 127 110 116 127 128 
70 109 122 125 116 127 128 823 835 904 
80 70 109 110 122 127 125 632 817 889 
80 106 107 110 110 116 127 665 128 897 
70 70 109 125 122 127 125 790 877 977 
80 80 107 106 116 107 110 116 127 128 
80 80 107 106 116 107 110 116 127 128 
2 70 107 109 122 127 125 849 967 980 
80 106 106 110 107 127 110 116 127 128 
80 106 107 107 116 110 128 116 127 128 
70 80 106 125 107 127 110 116 127 128 
70 109 109 125 122 127 125 848 934 966 
80 106 106 110 107 127 110 116 127 128 
80 106 107 110 116 127 128 971 984 986 
80 80 106 110 107 110 128 116 127 128 
70 109 107 122 116 125 128 960 965 973 
70 109 107 122 125 127 128 776 811 947 
80 106 107 107 110 116 127 854 128 977 
80 109 106 107 110 127 116 127 938 128 
80 80 106 110 107 110 116 127 128 893 
80 106 106 110 107 127 110 116 127 128 
45 80 87 106 116 107 110 116 127 128 
70 80 122 106 116 107 110 116 127 128 
70 79 109 110 122 125 128 909 964 977 
80 80 106 107 110 127 116 127 128 914 
70 109 107 122 116 125 128 414 570 835 
70 109 107 122 125 127 128 499 867 954 
80 115 106 110 107 127 110 116 127 128 
2 80 106 107 116 110 116 127 128 909 
70 106 109 110 122 125 128 821 900 977 
70 70 109 125 122 125 128 923 947 996 
80 2 79 110 116 127 128 689 855 909 
80 106 106 107 110 116 128 127 128 993 
80 79 106 107 116 110 128 116 127 128 
70 115 109 110 122 127 125 650 727 864 
80 80 106 107 110 127 116 127 128 998 
80 80 107 106 107 110 128 116 127 128 
80 80 107 106 116 107 110 116 127 128 
80 106 107 107 116 110 116 584 127 128 
80 2 79 110 116 127 128 639 761 993 
80 80 106 110 107 127 110 116 127 128 
2 70 109 110 122 127 125 807 872 988 
80 2 107 79 116 127 128 784 896 958 
2 80 124 106 116 107 110 116 127 128 
80 80 106 107 110 116 127 677 128 835 
80 80 106 107 110 116 128 127 570 128 
70 109 109 125 122 125 128 797 849 991 
80 70 107 109 116 122 125 391 721 845 
104 106 115 124 116 127 128 845 862 900 
2 106 79 110 116 127 128 846 927 943 
80 80 106 107 110 127 116 127 128 989 
80 106 107 110 116 127 128 836 935 951 
80 80 106 110 107 127 110 116 127 128 
80 80 106 107 116 110 128 116 127 128 
80 80 106 107 110 127 116 127 128 963 
80 70 109 110 122 125 128 885 915 926 
80 109 106 125 107 127 110 116 127 128 
80 109 106 125 107 127 110 116 127 128 
80 2 79 110 116 127 128 901 918 945 
80 80 106 107 116 110 116 127 128 924 
80 109 106 107 110 127 116 127 621 128 
80 106 106 107 110 127 116 710 127 128 
70 80 106 125 107 110 116 127 957 128 
70 80 106 125 107 127 110 116 127 128 
129 80 460 106 634 107 110 116 127 128 
2 79 107 110 116 127 128 889 892 925 
80 106 106 107 116 110 128 116 127 128 
80 80 107 106 116 107 110 116 127 128 
80 106 107 110 110 127 116 127 128 978 
80 80 107 106 107 127 110 116 127 128 
70 109 122 125 116 127 128 674 716 814 
80 106 107 110 116 116 128 127 128 915 
80 106 107 110 110 116 127 128 857 878 
80 70 109 122 125 127 128 889 890 934 
80 106 106 107 116 110 128 116 127 128 
80 70 107 109 116 122 125 740 742 985 
80 106 106 110 107 127 110 116 127 128 
70 80 106 107 110 127 116 127 128 966 
80 106 122 107 110 127 116 790 127 128 
80 80 106 110 107 127 110 116 127 128 
80 106 107 110 110 116 128 127 891 128 
70 109 122 110 125 127 128 493 611 830 
80 2 79 110 116 127 128 670 706 859 
80 106 106 110 107 127 110 116 127 128 
80 80 106 110 107 127 110 116 127 128 
80 106 107 110 116 127 128 842 946 960 
80 70 107 109 122 127 125 533 892 916 
80 106 106 110 107 127 110 116 127 128 
80 80 107 106 116 107 110 116 127 128 
80 106 106 107 110 127 116 808 127 128 
80 80 106 107 116 110 116 127 128 852 
70 70 122 109 122 125 128 816 876 952 
80 80 106 107 110 116 127 685 128 985 
80 106 107 110 116 116 128 127 913 128 
80 106 106 110 107 127 110 116 127 128 
45 80 87 106 116 107 110 116 127 128 
80 80 107 106 107 127 110 116 127 128 
7 104 115 124 116 127 128 704 757 986 
80 80 106 110 107 127 110 116 127 128 
70 109 122 125 125 127 128 672 825 982 
80 109 106 107 110 116 128 127 818 128 
70 106 109 122 116 125 128 580 699 880 
80 106 122 107 110 116 127 491 128 983 
80 106 107 107 116 110 116 519 127 128 
70 80 106 107 110 116 127 128 886 999 
70 109 107 122 116 125 128 680 818 849 
80 106 107 110 116 127 128 128 977 1000 
80 70 107 109 116 122 125 630 753 977 
80 80 107 106 116 107 110 116 127 128 
80 80 106 110 107 127 110 116 127 128 
80 80 107 106 107 127 110 116 127 128 
80 106 107 107 116 110 128 116 127 128 
80 109 106 107 110 116 127 333 128 567 
80 80 106 107 116 110 128 116 127 128 
80 70 107 109 116 122 125 610 633 807 
80 106 107 110 110 127 116 645 127 128 
80 80 107 106 107 127 110 116 127 128 
80 106 107 125 110 116 855 127 128 973 
45 71 87 110 116 127 128 874 880 911 
80 80 107 106 107 127 110 116 127 128 
80 70 107 109 116 122 125 607 645 853 
80 106 106 107 116 110 128 116 127 128 
80 106 106 110 107 110 116 127 710 128 
80 106 107 110 116 116 127 717 128 863 
70 109 122 125 125 127 128 316 402 468 
80 70 107 109 116 122 125 693 918 972 
80 80 107 106 116 107 110 116 127 128 
80 109 106 125 107 127 110 116 127 128 
104 80 124 106 107 110 128 116 127 128 
80 106 106 107 110 116 127 695 128 963 
80 80 106 110 107 127 110 116 127 128 
80 106 106 110 107 110 116 816 127 128 
80 70 107 109 116 122 125 716 868 988 
80 80 107 106 116 107 110 116 127 128 
80 109 106 107 367 110 652 116 127 128 
80 106 107 110 116 127 128 128 967 988 
2 80 107 106 116 107 110 116 127 128 
80 80 106 107 116 110 116 919 127 128 
70 109 107 122 116 125 128 841 887 978 
80 80 107 106 107 127 110 116 127 128 
80 80 106 110 107 127 110 116 127 128 
80 106 107 107 116 110 116 708 127 128 
80 80 106 110 107 110 116 654 127 128 
80 109 106 125 107 127 110 116 127 128 
2 79 107 110 116 127 128 766 931 940 
80 79 106 107 110 127 116 127 928 128 
70 80 106 107 116 110 116 868 127 128 
70 109 122 125 116 127 128 828 858 895 
70 80 122 106 116 107 110 116 127 128 
80 80 107 106 107 110 116 127 756 128 
70 109 122 125 125 127 128 871 914 928 
80 106 122 107 116 110 128 116 127 128 
80 106 106 107 110 116 127 128 856 930 
80 106 122 107 116 110 116 729 127 128 
80 70 109 110 122 125 128 673 763 979 
80 80 106 107 116 110 128 116 127 128 
80 80 106 107 110 116 128 127 128 949 
80 106 107 107 110 116 127 128 893 918 
70 186 109 325 122 125 427 488 613 712 
80 80 107 106 116 107 110 116 127 128 
80 70 109 110 122 125 128 798 835 996 
104 80 106 107 116 110 128 116 127 128 
80 104 107 115 124 127 128 713 863 910 
80 106 107 110 110 127 116 127 683 128 
80 106 106 107 110 127 116 127 128 875 
70 109 124 122 125 127 128 690 719 975 
80 80 107 106 116 107 110 116 127 128 
70 109 122 125 116 127 128 694 906 981 
80 109 106 107 110 127 116 417 127 128 
80 80 106 110 107 110 128 116 127 128 
80 80 107 106 116 107 110 116 127 128 
80 79 106 107 116 110 128 116 127 128 
70 80 106 107 116 110 128 116 127 128 
80 106 107 110 110 127 116 667 127 128 
80 70 109 122 125 127 128 764 935 991 
80 70 107 109 122 127 125 864 918 960 
80 80 106 110 107 127 110 116 127 128 
70 109 122 125 116 127 128 740 805 949 
104 106 115 110 124 127 128 547 663 949 
80 106 106 107 110 127 116 127 128 940 
80 80 107 106 116 107 110 116 127 128 
80 106 107 110 110 116 128 127 128 933 
70 80 106 107 110 127 116 924 127 128 
70 109 107 122 116 125 128 727 905 996 
2 79 107 110 116 127 128 623 638 686 
80 70 107 109 116 122 125 656 715 833 
80 70 109 110 122 127 125 908 977 1000 
70 70 109 125 122 125 128 721 777 965 
80 80 107 106 116 107 110 116 127 128 
80 106 107 110 110 116 127 128 919 925 
80 70 109 110 122 125 128 649 791 942 
80 106 107 125 110 502 116 127 896 128 
70 80 106 107 116 110 128 116 127 128 
80 106 107 110 116 116 127 128 910 995 
80 106 107 107 116 110 116 127 919 128 
70 80 106 125 107 110 116 127 899 128 
80 80 106 110 107 127 110 116 127 128 
80 80 107 106 107 127 110 116 127 128 
80 106 107 110 110 127 116 685 127 128 
80 106 106 107 110 127 116 127 891 128 
80 106 106 110 107 127 110 116 127 128 
80 80 106 110 107 127 110 116 127 128 
70 109 122 125 116 127 128 557 722 848 
80 106 107 110 116 116 128 127 128 1000 
80 80 106 110 107 110 128 116 127 128 
80 80 106 110 107 110 116 127 128 974 
70 70 122 109 122 125 128 852 866 940 
80 80 107 106 107 127 110 116 127 128 
80 80 106 107 116 110 128 116 127 128 
70 109 122 125 116 127 128 929 940 980 
80 106 106 110 107 110 128 116 127 128 
70 109 122 110 125 127 128 607 706 838 
80 106 106 107 110 116 128 127 128 971 
104 80 106 107 116 110 128 116 127 128 
80 106 106 107 116 110 128 116 127 128 
70 80 106 125 107 127 110 116 127 128 
80 70 109 122 125 127 128 878 936 1000 
80 80 107 106 116 107 110 116 127 128 
70 80 122 106 107 110 128 116 127 128 
2 70 122 109 625 122 125 824 841 905 
2 70 109 122 116 125 128 646 773 810 
80 106 106 107 116 110 128 116 127 128 
80 80 106 107 110 127 116 912 127 128 
80 106 106 110 107 127 110 116 127 128 
80 106 122 107 110 127 116 381 127 128 
104 70 109 122 125 127 128 737 766 926 
80 2 79 110 116 127 128 860 935 940 
80 106 107 110 116 116 128 127 851 128 
80 80 106 110 107 127 110 116 127 128 
80 80 107 106 107 110 128 116 127 128 
80 80 106 110 107 127 110 116 127 128 
80 80 106 107 110 116 128 127 128 893 
80 106 106 110 107 110 116 815 127 128 
80 109 106 125 107 127 110 116 127 128 
80 106 107 125 110 116 128 127 128 999 
80 2 79 110 116 127 128 773 794 915 
80 106 107 110 110 127 116 703 127 128 
80 106 107 107 110 116 127 128 791 857 
70 80 122 106 116 107 110 116 127 128 
80 109 106 107 116 110 128 116 127 128 
80 80 107 106 116 107 110 116 127 128 
104 80 106 179 107 110 116 127 128 982 
2 70 109 122 125 127 128 907 910 921 
80 80 106 110 107 127 110 116 127 128 
80 106 107 125 110 127 116 127 128 884 
80 106 107 125 110 127 116 127 647 128 
80 70 109 110 122 127 125 764 806 975 
80 106 107 107 116 110 116 127 128 949 
80 2 79 110 116 127 128 754 845 861 
70 80 122 106 116 107 110 116 127 128 
80 104 107 115 116 124 128 740 887 900 
70 109 107 122 125 127 128 809 850 882 
70 106 109 122 125 127 128 855 872 945 
80 80 106 107 116 110 128 116 127 128 
80 106 107 107 110 127 116 127 128 895 
70 109 107 122 125 127 128 691 902 932 
80 106 122 107 116 110 128 116 127 128 
80 106 106 107 116 110 116 127 766 128 
80 80 106 110 107 127 110 116 127 128 
80 70 109 122 125 127 128 700 820 884 
80 80 106 110 107 110 128 116 127 128 
80 80 106 110 107 110 128 116 127 128 
80 106 107 110 110 116 127 128 951 998 
70 80 122 106 107 110 116 127 629 128 
80 80 107 106 107 110 128 116 127 128 
80 106 107 110 116 127 127 128 895 993 
80 80 106 107 116 110 128 116 127 128 
80 109 106 125 107 110 116 127 773 128 
80 106 106 107 116 110 116 716 127 128 
80 70 109 122 125 127 128 584 835 957 
80 70 107 109 122 125 128 856 863 927 
70 106 109 110 122 127 125 743 889 992 
80 70 109 110 122 127 125 887 918 936 
80 2 79 110 116 127 128 721 756 870 
80 80 106 110 107 110 116 127 128 977 
80 80 106 107 116 110 116 679 127 128 
80 2 79 110 116 127 128 672 783 907 
80 70 109 110 122 125 128 966 990 995 
70 80 106 125 107 127 110 116 127 128 
80 70 107 109 122 127 125 670 702 975 
80 106 106 110 107 127 110 116 127 128 
80 70 109 110 122 127 125 850 932 941 
80 106 106 110 107 110 128 116 127 128 
2 80 107 106 107 127 110 116 127 128 
80 106 107 110 110 127 116 769 127 128 
70 80 122 106 116 107 110 116 127 128 
80 80 106 107 116 110 116 127 128 977 
80 106 107 110 116 116 127 128 786 887 
80 80 107 106 107 110 116 696 127 128 
80 109 106 125 107 110 128 116 127 128 
70 106 109 110 122 127 125 717 850 960 
80 109 106 125 107 127 110 116 127 128 
80 106 106 110 107 110 128 116 127 128 
80 106 124 107 116 110 116 127 716 128 
80 80 106 107 116 110 128 116 127 128 
80 70 109 122 125 127 128 407 486 982 
80 70 107 109 116 122 125 626 731 860 
70 80 106 107 110 127 116 127 716 128 
70 80 106 125 107 127 110 116 127 128 
80 106 106 107 116 110 116 726 127 128 
70 70 122 109 122 125 128 666 736 974 
2 80 106 107 110 127 116 127 128 916 
104 80 106 107 110 116 128 127 838 128 
80 80 106 110 107 127 110 116 127 128 
80 104 107 115 116 124 128 822 842 907 
70 80 122 106 107 127 110 116 127 128 
80 106 107 107 110 116 128 127 128 976 
70 109 122 125 116 127 128 727 883 892 
80 80 106 107 116 110 128 116 127 128 
80 115 106 125 107 127 110 116 127 128 
80 80 106 110 107 110 116 643 127 128 
80 106 106 110 107 127 110 116 127 128 
80 109 106 107 564 110 692 116 127 128 
80 106 107 110 110 116 127 822 128 914 
80 109 106 107 110 127 116 127 128 783 
80 106 107 110 110 127 116 127 708 128 
80 106 106 110 107 127 110 116 127 128 
80 80 106 107 110 116 128 127 128 733 
80 106 122 107 110 116 128 127 794 128 
70 109 122 125 116 127 128 789 848 880 
70 80 106 107 110 116 128 127 770 128 
80 80 106 110 107 110 128 116 127 128 
80 80 106 107 116 110 116 791 127 128 
70 80 122 106 107 379 110 116 127 128 
80 80 107 106 107 127 110 116 127 128 
80 80 107 106 107 127 110 116 127 128 
80 106 106 107 116 110 128 116 127 128 
70 70 109 122 116 125 128 750 781 862 
70 109 122 125 116 127 128 877 949 955 
80 80 107 106 107 127 110 116 127 128 
80 106 107 110 110 116 127 128 945 982 
80 106 107 110 110 116 127 128 753 917 
80 106 107 107 110 127 116 870 127 128 
80 106 107 110 110 116 128 127 580 128 
70 79 109 122 125 127 128 505 543 837 
80 106 107 110 110 127 116 127 128 768 
80 80 106 107 110 127 116 559 127 128 
80 106 106 110 107 110 116 802 127 128 
80 106 107 107 110 127 116 127 128 990 
2 70 107 109 116 122 125 898 934 998 
35 70 363 109 122 125 526 643 648 980 
80 70 109 110 122 127 125 795 885 911 
2 80 107 106 116 107 110 116 127 128 
70 109 107 122 116 125 128 679 733 881 
80 80 106 107 116 110 116 127 949 128 
80 70 109 122 125 127 128 723 871 978 
80 106 106 110 107 127 110 116 127 128 
2 106 79 110 116 127 128 612 757 953 
80 70 107 109 122 125 128 755 758 837 
80 80 106 107 116 110 116 847 127 128 
70 106 109 110 122 127 125 941 945 977 
2 70 122 109 116 122 125 817 923 950 
80 55 106 107 226 110 116 127 878 128 
80 80 107 106 116 107 110 116 127 128 
70 70 109 125 122 127 125 911 979 996 
70 106 109 122 125 127 128 662 891 960 
80 70 107 109 122 125 128 694 729 940 
2 106 79 110 116 127 128 619 711 744 
80 2 107 79 116 127 128 824 856 961 
80 106 106 110 107 127 110 116 127 128 
80 70 107 109 116 122 125 656 661 760 
104 109 115 125 124 127 128 930 960 1000 
70 109 122 125 125 127 128 754 819 951 
70 106 109 110 122 127 125 760 778 998 
70 70 109 122 116 125 128 703 806 922 
80 106 106 110 107 127 110 116 127 128 
80 80 106 107 110 127 116 967 127 128 
80 106 106 107 110 127 116 127 551 128 
70 109 122 125 116 127 128 673 712 904 
80 2 107 79 116 127 128 652 778 873 
104 2 79 110 116 127 128 836 898 988 
80 80 107 106 107 110 128 116 127 128 
70 70 122 109 122 127 125 663 693 861 
80 70 109 122 116 125 128 677 727 770 
80 106 107 107 116 110 128 116 127 128 
70 106 109 110 122 125 128 599 866 902 
70 109 122 125 125 127 128 616 627 780 
70 106 109 122 125 127 128 654 700 884 
80 80 107 106 107 110 116 127 771 128 
80 106 107 107 110 127 116 635 127 128 
80 70 107 109 122 125 128 568 648 887 
70 109 122 125 116 127 128 914 935 936 
80 80 107 106 116 107 110 116 127 128 
80 80 106 110 107 110 128 116 127 128 
70 109 122 125 116 127 128 728 740 921 
80 70 109 122 116 125 128 510 870 963 
70 109 122 110 125 127 128 891 900 906 
80 70 109 122 116 125 128 817 894 987 
104 70 109 110 122 127 125 684 816 937 
2 80 107 106 116 107 110 116 127 128 
70 109 122 125 125 127 128 594 912 941 
80 80 106 110 107 127 110 116 127 128 
70 70 122 109 116 122 125 868 922 998 
70 109 109 125 122 125 128 483 718 907 
80 80 107 106 116 107 110 116 127 128 
70 109 122 110 125 127 128 610 845 893 
70 115 109 110 122 125 128 840 921 936 
80 106 107 110 116 127 128 128 870 975 
70 106 109 110 122 127 125 865 866 950 
80 104 115 110 124 127 128 571 748 992 
80 80 107 106 107 110 116 776 127 128 
80 115 106 125 107 127 110 116 127 128 
70 2 79 125 116 127 128 742 796 891 
70 109 107 122 125 127 128 901 908 929 
80 106 106 110 107 110 128 116 127 128 
80 70 109 110 122 125 128 616 722 806 
104 115 124 125 116 127 128 632 870 952 
70 115 109 599 122 125 753 761 854 952 
80 109 106 107 116 110 128 116 127 128 
2 106 79 110 116 127 128 856 958 985 
2 79 107 110 116 127 128 943 949 966 
80 70 107 109 122 125 128 550 709 882 
80 80 107 106 116 107 110 116 127 128 
70 104 122 115 124 127 128 504 806 844 
80 106 107 107 110 116 127 833 128 951 
116 80 308 106 477 107 110 116 127 128 
70 70 122 109 122 127 125 587 663 706 
70 106 109 122 116 125 128 768 782 893 
80 115 106 107 110 116 127 704 128 883 
70 106 109 110 122 127 125 731 935 981 
70 109 122 125 116 127 128 701 860 926 
70 70 109 122 116 125 128 665 752 936 
80 106 106 107 110 116 127 750 128 900 
70 106 109 110 122 125 128 727 746 988 
70 70 109 125 122 127 125 717 835 884 
80 109 106 107 116 110 116 127 868 128 
70 106 109 122 125 127 128 526 547 549 
104 109 115 124 116 127 128 669 675 822 
70 70 122 109 122 127 125 769 852 853 
80 106 106 107 116 110 116 127 128 662 
80 70 109 110 122 125 128 797 874 922 
70 109 122 122 125 127 128 777 885 928 
80 70 107 109 122 125 128 636 866 991 
80 70 107 109 122 125 128 822 847 848 
70 106 109 122 125 127 128 849 927 942 
70 80 122 106 107 110 128 116 127 128 
2 79 107 110 116 127 128 587 708 747 
70 70 122 109 490 122 125 809 819 852 
80 106 107 110 116 127 128 816 888 904 
