130 131 132 133 134 135 136 137 138 
130 131 132 133 134 135 136 137 138 
90 9 107 110 130 131 132 133 134 
50 25 35 74 117 127 125 127 213 
126 128 122 203 192 204 205 206 207 
69 89 91 122 128 127 128 151 152 
41 69 120 126 215 127 128 201 202 
89 69 120 126 127 128 152 201 202 
102 90 118 122 208 126 192 193 194 
69 120 107 126 127 127 128 201 202 
90 113 123 127 192 128 138 139 140 
118 123 127 166 128 181 182 137 183 
118 10 17 106 181 128 163 164 165 
98 111 117 120 135 124 128 211 212 
119 122 128 127 147 148 149 150 138 
98 96 128 107 118 195 196 197 198 
10 98 117 120 163 124 128 211 212 
98 122 74 128 184 157 185 186 187 
128 172 173 174 128 175 146 176 177 
98 38 122 128 160 184 185 186 187 
126 82 111 123 205 128 135 136 137 
47 118 123 127 189 128 181 182 183 
82 98 122 128 184 185 137 186 187 
126 22 203 71 74 155 156 157 158 
9 119 130 122 128 147 148 149 150 
9 110 110 131 130 131 132 133 134 
1 172 44 107 126 176 128 170 171 
5 71 33 155 44 56 128 179 180 
128 172 115 173 215 174 175 176 177 
9 123 110 130 138 131 132 133 134 
118 30 127 38 103 159 160 161 162 
51 47 81 128 128 188 189 190 191 
118 110 123 131 127 128 181 182 183 
102 122 112 184 121 127 208 209 210 
47 127 74 128 156 141 142 143 144 
47 69 120 141 126 127 128 201 202 
119 124 122 128 147 199 148 149 150 
47 9 128 110 130 131 132 133 134 
5 33 44 126 56 170 128 179 180 
5 90 99 107 128 117 127 128 178 
51 172 81 117 127 176 128 145 146 
47 81 128 188 189 176 190 137 191 
90 118 122 159 126 161 192 193 194 
82 69 120 126 135 127 128 201 202 
25 35 107 74 117 128 125 127 213 
69 38 120 159 126 127 128 201 202 
118 123 127 131 128 181 182 183 138 
90 94 116 117 166 128 167 168 169 
96 107 118 188 195 190 196 197 198 
10 82 111 123 128 164 135 136 137 
90 99 107 159 117 161 127 128 178 
47 120 127 127 128 141 142 143 144 
126 47 203 81 128 188 189 190 191 
69 47 126 127 128 141 142 143 144 
94 116 203 117 205 166 167 168 169 
10 116 17 106 128 163 164 137 165 
126 128 74 203 125 204 205 206 207 
1 44 107 126 128 139 170 137 171 
47 127 128 128 141 142 187 143 144 
9 82 110 130 131 132 133 137 134 
82 111 125 123 128 128 135 136 137 
113 124 128 125 142 127 128 199 200 
22 47 81 128 188 189 190 137 191 
102 113 124 127 125 127 128 199 200 
47 99 81 128 127 188 189 190 191 
10 107 17 195 106 128 163 164 165 
48 114 125 126 167 128 169 153 154 
96 98 122 128 184 197 185 186 187 
30 128 172 173 174 161 175 176 177 
113 124 103 125 160 127 128 199 200 
47 118 128 123 127 128 181 182 183 
10 17 106 128 142 163 144 164 165 
94 5 33 166 44 56 128 179 180 
47 127 128 195 141 142 198 143 144 
90 48 107 114 125 126 128 153 154 
96 30 110 38 103 159 160 161 162 
90 98 122 122 128 184 185 186 187 
102 111 112 121 127 208 137 209 210 
128 172 130 173 174 175 134 176 177 
69 38 120 126 127 161 128 201 202 
98 118 128 123 127 128 181 182 183 
30 118 103 123 127 128 181 182 183 
113 124 74 125 156 127 128 199 200 
30 90 99 159 107 117 127 128 178 
90 118 118 122 126 197 192 193 194 
9 90 99 131 107 117 127 128 178 
90 94 116 117 117 166 167 168 169 
10 90 106 118 122 126 192 193 194 
94 10 17 166 106 128 163 164 165 
22 123 71 74 155 156 157 137 158 
1 1 44 126 107 126 128 170 171 
90 118 122 126 192 128 193 137 194 
69 89 91 127 122 127 128 151 152 
90 99 107 214 117 216 127 128 178 
25 5 74 33 44 56 128 179 180 
5 98 44 122 128 184 185 186 187 
69 98 126 117 120 124 128 211 212 
128 82 173 111 123 128 135 136 137 
9 94 130 116 117 166 167 168 169 
90 126 107 128 203 204 205 206 207 
47 5 128 33 44 56 128 179 180 
102 98 122 128 184 185 210 186 187 
94 91 116 127 117 166 167 168 169 
5 122 33 184 44 56 128 179 180 
89 127 91 141 122 127 128 151 152 
119 9 128 110 130 131 132 133 134 
47 22 128 71 74 155 156 157 158 
118 99 123 127 127 128 181 182 183 
5 10 44 17 106 128 163 164 165 
89 118 123 127 128 128 181 182 183 
94 47 127 166 128 141 142 143 144 
9 47 81 131 128 188 189 190 191 
118 91 123 127 128 128 181 182 183 
9 69 120 126 127 133 128 201 202 
9 90 130 118 122 126 192 193 194 
98 127 122 128 142 184 185 186 187 
126 51 81 204 117 127 128 145 146 
51 48 117 114 125 126 128 153 154 
128 47 127 174 128 141 142 143 144 
90 127 99 141 107 117 127 128 178 
113 124 125 125 128 127 128 199 200 
69 81 120 126 127 190 128 201 202 
51 90 99 107 117 127 146 128 178 
90 82 118 125 122 126 192 193 194 
90 47 122 127 128 141 142 143 144 
9 102 112 131 121 127 208 209 210 
69 51 126 81 117 127 128 145 146 
119 122 115 128 215 147 148 149 150 
82 111 128 123 142 128 135 136 137 
48 114 125 125 128 126 128 153 154 
10 17 117 106 128 168 163 164 165 
90 51 81 126 117 127 128 145 146 
102 112 107 121 127 208 171 209 210 
128 113 124 174 125 127 128 199 200 
50 96 107 125 118 195 196 197 198 
113 124 128 125 127 128 199 137 200 
128 118 123 127 175 128 181 182 183 
69 82 111 127 123 128 135 136 137 
48 114 125 159 126 128 153 137 154 
98 118 128 123 127 128 181 182 183 
96 82 118 111 123 128 135 136 137 
96 119 122 128 196 147 148 149 150 
69 81 120 126 128 127 128 201 202 
89 116 91 122 127 128 151 137 152 
90 69 122 120 126 127 128 201 202 
82 1 44 128 107 126 128 170 171 
90 120 99 107 128 117 127 128 178 
94 96 117 107 118 195 196 197 198 
119 50 82 147 119 125 126 127 128 
126 91 128 203 128 204 205 206 207 
98 118 123 124 127 128 181 182 183 
10 81 17 127 106 128 163 164 165 
51 81 117 184 127 128 187 145 146 
119 107 122 128 147 197 148 149 150 
94 128 116 204 117 166 167 168 169 
126 128 117 203 204 168 205 206 207 
119 123 122 128 138 147 148 149 150 
69 90 126 118 122 126 192 193 194 
25 22 71 74 125 155 156 157 158 
47 114 127 126 128 141 142 143 144 
47 5 33 44 56 143 128 179 180 
94 119 104 122 128 147 148 149 150 
94 116 126 117 128 166 167 168 169 
9 10 17 131 106 128 163 164 165 
9 118 123 127 132 128 181 182 183 
113 124 128 125 127 128 199 200 138 
90 118 122 123 127 128 181 182 183 
94 48 114 166 125 126 128 153 154 
98 113 128 123 127 128 138 139 140 
90 90 118 122 126 192 193 137 194 
5 128 33 204 44 56 128 179 180 
126 128 203 204 192 205 206 207 138 
69 120 126 127 128 149 201 202 138 
90 94 122 116 117 166 167 168 169 
47 120 127 128 141 142 143 137 144 
5 38 33 159 44 56 128 179 180 
5 33 203 44 205 56 128 179 180 
69 22 126 71 74 155 156 157 158 
30 1 44 159 107 126 128 170 171 
94 30 117 38 103 159 160 161 162 
118 90 99 107 181 117 127 128 178 
69 122 120 184 126 127 128 201 202 
5 35 33 117 44 56 128 179 180 
118 126 128 203 181 204 205 206 207 
82 123 111 123 138 128 135 136 137 
98 107 122 128 196 184 185 186 187 
94 91 116 117 128 166 167 168 169 
47 113 128 124 125 127 128 199 200 
1 44 107 126 126 193 128 170 171 
25 111 35 74 117 136 125 127 213 
119 9 128 110 130 131 132 133 134 
128 71 172 155 173 174 175 176 177 
51 81 117 126 127 128 145 146 138 
69 120 128 126 127 128 187 201 202 
1 128 107 172 173 174 175 176 177 
47 81 127 128 141 145 142 143 144 
51 99 81 117 117 127 128 145 146 
94 5 117 33 44 56 128 179 180 
48 47 81 128 188 189 190 137 191 
98 122 117 128 184 168 185 186 187 
22 98 74 122 128 184 185 186 187 
119 5 33 147 44 56 128 179 180 
94 98 117 122 128 184 185 186 187 
9 127 110 130 142 131 132 133 134 
51 117 81 124 117 127 128 145 146 
82 48 114 128 125 126 128 153 154 
98 122 117 128 184 168 185 186 187 
47 9 110 130 131 143 132 133 134 
102 122 112 184 121 127 208 209 210 
128 51 81 117 127 176 128 145 146 
126 90 203 99 107 117 127 128 178 
9 10 130 17 106 128 163 164 165 
25 9 74 110 130 131 132 133 134 
118 123 127 117 128 128 181 182 183 
47 90 99 107 117 127 144 128 178 
50 82 111 125 123 128 135 136 137 
89 5 33 127 44 56 128 179 180 
51 110 81 117 132 127 128 145 146 
128 47 127 128 175 141 142 143 144 
90 9 122 110 130 131 132 133 134 
25 119 122 128 125 147 148 149 150 
69 98 117 120 124 201 128 211 212 
5 33 122 44 56 151 128 179 180 
9 81 110 127 130 131 132 133 134 
128 10 173 17 106 128 163 164 165 
10 17 106 128 163 206 164 165 138 
96 107 118 195 196 170 197 198 138 
30 120 38 127 103 159 160 161 162 
10 111 17 106 128 163 137 164 165 
113 25 35 74 138 117 125 127 213 
126 128 203 127 204 205 206 137 207 
118 30 127 38 103 159 160 161 162 
98 17 122 128 128 184 185 186 187 
82 69 120 126 135 127 128 201 202 
118 111 123 128 127 128 181 182 183 
30 38 103 159 160 157 161 162 138 
30 69 120 126 160 127 128 201 202 
41 48 115 114 125 126 128 153 154 
118 110 123 131 127 128 181 182 183 
113 126 125 128 203 204 205 206 207 
48 114 125 126 175 128 153 137 154 
128 90 118 174 122 126 192 193 194 
48 119 125 122 128 147 148 149 150 
69 120 122 126 128 127 128 201 202 
47 89 91 122 127 143 128 151 152 
119 122 122 128 192 147 148 149 150 
94 96 117 107 118 195 196 197 198 
118 116 123 166 127 128 181 182 183 
113 96 107 118 128 195 196 197 198 
47 98 128 122 128 184 185 186 187 
41 113 115 123 127 128 138 139 140 
90 99 107 127 117 151 127 128 178 
51 94 116 117 128 166 167 168 169 
89 69 120 126 128 127 128 201 202 
89 91 91 122 127 128 151 152 138 
30 1 103 44 107 126 128 170 171 
126 51 203 81 117 127 128 145 146 
69 112 120 127 126 127 128 201 202 
22 71 74 155 156 193 157 158 138 
25 1 44 107 125 126 128 170 171 
113 90 99 128 107 117 127 128 178 
82 111 111 128 123 128 135 136 137 
98 123 122 128 128 184 185 186 187 
126 123 128 203 138 204 205 206 207 
5 90 99 107 128 117 127 128 178 
126 128 203 204 128 205 206 207 138 
128 47 81 174 128 188 189 190 191 
126 113 123 127 205 128 138 139 140 
113 123 126 127 128 138 139 137 140 
119 5 128 33 44 56 128 179 180 
119 47 128 81 128 188 189 190 191 
94 107 116 117 196 166 167 168 169 
47 9 110 188 130 131 132 133 134 
118 123 127 128 127 181 182 137 183 
89 1 122 44 107 126 128 170 171 
128 110 172 173 132 174 175 176 177 
30 128 103 172 173 174 175 176 177 
10 123 17 106 128 163 183 164 165 
10 128 17 106 128 206 163 164 165 
113 51 81 128 117 127 128 145 146 
98 117 117 124 120 124 128 211 212 
9 110 119 130 131 127 132 133 134 
48 114 125 126 126 128 128 153 154 
90 50 82 117 119 125 126 127 128 
30 22 71 74 160 155 156 157 158 
47 33 127 128 141 142 143 137 144 
22 10 74 17 106 128 163 164 165 
51 81 117 174 127 176 128 145 146 
113 123 124 128 125 127 128 199 200 
5 10 44 17 106 128 163 164 165 
94 102 116 117 127 166 167 168 169 
69 25 35 74 128 117 125 127 213 
96 5 118 33 44 56 128 179 180 
69 94 126 116 117 166 167 168 169 
50 96 107 118 195 196 197 137 198 
9 47 81 131 128 188 189 190 191 
113 69 120 128 126 127 128 201 202 
102 81 112 127 121 127 208 209 210 
1 98 107 117 120 124 128 211 212 
89 38 91 159 122 127 128 151 152 
113 47 127 81 128 188 189 190 191 
1 44 107 174 126 128 170 171 138 
96 107 117 118 167 195 196 197 198 
47 1 128 44 107 126 128 170 171 
50 69 120 126 126 127 128 201 202 
94 69 120 166 126 127 128 201 202 
118 91 123 127 128 128 181 182 183 
98 122 74 128 156 184 185 186 187 
94 81 116 117 128 166 167 168 169 
90 91 99 127 107 117 127 128 178 
94 98 122 128 184 185 218 186 187 
51 33 81 56 117 127 128 145 146 
48 114 107 125 126 128 128 153 154 
1 124 44 107 126 199 128 170 171 
90 126 128 117 203 204 205 206 207 
113 10 17 128 106 128 163 164 165 
47 127 128 141 142 142 143 144 138 
113 122 123 184 127 128 138 139 140 
25 126 128 117 203 204 205 206 207 
128 120 172 173 174 201 175 176 177 
128 48 173 114 125 126 128 153 154 
47 116 127 128 167 141 142 143 144 
1 118 123 127 128 170 181 182 183 
113 123 173 127 175 128 138 139 140 
9 98 130 122 128 184 185 186 187 
90 99 107 117 205 127 128 137 178 
90 9 110 130 127 131 132 133 134 
47 22 71 74 155 156 191 157 158 
9 94 130 116 117 166 167 168 169 
5 33 44 56 128 197 179 137 180 
113 126 125 128 203 204 205 206 207 
41 113 115 123 127 128 138 139 140 
90 99 128 107 117 127 187 128 178 
90 99 107 188 117 127 191 128 178 
113 5 33 128 44 56 128 179 180 
90 118 122 126 192 182 193 137 194 
22 126 74 128 203 204 205 206 207 
98 117 120 124 160 128 211 212 138 
10 99 17 117 106 128 163 164 165 
5 89 44 91 122 127 128 151 152 
10 48 106 114 125 126 128 153 154 
50 94 116 125 117 166 167 168 169 
48 128 114 204 125 126 128 153 154 
47 71 127 155 128 141 142 143 144 
22 71 130 74 132 155 156 157 158 
128 69 173 120 126 127 128 201 202 
10 128 17 204 106 128 163 164 165 
69 5 126 33 44 56 128 179 180 
47 81 128 195 188 197 189 190 191 
51 81 117 127 163 128 145 146 138 
113 1 125 44 107 126 128 170 171 
126 112 128 203 208 204 205 206 207 
47 82 128 111 123 128 135 136 137 
82 81 111 127 123 128 135 136 137 
98 127 122 128 184 185 186 187 138 
94 44 116 117 128 166 167 168 169 
119 119 128 122 128 147 148 149 150 
90 118 128 122 142 126 192 193 194 
48 114 103 125 160 126 128 153 154 
5 33 44 128 56 136 128 179 180 
90 90 99 126 107 117 127 128 178 
47 113 124 125 127 128 199 200 138 
47 47 128 127 128 141 142 143 144 
10 17 106 128 156 163 164 165 138 
98 1 44 184 107 126 128 170 171 
128 172 172 173 175 174 175 176 177 
90 111 118 128 122 126 192 193 194 
119 128 172 147 173 174 175 176 177 
30 126 128 203 204 205 162 206 207 
48 47 127 128 128 141 142 143 144 
94 102 112 166 121 127 208 209 210 
128 172 173 141 174 143 175 176 177 
98 5 33 184 44 56 128 179 180 
119 113 124 147 125 127 128 199 200 
94 82 116 125 117 166 167 168 169 
10 17 74 106 128 163 164 165 138 
90 99 107 184 117 186 127 128 178 
128 128 172 204 173 174 175 176 177 
98 122 128 131 184 185 186 187 138 
94 9 110 166 130 131 132 133 134 
119 5 128 33 44 56 128 179 180 
126 110 128 203 204 205 134 206 207 
47 120 127 128 141 142 143 144 138 
10 17 106 128 163 164 177 165 138 
102 47 127 127 128 141 142 143 144 
98 9 110 130 131 132 133 137 134 
90 99 122 107 117 127 128 178 138 
47 114 127 128 128 141 142 143 144 
90 118 122 126 192 211 193 194 138 
9 71 110 130 131 132 133 134 138 
9 90 130 99 107 117 127 128 178 
51 48 114 125 126 128 146 153 154 
118 47 127 127 128 141 142 143 144 
47 38 127 159 128 141 142 143 144 
5 82 33 44 126 56 128 179 180 
69 126 128 127 203 204 205 206 207 
90 99 107 117 117 127 127 128 178 
5 128 44 172 173 174 175 176 177 
128 172 103 173 174 175 162 176 177 
126 122 128 184 203 204 205 206 207 
128 1 44 107 175 126 128 170 171 
96 112 107 127 118 195 196 197 198 
119 124 122 127 128 147 148 149 150 
70 98 74 105 130 131 132 137 133 
48 102 112 126 121 127 208 209 210 
90 69 120 126 127 128 128 201 202 
89 117 91 124 122 127 128 151 152 
9 47 130 81 128 188 189 190 191 
41 48 114 125 126 128 217 153 154 
30 38 103 128 159 136 160 161 162 
9 82 111 131 123 128 135 136 137 
96 114 101 126 110 118 127 128 134 
1 30 38 103 159 160 161 137 162 
118 25 35 74 181 117 125 127 213 
70 113 123 127 128 138 133 139 140 
96 107 118 195 196 197 198 137 138 
119 35 122 128 147 148 213 149 150 
79 107 99 103 196 123 124 126 128 
51 81 118 117 127 197 128 145 146 
96 1 118 44 107 126 128 170 171 
102 112 128 121 127 190 208 209 210 
102 110 112 121 132 127 208 209 210 
10 82 106 111 123 128 135 136 137 
22 91 71 127 74 155 156 157 158 
128 127 172 173 142 174 175 176 177 
51 81 117 127 131 128 133 145 146 
30 90 103 99 107 117 127 128 178 
94 82 117 111 123 128 135 136 137 
90 1 44 126 107 126 128 170 171 
70 120 98 127 105 130 131 132 133 
128 128 172 174 173 174 175 176 177 
69 94 126 116 117 166 167 168 169 
25 35 119 74 117 125 127 137 213 
51 107 81 195 117 127 128 145 146 
96 82 101 110 126 118 127 128 134 
50 117 82 124 119 125 126 127 128 
82 111 128 123 148 128 135 136 137 
48 98 125 117 120 124 128 211 212 
113 124 107 125 127 170 128 199 200 
113 44 123 127 128 128 138 139 140 
96 127 107 118 142 195 196 197 198 
70 101 98 105 130 131 132 137 133 
47 89 128 91 122 127 128 151 152 
9 79 99 131 103 123 124 126 128 
89 99 91 123 122 127 128 151 152 
89 91 127 122 181 127 128 151 152 
113 48 125 114 125 126 128 153 154 
22 71 74 131 155 156 134 157 158 
9 119 122 131 128 147 148 149 150 
90 120 118 127 122 126 192 193 194 
9 82 130 111 123 128 135 136 137 
30 122 38 184 103 159 160 161 162 
79 127 99 103 142 123 124 126 128 
118 123 203 127 205 128 181 182 183 
9 94 116 117 132 166 167 168 169 
82 102 123 112 121 127 208 209 210 
96 101 110 126 118 128 127 128 134 
90 17 118 122 163 126 192 193 194 
94 91 116 127 117 166 167 168 169 
94 90 117 99 107 117 127 128 178 
1 126 128 203 204 205 171 206 207 
90 99 118 122 127 126 192 193 194 
50 48 119 114 125 126 128 153 154 
79 99 103 127 123 151 124 126 128 
96 107 103 118 195 196 197 137 198 
98 5 33 124 44 56 128 179 180 
128 96 173 107 118 195 196 197 198 
118 123 122 127 128 151 181 182 183 
30 124 38 103 128 159 160 161 162 
90 82 99 107 117 127 128 128 178 
9 114 110 130 131 153 132 133 134 
48 118 114 125 126 128 153 137 154 
98 113 124 125 127 186 128 199 200 
69 94 126 102 104 126 127 128 218 
102 50 121 82 119 125 126 127 128 
30 38 203 103 205 159 160 161 162 
48 114 130 125 126 133 128 153 154 
69 51 81 117 127 128 145 137 146 
1 122 44 147 107 126 128 170 171 
119 102 112 147 121 127 208 209 210 
30 38 74 103 156 159 160 161 162 
30 38 173 103 159 176 160 161 162 
28 25 35 74 117 115 125 127 213 
128 172 130 173 174 175 134 176 177 
9 90 130 118 122 126 192 193 194 
47 113 123 141 127 128 138 139 140 
82 123 111 123 128 135 136 137 137 
79 30 103 38 103 159 160 161 162 
90 99 125 107 128 117 127 128 178 
25 101 35 74 127 117 125 127 213 
94 126 117 128 203 204 205 206 207 
28 25 35 74 109 117 125 127 213 
102 90 121 118 122 126 192 193 194 
119 90 99 147 107 117 127 128 178 
94 117 102 124 104 126 127 128 218 
128 50 82 174 119 125 126 127 128 
98 116 122 166 128 184 185 186 187 
102 112 119 121 126 127 208 209 210 
25 35 119 74 117 125 128 127 213 
113 107 123 127 196 128 138 139 140 
