101 101 117 107 117 118 128 705 771 898 
101 101 107 118 117 118 128 846 850 941 
101 107 117 117 125 118 128 237 725 820 
101 107 107 118 117 118 128 944 949 981 
101 101 107 117 125 118 128 773 904 906 
101 107 107 117 118 126 128 702 783 833 
101 101 107 118 117 126 118 581 650 831 
101 101 117 107 117 118 128 736 795 920 
101 107 107 118 117 118 128 836 910 954 
101 107 107 118 117 126 118 790 808 885 
101 29 73 92 125 98 114 787 805 977 
101 101 107 118 117 126 118 827 961 971 
101 101 117 107 117 118 128 693 981 993 
101 101 107 117 125 118 128 725 859 922 
101 107 117 118 118 280 476 627 965 988 
101 101 107 118 117 354 118 553 700 984 
101 107 107 118 117 118 128 576 579 975 
101 101 117 107 117 584 118 736 764 798 
101 107 117 117 125 118 128 805 889 928 
101 107 117 118 276 321 368 406 787 910 
101 101 117 107 328 117 118 449 657 826 
101 107 117 118 125 126 128 712 717 912 
101 107 117 117 118 518 526 562 820 832 
101 107 117 118 125 126 128 746 960 985 
101 101 117 107 125 117 118 792 953 978 
101 107 117 118 125 126 128 762 824 950 
18 101 120 107 117 118 128 718 906 934 
101 107 117 118 125 126 128 771 970 983 
101 101 107 118 117 118 128 447 769 918 
14 101 91 107 125 117 118 814 889 937 
101 107 107 117 125 118 128 588 865 956 
101 107 117 118 125 126 128 651 776 934 
101 101 107 117 125 118 128 780 807 909 
101 107 107 118 117 118 128 600 756 801 
101 107 107 117 118 126 128 912 956 989 
101 107 107 117 125 118 128 661 767 877 
101 101 117 107 125 117 118 829 861 979 
101 107 117 118 118 126 128 781 813 822 
101 107 117 118 618 641 688 852 866 883 
101 101 107 117 125 118 128 722 843 916 
101 101 117 107 117 118 556 603 785 835 
101 101 107 118 117 118 128 826 914 971 
101 101 117 107 117 118 128 614 716 930 
101 107 117 118 125 126 128 854 865 893 
101 107 117 117 125 118 128 888 902 999 
101 101 117 107 117 447 118 825 874 876 
101 107 117 118 118 126 128 689 866 950 
101 107 107 117 125 118 128 588 622 764 
101 101 107 117 125 118 128 715 889 929 
101 101 107 117 118 126 128 583 670 996 
101 107 117 117 118 450 553 618 654 862 
101 107 107 118 117 118 623 731 782 948 
101 101 117 107 117 272 118 453 496 850 
101 107 107 118 117 118 128 804 854 983 
101 101 107 117 125 118 128 832 880 954 
101 101 107 118 117 767 118 828 862 883 
101 107 107 117 125 118 128 767 858 871 
101 101 117 107 125 117 118 834 873 933 
101 107 117 117 118 126 128 849 858 968 
101 101 117 107 125 117 118 627 656 805 
101 107 107 117 125 118 128 663 807 936 
101 101 107 118 117 118 616 746 747 967 
101 101 117 107 125 117 118 823 835 904 
101 107 107 117 118 126 128 632 817 889 
101 107 117 118 125 126 128 665 776 897 
101 101 107 117 125 118 128 790 877 977 
101 107 117 118 118 126 128 627 904 985 
101 101 117 107 125 117 118 583 701 798 
101 107 117 118 125 126 128 849 967 980 
101 101 117 107 117 126 118 851 894 958 
101 107 117 118 125 126 128 927 946 993 
101 101 107 118 117 118 786 813 899 1000 
101 101 107 118 117 118 128 848 934 966 
18 107 28 118 120 122 128 125 126 128 
101 101 117 107 125 117 118 971 984 986 
101 107 107 118 117 559 118 699 848 965 
101 107 117 117 118 725 958 960 965 973 
101 107 107 118 117 126 118 776 811 947 
101 101 107 118 117 654 118 854 942 977 
101 107 117 118 125 126 128 928 938 1000 
101 107 117 118 243 274 279 353 665 893 
101 107 117 117 118 681 737 866 921 966 
101 101 107 117 125 118 128 681 847 955 
101 101 107 117 125 118 128 462 591 701 
101 101 107 117 118 126 128 909 964 977 
101 107 120 117 118 126 128 636 830 914 
101 101 107 117 118 291 348 414 570 835 
101 107 107 118 117 118 128 499 867 954 
101 101 117 107 125 117 118 644 731 944 
101 107 117 117 118 126 128 815 902 909 
101 101 107 118 117 126 118 821 900 977 
101 101 117 107 685 117 118 923 947 996 
101 101 107 118 117 118 128 689 855 909 
101 107 107 117 118 126 128 863 960 993 
101 101 117 107 125 117 118 400 579 975 
101 101 117 107 117 118 128 650 727 864 
101 101 117 107 117 126 118 578 639 998 
101 101 117 107 114 117 118 636 692 932 
101 101 117 107 117 118 128 627 864 897 
101 101 107 117 118 126 128 584 832 899 
101 107 117 117 118 423 495 639 761 993 
101 101 117 107 117 126 118 745 846 954 
101 107 107 118 117 126 118 807 872 988 
101 101 107 118 117 126 118 784 896 958 
101 107 117 117 118 536 558 569 579 1000 
101 101 107 117 118 550 557 677 687 835 
101 101 117 107 125 117 118 534 570 989 
101 107 107 117 125 118 128 797 849 991 
101 107 107 118 117 118 371 391 721 845 
101 101 117 107 117 126 118 845 862 900 
101 101 117 107 125 117 118 846 927 943 
101 107 117 118 118 126 128 682 799 989 
101 107 107 118 117 126 118 836 935 951 
101 107 107 118 117 126 118 771 861 942 
101 101 117 107 117 126 118 708 860 930 
101 101 107 118 117 442 118 591 645 963 
101 101 117 107 117 126 118 885 915 926 
101 101 107 118 117 126 118 774 775 938 
101 107 117 117 118 126 128 806 903 952 
101 101 117 107 125 117 118 901 918 945 
101 107 107 118 117 126 118 729 750 924 
101 101 117 107 117 118 405 421 621 741 
101 107 107 117 125 118 128 710 714 830 
101 107 117 117 125 118 128 693 957 986 
101 101 107 118 117 118 128 707 770 875 
101 107 107 118 117 126 118 855 954 986 
101 107 107 118 117 118 128 889 892 925 
101 101 117 107 117 126 118 659 681 925 
101 101 117 107 117 118 128 822 836 927 
101 101 107 117 125 118 128 745 855 978 
101 107 117 117 118 705 735 750 886 923 
101 101 107 117 114 118 626 674 716 814 
101 107 107 118 117 126 118 737 800 915 
101 107 117 117 118 688 761 853 857 878 
101 107 107 117 125 118 128 889 890 934 
101 107 117 117 118 126 128 852 893 958 
101 107 107 117 118 126 128 740 742 985 
101 101 107 118 117 118 577 846 916 984 
101 101 117 107 117 118 128 825 932 966 
101 107 107 118 117 126 118 790 860 984 
101 107 117 117 118 126 128 850 865 919 
101 107 107 118 117 126 118 828 891 932 
101 107 107 118 117 235 118 493 611 830 
101 101 107 118 117 118 128 670 706 859 
101 107 107 117 125 118 128 673 860 869 
101 101 107 118 117 126 118 732 773 983 
101 107 107 117 118 536 736 842 946 960 
101 107 107 117 118 126 128 533 892 916 
101 101 117 107 117 126 118 891 907 970 
101 107 107 117 125 118 128 861 946 980 
14 82 117 91 125 116 128 808 903 920 
101 107 117 117 118 126 128 675 838 852 
101 107 107 117 118 126 128 816 876 952 
101 101 107 118 117 126 118 685 708 985 
101 101 107 118 117 118 128 877 913 978 
101 101 117 107 117 126 118 792 877 942 
101 101 117 107 117 126 118 963 974 980 
101 101 117 107 125 117 118 850 853 879 
101 101 107 117 125 118 128 704 757 986 
101 107 107 118 117 126 118 855 907 990 
101 107 107 118 117 126 118 672 825 982 
101 101 107 117 125 118 128 747 818 968 
101 101 107 118 117 126 118 580 699 880 
101 101 117 107 117 126 118 491 835 983 
101 101 107 117 118 126 128 519 606 645 
101 107 117 117 118 126 128 871 886 999 
101 101 107 118 117 118 128 680 818 849 
101 101 107 117 118 126 128 904 977 1000 
101 101 117 107 125 117 118 630 753 977 
101 107 107 118 117 118 128 912 946 954 
101 107 107 117 125 118 128 810 954 969 
101 107 117 117 118 126 128 772 810 922 
18 28 120 118 122 205 125 535 126 128 
101 107 107 117 118 183 315 333 392 567 
101 101 117 107 125 117 118 673 811 920 
101 107 117 117 125 118 128 610 633 807 
101 101 117 107 125 117 118 645 742 886 
101 101 117 107 117 118 725 735 795 963 
101 107 107 118 117 126 118 911 934 973 
101 107 107 117 376 118 608 874 880 911 
101 101 107 117 118 441 470 851 875 947 
101 107 117 118 118 126 128 607 645 853 
101 101 107 118 117 118 535 871 911 919 
101 107 107 117 118 404 526 566 710 747 
101 101 117 107 117 118 128 717 856 863 
101 101 107 118 117 126 118 316 402 468 
101 107 107 117 118 126 128 693 918 972 
101 107 107 118 117 118 128 810 845 879 
101 107 107 117 125 118 128 726 758 866 
101 127 107 117 125 118 128 808 875 908 
101 101 107 118 117 118 653 695 751 963 
101 101 117 107 117 118 556 665 890 931 
101 107 107 117 118 443 486 816 925 943 
101 107 107 118 117 126 118 716 868 988 
101 101 117 107 316 117 118 656 951 996 
101 107 107 117 118 557 652 658 673 805 
101 107 117 118 118 126 128 898 967 988 
101 101 107 117 346 118 740 801 816 896 
101 101 107 118 117 809 118 919 923 928 
101 101 107 117 125 118 128 841 887 978 
18 82 28 120 122 126 125 774 126 128 
18 18 28 120 122 125 128 126 733 128 
18 14 82 91 125 116 128 708 752 936 
101 107 117 117 118 452 499 654 661 685 
18 107 28 120 154 122 338 125 126 128 
29 28 73 122 92 126 98 114 931 940 
18 127 28 120 122 125 128 126 128 955 
18 28 120 120 125 122 125 868 126 128 
18 28 120 120 125 122 125 828 126 128 
119 28 127 122 125 126 128 710 891 989 
18 28 120 120 122 125 128 126 128 861 
18 18 120 28 120 122 128 125 126 128 
18 18 28 122 120 122 125 126 807 128 
18 119 120 127 125 126 128 807 856 930 
18 28 120 120 122 126 125 126 942 128 
101 18 28 118 120 122 128 125 126 128 
18 18 120 28 120 126 122 125 126 128 
119 29 117 73 125 92 98 114 879 949 
18 28 117 120 674 122 745 125 126 128 
18 18 120 28 120 122 128 125 126 128 
18 18 28 120 125 122 125 720 126 128 
18 119 120 127 125 126 128 798 835 996 
18 28 120 122 444 125 126 808 128 886 
119 18 120 28 125 120 122 125 126 128 
18 28 28 122 120 126 122 125 126 128 
101 18 28 118 120 615 122 125 126 128 
18 28 120 120 122 125 128 126 719 128 
18 107 28 120 652 122 801 125 126 128 
18 28 120 120 125 122 125 126 128 981 
101 18 117 28 194 120 122 125 126 128 
119 18 120 28 120 122 125 872 126 128 
119 107 127 118 125 126 128 615 828 872 
18 107 28 120 125 122 128 125 126 128 
18 18 28 120 125 122 128 125 126 128 
18 28 120 122 122 125 126 128 870 914 
18 18 28 120 122 126 125 126 128 991 
18 119 120 127 125 126 128 864 918 960 
119 107 127 118 484 556 833 883 967 997 
18 119 127 122 125 126 128 740 805 949 
18 18 120 28 120 126 122 125 126 128 
29 18 92 28 114 120 122 125 126 128 
101 18 117 28 449 120 122 125 126 128 
18 28 28 122 120 126 122 125 126 128 
18 28 28 122 120 126 122 125 126 128 
18 28 120 122 122 126 125 126 905 128 
18 28 91 120 125 122 125 126 638 128 
18 28 117 120 125 122 128 125 126 128 
101 18 117 28 120 710 122 125 126 128 
18 18 120 28 120 122 128 125 126 128 
18 28 117 120 122 125 126 697 128 883 
18 28 120 120 122 125 128 126 919 128 
18 18 28 122 120 126 122 125 126 128 
18 28 143 120 461 122 682 125 126 128 
119 18 28 120 329 122 125 571 126 128 
18 18 28 120 122 125 128 126 128 995 
18 127 28 122 120 126 122 125 126 128 
18 18 120 28 120 126 122 125 126 128 
18 18 28 120 125 122 125 126 799 128 
119 119 127 323 528 619 713 782 884 931 
119 127 120 122 125 126 128 685 869 934 
18 28 28 120 125 122 125 126 128 914 
18 127 28 122 120 122 125 126 844 128 
119 315 127 455 544 614 698 707 930 959 
18 119 120 127 125 126 128 557 722 848 
18 119 127 122 125 126 128 739 756 1000 
18 127 28 120 120 122 125 126 938 128 
18 28 120 122 125 125 128 126 937 128 
29 18 92 28 114 120 122 125 126 128 
29 18 28 98 120 126 122 125 126 128 
18 119 120 127 125 126 128 469 588 857 
119 127 120 122 125 126 128 929 940 980 
18 28 92 120 114 122 128 125 126 128 
18 28 120 122 125 126 126 128 706 838 
18 18 120 28 125 120 122 125 126 128 
18 18 120 28 120 122 125 671 126 128 
119 18 28 120 122 125 126 128 912 995 
18 18 28 122 120 122 125 671 126 128 
119 127 174 593 718 736 751 878 936 1000 
18 28 120 120 122 126 125 126 128 977 
29 18 92 28 114 120 122 125 126 128 
119 18 28 120 625 122 787 125 126 128 
119 127 287 395 435 552 585 646 773 810 
18 28 120 122 122 126 125 932 126 128 
18 127 28 122 120 122 125 912 126 128 
18 18 120 28 120 126 122 125 126 128 
18 28 120 122 125 126 126 128 622 845 
18 127 28 120 122 126 125 737 126 128 
119 127 120 122 125 126 128 860 935 940 
18 18 120 28 120 122 125 840 126 128 
119 28 127 122 125 126 128 760 773 983 
18 18 28 120 125 122 125 126 128 912 
18 28 120 120 122 125 128 126 128 979 
18 78 28 545 120 122 125 126 128 893 
119 18 120 28 125 120 122 125 126 128 
18 18 120 28 120 122 128 125 126 128 
18 79 28 120 384 122 551 125 126 128 
18 28 120 122 125 126 128 773 794 915 
18 18 120 28 120 122 125 126 128 910 
119 28 127 122 125 126 128 734 791 857 
119 18 28 325 120 122 125 126 782 128 
119 28 127 122 125 126 128 696 786 839 
18 28 28 120 125 122 125 672 126 128 
119 14 120 82 91 116 128 807 889 982 
119 18 28 120 122 125 126 128 910 921 
18 127 28 120 125 122 128 125 126 128 
18 28 28 120 122 126 125 126 748 128 
18 119 127 122 125 126 128 507 647 669 
119 18 28 120 125 122 125 126 128 975 
18 18 28 120 125 122 128 125 126 128 
18 28 92 120 114 122 125 126 845 128 
18 28 120 122 122 126 125 126 908 128 
18 28 28 122 120 122 128 125 126 128 
18 28 28 122 120 126 122 125 126 128 
18 18 28 120 122 126 125 126 872 128 
119 18 28 120 122 126 125 126 128 934 
18 28 28 120 125 122 128 125 126 128 
18 18 120 28 120 126 122 125 126 128 
18 28 120 122 122 125 128 126 128 992 
18 28 120 122 125 126 128 750 766 910 
18 18 28 120 125 122 128 125 126 128 
18 18 120 28 125 120 122 125 126 128 
18 18 28 122 120 122 128 125 126 128 
29 18 28 98 120 126 122 125 126 128 
29 28 73 92 98 126 114 772 951 998 
18 28 120 122 122 126 125 581 126 128 
18 28 120 122 122 125 126 713 128 996 
119 127 120 122 125 126 128 712 895 993 
18 119 127 122 125 126 128 790 868 885 
18 119 127 122 125 126 128 759 773 902 
18 18 120 28 125 120 122 125 126 128 
18 18 120 28 120 126 122 125 126 128 
18 18 120 28 125 120 122 125 126 128 
18 18 28 120 125 122 125 126 128 992 
18 18 28 120 122 125 126 887 128 936 
18 73 28 120 122 125 640 126 128 870 
18 28 120 122 122 126 125 126 902 128 
18 28 120 120 122 125 126 128 770 937 
18 28 120 122 125 126 128 672 783 907 
18 28 28 122 120 122 128 125 126 128 
18 28 28 120 122 126 125 126 970 128 
18 28 120 120 125 122 128 125 126 128 
18 18 28 122 120 122 128 125 126 128 
18 18 120 28 120 122 125 850 126 128 
18 18 120 28 120 126 122 125 126 128 
119 18 120 28 120 122 128 125 126 128 
119 18 92 28 114 120 122 125 126 128 
3 28 95 122 125 126 128 717 746 781 
119 18 28 120 125 122 128 125 126 128 
18 18 28 120 122 126 125 694 126 128 
119 127 92 98 114 126 128 696 829 994 
119 28 127 122 125 126 128 731 774 962 
18 119 120 127 125 126 128 717 850 960 
18 28 120 122 122 126 125 126 128 894 
18 28 120 120 122 126 125 625 126 128 
18 28 28 122 120 126 122 125 126 128 
18 28 120 120 122 126 125 559 126 128 
18 18 120 28 125 120 122 125 126 128 
18 18 28 122 120 122 128 125 126 128 
18 18 120 28 120 122 128 125 126 128 
18 18 120 28 125 120 122 125 126 128 
18 18 120 28 120 126 122 125 126 128 
119 28 127 122 125 126 128 666 736 974 
18 127 28 120 122 126 125 686 126 128 
18 73 28 98 120 122 125 830 126 128 
18 18 28 122 120 126 122 125 126 128 
18 119 120 127 125 126 128 822 842 907 
18 18 28 122 120 122 125 527 126 128 
3 28 95 122 125 126 128 820 966 976 
94 200 219 255 304 650 703 727 883 892 
18 28 28 120 122 125 126 827 128 930 
18 28 28 122 120 122 125 780 126 128 
14 18 28 116 120 227 122 125 126 128 
119 18 120 28 125 120 122 125 126 128 
18 28 120 120 125 122 128 125 126 128 
18 28 336 120 122 594 125 822 126 128 
18 18 28 122 120 126 122 125 126 128 
18 28 120 122 122 125 128 126 128 971 
119 127 120 122 125 126 128 817 850 853 
18 119 120 127 125 126 128 716 730 733 
18 28 120 120 125 122 128 125 126 128 
119 127 127 122 125 126 128 789 848 880 
18 28 28 122 120 122 128 125 126 128 
3 28 95 122 125 126 128 712 755 860 
18 119 120 127 125 126 128 791 820 997 
18 18 120 28 125 120 122 125 126 128 
119 119 127 98 114 126 128 881 958 962 
29 18 92 28 114 120 122 125 126 128 
3 28 95 122 125 126 128 750 926 936 
18 28 120 122 122 125 126 750 128 862 
18 28 28 122 120 122 128 125 126 128 
18 28 120 120 122 125 126 721 128 868 
18 18 120 28 125 120 122 125 126 128 
18 18 28 122 120 122 125 655 126 128 
119 18 120 28 120 122 125 870 126 128 
18 3 120 95 125 126 128 557 580 670 
18 18 120 28 120 122 128 125 126 128 
18 18 28 120 122 125 128 126 611 128 
119 127 127 98 114 438 450 559 732 961 
18 18 28 120 122 125 126 128 854 890 
119 18 120 28 125 120 122 125 126 128 
18 119 127 122 125 126 128 898 934 998 
119 119 127 404 444 448 526 643 648 980 
18 18 120 28 125 120 122 125 126 128 
18 18 28 120 125 122 128 125 126 128 
29 73 76 92 98 441 114 679 733 881 
18 119 127 122 125 126 128 851 949 966 
119 119 484 127 638 662 689 723 871 978 
119 127 250 360 373 398 526 735 863 891 
18 18 120 28 120 126 122 125 126 128 
14 127 82 122 91 116 128 755 758 837 
119 29 73 92 125 98 128 114 863 876 
18 29 73 92 98 114 128 941 945 977 
119 119 127 116 259 661 796 817 923 950 
119 127 120 122 125 126 128 564 878 893 
119 119 120 127 125 126 128 708 738 903 
29 119 92 127 114 738 806 911 979 996 
18 3 120 95 125 126 128 662 891 960 
119 95 127 122 125 126 128 694 729 940 
18 119 120 127 125 126 128 619 711 744 
18 18 296 28 537 120 122 125 126 128 
2 18 28 184 120 313 122 125 126 128 
29 119 127 98 114 126 128 656 661 760 
18 28 28 122 120 122 128 125 126 128 
119 18 28 120 125 122 128 125 126 128 
119 127 92 98 114 126 128 760 778 998 
119 127 120 122 125 126 128 703 806 922 
18 28 28 122 120 122 125 126 820 128 
119 119 127 98 114 842 858 967 987 997 
18 119 120 127 125 126 128 472 551 717 
119 127 120 122 125 126 128 673 712 904 
18 18 120 28 125 120 122 125 126 128 
14 28 82 122 91 126 116 836 898 988 
119 18 316 28 467 120 122 125 126 128 
119 127 120 122 125 126 128 663 693 861 
91 18 28 320 120 497 122 125 126 128 
119 127 91 116 125 126 128 627 891 903 
29 73 92 122 98 114 128 599 866 902 
18 18 28 120 122 126 125 126 128 780 
29 119 92 127 114 569 625 654 700 884 
14 127 82 122 91 116 128 760 771 868 
119 14 82 91 116 126 128 635 725 779 
18 119 120 127 125 126 128 568 648 887 
119 29 73 92 665 98 912 114 935 936 
75 119 120 127 125 126 128 674 692 866 
4 55 60 210 368 526 632 645 820 860 
18 28 28 122 120 122 125 126 128 921 
18 316 28 408 120 122 125 510 126 128 
209 223 270 340 387 833 849 891 900 906 
18 28 120 120 122 125 128 126 894 128 
119 127 120 122 125 126 128 684 816 937 
119 119 127 279 560 693 793 823 888 971 
3 73 95 98 114 389 521 594 912 941 
18 28 28 120 125 122 128 125 126 128 
35 85 121 312 393 804 842 868 922 998 
18 119 127 122 125 126 128 483 718 907 
190 119 420 127 490 511 553 726 810 901 
18 28 120 120 122 125 126 128 845 893 
29 398 73 92 686 98 114 840 921 936 
119 119 120 127 125 126 128 489 870 975 
119 119 120 127 125 126 128 865 866 950 
14 82 91 122 116 126 128 571 748 992 
3 119 120 127 125 126 128 776 833 884 
18 18 28 120 125 122 125 621 126 128 
18 127 28 120 571 122 649 125 126 128 
18 119 127 122 125 126 128 901 908 929 
119 28 127 122 125 126 128 806 885 967 
119 119 120 127 125 126 128 616 722 806 
14 82 91 116 510 578 584 632 870 952 
119 119 120 127 125 126 128 761 854 952 
18 119 127 122 125 126 128 764 883 957 
119 119 127 209 221 640 747 856 958 985 
119 119 120 127 125 126 128 943 949 966 
18 119 127 122 125 126 128 550 709 882 
119 119 120 127 125 126 128 777 785 843 
119 28 127 122 125 126 128 504 806 844 
18 119 127 122 125 126 128 833 898 951 
19 50 120 57 93 126 128 668 670 859 
119 127 120 122 125 126 128 587 663 706 
119 119 127 122 125 126 128 768 782 893 
119 127 120 122 125 126 128 704 841 883 
119 18 28 672 120 122 125 731 126 128 
18 14 120 82 91 116 128 701 860 926 
119 62 127 361 376 444 601 665 752 936 
18 29 120 73 125 92 98 114 753 900 
18 28 28 122 120 126 122 125 126 128 
119 127 120 122 125 126 128 717 835 884 
18 29 73 122 92 98 128 114 868 932 
119 3 231 95 285 329 339 526 547 549 
18 28 120 122 390 125 651 126 128 822 
119 119 127 122 125 126 128 769 852 853 
119 28 127 122 125 126 128 626 636 662 
37 119 127 113 125 126 128 797 874 922 
14 28 82 91 125 116 128 777 885 928 
119 127 410 449 471 482 621 636 866 991 
94 168 395 429 713 733 808 822 847 848 
29 400 573 619 650 705 776 849 927 942 
36 18 28 120 122 568 125 126 807 128 
119 28 127 122 125 126 128 587 708 747 
119 73 127 98 114 657 732 809 819 852 
119 127 120 122 125 126 128 816 888 904 
