26 26 104 98 428 447 610 705 771 898 
41 26 98 112 115 116 126 128 850 941 
26 75 98 112 115 116 126 128 725 820 
75 26 319 98 763 923 939 944 949 981 
41 26 98 112 115 116 126 128 904 906 
26 98 188 272 311 463 531 702 783 833 
26 98 78 112 115 116 126 128 650 831 
26 98 98 118 538 594 695 736 795 920 
26 98 78 112 115 116 126 128 910 954 
26 75 98 112 115 116 126 128 808 885 
26 98 78 112 115 116 126 128 805 977 
26 98 78 112 115 116 126 128 961 971 
26 26 98 339 437 448 505 693 981 993 
26 26 98 112 115 116 126 128 859 922 
39 26 98 182 228 280 476 627 965 988 
26 98 78 112 115 116 126 128 700 984 
26 98 241 244 261 317 388 576 579 975 
26 98 376 429 439 584 735 736 764 798 
26 26 98 591 614 733 798 805 889 928 
41 26 78 98 115 116 126 128 787 910 
26 98 198 256 328 376 431 449 657 826 
26 26 78 98 115 116 126 128 717 912 
39 26 98 127 115 116 126 128 820 832 
26 26 78 98 115 116 126 128 960 985 
26 98 98 543 655 657 754 792 953 978 
26 26 104 98 412 432 529 762 824 950 
26 98 117 125 306 545 690 718 906 934 
26 388 98 640 674 680 698 771 970 983 
26 75 98 112 115 116 126 128 769 918 
26 27 98 125 115 116 126 128 889 937 
26 98 175 228 303 324 538 588 865 956 
26 98 78 112 115 116 126 128 776 934 
25 26 117 98 115 116 126 128 807 909 
41 26 78 98 115 116 126 128 756 801 
41 26 98 112 115 116 126 128 956 989 
26 75 98 112 115 116 126 128 767 877 
26 75 98 112 115 116 126 128 861 979 
26 98 334 335 404 533 679 781 813 822 
39 26 73 98 618 641 688 852 866 883 
34 26 85 98 308 382 464 722 843 916 
26 98 78 112 115 116 126 128 785 835 
338 26 98 570 723 752 760 826 914 971 
26 26 98 118 580 587 602 614 716 930 
26 98 78 112 115 116 126 128 865 893 
26 98 98 189 776 829 877 888 902 999 
26 26 98 387 434 447 745 825 874 876 
39 26 98 127 430 447 475 689 866 950 
26 75 98 112 115 116 126 128 622 764 
26 98 280 314 407 573 697 715 889 929 
26 26 98 257 289 426 514 583 670 996 
26 26 208 98 375 450 553 618 654 862 
113 26 98 264 425 549 623 731 782 948 
26 26 98 185 252 272 366 453 496 850 
41 26 78 98 115 116 126 128 854 983 
26 119 98 302 439 511 544 832 880 954 
26 98 369 479 595 767 783 828 862 883 
26 98 102 136 137 203 633 767 858 871 
41 26 78 98 115 116 126 128 873 933 
26 98 78 112 115 116 126 128 858 968 
26 26 98 112 115 116 126 128 656 805 
26 119 98 464 509 532 625 663 807 936 
26 92 98 118 587 601 616 746 747 967 
26 98 146 308 458 616 649 823 835 904 
26 26 98 320 345 380 436 632 817 889 
26 26 98 215 381 383 461 665 776 897 
41 26 98 112 115 116 126 128 877 977 
26 98 78 112 115 116 126 128 904 985 
26 75 98 112 115 116 126 128 701 798 
26 119 98 353 371 427 592 849 967 980 
26 26 98 112 115 116 126 128 894 958 
26 98 78 112 115 116 126 128 946 993 
26 98 78 112 115 116 126 128 899 1000 
26 98 347 437 454 658 767 848 934 966 
26 92 98 118 115 116 126 128 823 992 
26 26 78 98 115 116 126 128 984 986 
26 26 98 461 533 559 641 699 848 965 
26 98 98 112 115 116 126 128 965 973 
26 26 98 112 115 116 126 128 811 947 
26 98 98 112 115 116 126 128 942 977 
113 26 78 98 115 116 126 128 938 1000 
26 26 116 98 243 274 279 353 665 893 
26 98 98 419 460 681 737 866 921 966 
41 26 78 98 115 116 126 128 847 955 
26 26 98 206 346 369 442 462 591 701 
26 26 276 98 395 828 877 909 964 977 
26 92 98 118 586 617 628 636 830 914 
26 26 98 163 189 291 348 414 570 835 
41 26 98 112 115 116 126 128 867 954 
26 98 78 112 115 116 126 128 731 944 
26 98 104 118 115 116 126 128 902 909 
41 26 98 112 115 116 126 128 900 977 
26 26 98 426 685 696 732 923 947 996 
26 98 78 112 115 116 126 128 855 909 
26 98 444 474 652 838 856 863 960 993 
41 26 98 112 115 116 126 128 579 975 
26 26 98 366 444 572 610 650 727 864 
26 75 98 112 115 116 126 128 639 998 
41 26 78 98 115 116 126 128 692 932 
26 98 78 112 115 116 126 128 864 897 
26 98 98 315 344 516 574 584 832 899 
26 119 98 355 422 423 495 639 761 993 
41 26 98 112 115 116 126 128 846 954 
26 98 73 127 494 510 574 807 872 988 
26 98 78 112 115 116 126 128 896 958 
26 26 98 297 342 536 558 569 579 1000 
26 98 258 419 501 550 557 677 687 835 
25 26 117 98 115 116 126 128 570 989 
41 26 98 112 115 116 126 128 849 991 
26 26 78 98 115 116 126 128 721 845 
26 72 98 514 545 609 677 845 862 900 
26 143 98 453 531 616 695 846 927 943 
26 75 98 112 115 116 126 128 799 989 
26 98 117 125 557 641 658 836 935 951 
26 98 98 272 273 361 728 771 861 942 
26 75 98 112 115 116 126 128 860 930 
41 26 78 98 115 116 126 128 645 963 
41 26 98 112 115 116 126 128 915 926 
26 98 117 125 115 116 126 128 775 938 
25 26 98 125 427 700 795 806 903 952 
26 98 117 125 634 730 823 901 918 945 
41 26 78 98 115 116 126 128 750 924 
26 26 104 98 333 342 405 421 621 741 
26 98 133 138 221 267 338 710 714 830 
26 98 78 112 115 116 126 128 957 986 
26 26 98 112 115 116 126 128 770 875 
41 26 98 112 115 116 126 128 954 986 
41 26 78 98 115 116 126 128 892 925 
41 26 98 112 115 116 126 128 681 925 
26 98 78 112 115 116 126 128 836 927 
26 98 78 112 115 116 126 128 855 978 
26 75 98 112 115 116 126 128 886 923 
52 26 98 390 422 533 626 674 716 814 
113 26 98 383 549 616 626 737 800 915 
26 27 98 125 467 688 761 853 857 878 
26 75 98 112 115 116 126 128 890 934 
25 26 117 98 587 751 777 852 893 958 
26 98 386 540 580 702 709 740 742 985 
26 98 104 118 115 116 126 128 916 984 
26 274 98 380 543 624 677 825 932 966 
26 98 457 630 698 759 781 790 860 984 
113 26 98 35 172 730 739 850 865 919 
26 98 78 112 115 116 126 128 891 932 
26 98 98 160 194 235 431 493 611 830 
26 98 98 429 542 577 661 670 706 859 
26 98 78 112 115 116 126 128 860 869 
26 98 197 404 479 574 644 732 773 983 
26 75 98 112 115 116 126 128 946 960 
26 26 98 173 279 340 487 533 892 916 
26 75 98 112 115 116 126 128 907 970 
26 98 98 305 412 784 818 861 946 980 
26 98 98 531 573 701 705 808 903 920 
26 98 78 112 115 116 126 128 838 852 
26 98 78 112 115 116 126 128 876 952 
26 98 78 112 115 116 126 128 708 985 
25 26 117 98 651 747 806 877 913 978 
26 98 206 294 416 721 729 792 877 942 
26 98 78 112 115 116 126 128 974 980 
41 41 75 78 112 116 115 116 126 879 128 -2 
68 26 98 118 425 642 674 704 757 986 
41 26 98 112 115 116 126 128 907 990 
26 98 78 112 115 116 126 128 825 982 
26 98 78 112 115 116 126 128 818 968 
26 26 98 112 115 116 126 128 699 880 
51 26 143 98 218 292 469 491 835 983 
113 26 98 283 300 356 436 519 606 645 
26 26 491 98 663 739 821 871 886 999 
134 26 407 98 470 612 675 680 818 849 
26 98 98 487 605 823 838 904 977 1000 
117 26 352 98 472 598 609 630 753 977 
26 98 78 112 115 116 126 128 946 954 
26 98 98 190 535 604 755 810 954 969 
41 26 78 98 115 116 126 128 810 922 
41 26 78 98 115 116 126 128 644 871 
26 26 78 98 115 116 126 128 392 567 
26 98 302 347 412 445 637 673 811 920 
26 75 98 112 115 116 126 128 633 807 
26 98 78 112 115 116 126 128 742 886 
26 98 104 118 250 283 725 735 795 963 
122 26 98 475 773 780 855 911 934 973 
26 26 319 98 376 505 608 874 880 911 
41 26 78 98 115 116 126 128 875 947 
26 75 98 112 115 116 126 128 645 853 
41 26 78 98 115 116 126 128 911 919 
26 26 78 98 263 404 526 566 710 747 
41 26 78 98 115 116 126 128 856 863 
41 26 78 98 115 116 126 128 402 468 
26 98 98 488 562 625 652 693 918 972 
26 26 98 118 286 691 789 810 845 879 
26 26 98 112 115 116 126 128 758 866 
26 26 98 227 243 364 424 808 875 908 
26 98 310 356 446 514 653 695 751 963 
26 75 98 112 115 116 126 128 890 931 
26 242 98 318 436 443 486 816 925 943 
26 98 78 112 115 116 126 128 868 988 
26 98 235 256 316 331 504 656 951 996 
68 26 104 98 367 557 652 658 673 805 
26 26 465 98 488 720 836 898 967 988 
26 98 78 112 115 116 126 128 816 896 
26 98 561 617 661 809 892 919 923 928 
26 98 548 589 607 737 812 841 887 978 
41 26 98 112 115 116 126 128 926 991 
113 26 98 394 437 575 719 726 733 907 
26 98 78 112 115 116 126 128 752 936 
51 26 98 96 115 116 126 128 661 685 
41 26 98 112 115 116 126 128 969 998 
26 98 78 112 115 116 126 128 931 940 
26 98 98 422 529 607 659 765 928 955 
26 26 98 118 631 774 810 868 877 937 
26 26 98 649 676 751 818 828 858 895 
25 26 98 125 115 116 126 128 891 989 
26 75 98 112 115 116 126 128 756 861 
26 75 98 112 115 116 126 128 914 928 
26 98 98 493 509 633 714 762 807 920 
26 98 78 112 115 116 126 128 856 930 
26 98 78 112 115 116 126 128 942 948 
26 98 98 182 349 456 622 673 763 979 
26 98 78 112 115 116 126 128 712 772 
26 98 78 112 115 116 126 128 879 949 
41 26 78 98 115 116 126 128 893 918 
26 186 98 325 335 402 427 488 613 712 
26 98 98 357 572 675 683 720 881 900 
26 72 98 397 463 507 668 798 835 996 
41 26 78 98 115 116 126 128 831 886 
26 26 182 98 361 525 576 713 863 910 
26 98 98 219 314 369 473 590 683 760 
41 26 98 112 115 116 126 128 873 875 
26 98 78 112 115 116 126 128 719 975 
26 26 78 98 115 116 126 128 898 963 
26 98 98 475 502 530 616 694 906 981 
26 71 98 127 194 302 403 417 651 708 
26 98 460 666 677 738 821 872 877 912 
25 26 98 125 464 478 494 615 828 872 
26 26 98 280 397 506 669 747 818 840 
26 98 78 112 115 116 126 128 953 978 
26 98 78 112 115 116 126 128 870 914 
41 26 78 98 115 116 126 128 935 991 
41 26 98 112 115 116 126 128 918 960 
41 26 78 98 115 116 126 128 967 997 
396 26 590 98 689 712 722 740 805 949 
26 98 78 112 115 116 126 128 663 949 
26 26 98 257 411 499 679 754 913 940 
26 197 98 406 449 525 611 618 690 972 
41 26 78 98 115 116 126 128 726 933 
113 26 517 98 630 747 897 924 933 980 
41 26 78 98 115 116 126 128 905 996 
26 106 98 261 329 578 593 623 638 686 
26 98 78 112 115 116 126 128 715 833 
26 75 98 112 115 116 126 128 977 1000 
26 75 98 112 115 116 126 128 777 965 
113 26 78 98 115 116 126 128 811 883 
41 75 78 78 112 115 126 116 126 128 
59 41 137 75 161 78 112 115 116 126 128 -2 
40 113 143 119 461 502 682 747 896 988 
41 215 75 240 78 112 454 115 116 126 128 -2 
33 78 171 533 618 628 804 889 910 995 
41 119 75 78 112 115 116 126 128 987 
171 254 396 401 475 525 779 871 899 951 
41 41 75 78 115 112 115 116 126 128 
107 113 233 119 528 619 713 782 884 931 
41 27 75 125 78 116 112 115 116 126 128 -2 
41 41 78 75 78 112 126 115 116 126 128 -2 
90 136 259 280 289 439 514 781 844 967 
113 315 119 455 544 614 698 707 930 959 
109 41 75 280 78 303 112 115 116 126 128 -2 
41 113 119 112 115 116 126 128 756 1000 
41 41 75 78 115 112 126 115 116 126 128 -2 
113 75 119 112 115 116 126 128 937 974 
39 71 104 73 522 127 650 852 866 940 
19 113 119 297 401 527 564 599 648 762 
41 75 75 112 78 116 112 115 116 126 128 -2 
41 75 78 112 112 116 115 116 126 128 
72 41 75 353 78 645 112 115 116 126 128 -2 
41 41 78 75 115 78 112 115 116 126 128 -2 
41 75 75 112 78 112 126 115 116 126 128 -2 
14 41 118 75 423 78 112 115 116 126 128 -2 
41 75 75 78 115 112 126 115 116 126 128 -2 
15 41 75 304 78 112 626 115 116 126 128 -2 
41 41 78 75 78 116 112 115 116 126 128 -2 
41 25 27 117 125 116 126 128 896 977 
41 75 78 112 112 116 115 116 938 126 128 -2 
113 186 119 458 625 705 787 824 841 905 
41 41 78 75 78 112 115 116 773 126 128 -2 
47 113 119 454 691 892 921 932 953 977 
41 75 75 78 115 112 126 115 116 126 128 -2 
41 75 78 112 115 116 116 128 126 996 128 -2 
41 41 78 75 78 116 112 115 116 126 128 -2 
204 41 268 75 298 78 112 115 116 126 128 -2 
113 25 27 370 117 125 825 860 935 940 
30 41 589 75 675 78 112 115 116 126 128 -2 
41 27 75 78 112 349 115 760 116 126 128 -2 
284 41 75 571 78 619 112 115 116 126 128 -2 
41 41 78 75 115 78 112 115 116 126 128 -2 
41 119 75 78 112 115 736 116 851 126 128 -2 
351 113 563 119 698 734 779 815 836 943 
55 41 694 75 724 78 112 115 116 126 128 -2 
41 79 75 267 78 112 115 568 116 126 128 -2 
62 92 195 550 579 581 744 773 794 915 
41 41 78 75 78 116 112 115 116 126 128 -2 
113 41 75 112 78 116 112 115 116 126 128 -2 
10 41 75 325 78 112 517 115 116 126 128 -2 
41 41 78 75 78 112 115 128 116 126 128 -2 
68 41 75 78 271 112 526 115 116 126 128 -2 
41 75 78 112 115 116 116 128 126 982 128 -2 
113 119 272 358 423 508 679 907 910 921 
41 41 78 75 115 78 112 115 116 126 128 -2 
94 41 357 75 78 112 648 115 116 126 128 -2 
41 94 75 212 78 112 489 115 116 126 128 -2 
41 75 78 78 115 112 115 128 116 126 128 -2 
41 41 75 112 78 112 115 116 853 126 128 -2 
41 164 75 328 78 608 112 115 116 126 128 -2 
41 75 75 78 115 112 126 115 116 126 128 -2 
68 41 104 75 78 528 112 115 116 126 128 -2 
68 41 104 75 253 78 112 115 116 126 128 -2 
113 243 119 509 522 768 845 855 872 945 
68 92 104 118 388 527 588 793 866 934 
41 75 78 78 115 112 115 116 126 128 
55 41 75 328 78 384 112 115 116 126 128 -2 
29 113 119 211 336 382 583 888 984 992 
50 41 211 75 78 687 112 115 116 126 128 -2 
3 41 75 78 112 115 116 553 126 128 
41 41 75 78 115 112 115 128 116 126 128 -2 
41 75 75 78 112 116 115 128 116 126 128 -2 
113 41 295 75 78 112 115 660 116 126 128 -2 
6 41 221 75 384 78 112 115 116 126 128 -2 
35 41 75 78 364 112 115 116 126 128 
113 75 119 112 115 116 126 128 766 996 
17 41 237 75 78 112 115 712 116 126 128 -2 
25 27 149 117 125 634 690 790 868 885 
41 92 75 78 115 112 115 128 116 126 128 -2 
41 75 78 78 115 112 115 128 116 126 128 -2 
41 75 78 78 112 116 115 116 835 126 128 -2 
41 75 75 112 78 116 112 115 116 126 128 -2 
41 41 78 75 78 116 112 115 116 126 128 -2 
257 41 553 75 78 112 818 115 116 126 128 -2 
25 41 117 75 376 78 112 115 116 126 128 -2 
125 41 345 75 78 594 112 115 116 126 128 -2 
41 68 92 104 115 118 126 128 770 937 
41 75 221 78 112 581 115 672 116 126 128 -2 
41 515 75 78 900 112 115 116 990 126 128 -2 
113 75 119 112 115 116 126 128 970 1000 
41 41 78 75 115 78 112 115 116 126 128 -2 
65 232 246 302 332 422 825 852 867 983 
113 119 78 112 115 116 126 128 932 941 
41 41 78 75 115 78 112 115 116 126 128 -2 
41 41 75 78 115 112 126 115 116 126 128 -2 
34 41 75 78 112 115 519 116 788 126 128 -2 
41 338 75 78 536 112 115 116 746 126 128 -2 
41 75 75 112 78 112 126 115 116 126 128 -2 
24 90 140 398 414 538 578 694 786 887 
41 75 104 78 409 112 115 116 126 128 
41 213 75 78 112 538 115 116 126 962 128 -2 
41 41 78 75 78 116 112 115 116 126 128 -2 
113 66 119 201 547 572 602 665 888 894 
57 41 75 398 78 112 598 115 116 126 128 -2 
102 41 75 78 112 115 116 126 716 128 
41 75 78 112 115 352 116 126 600 128 
48 41 143 75 78 326 112 115 116 126 128 -2 
65 193 212 366 473 571 604 626 731 860 
41 75 78 78 115 112 126 115 116 126 128 -2 
41 41 75 78 115 112 115 116 126 128 
109 168 310 430 581 610 620 726 826 873 
34 41 217 75 78 112 547 115 116 126 128 -2 
41 70 75 96 78 116 112 115 116 126 128 -2 
41 41 78 75 78 116 112 115 116 126 128 -2 
203 41 75 548 78 112 658 115 116 126 128 -2 
198 204 325 449 557 625 732 822 842 907 
41 75 117 78 112 500 115 527 116 126 128 -2 
103 116 312 375 648 715 737 820 966 976 
41 41 75 112 78 112 115 116 883 126 128 -2 
13 38 181 316 529 569 637 827 929 930 
41 75 75 112 78 112 126 115 116 126 128 -2 
46 58 70 147 220 227 629 643 718 958 
25 41 117 75 397 78 112 115 116 126 128 -2 
68 41 104 75 564 78 112 115 116 126 128 -2 
41 218 75 78 112 115 667 116 126 128 
50 41 75 78 112 612 115 676 116 126 128 -2 
17 113 110 119 394 463 505 637 708 971 
41 119 75 78 587 112 744 115 116 126 128 -2 
41 25 27 117 115 125 126 128 730 733 
25 119 27 469 117 125 694 722 794 890 
35 68 92 203 104 118 757 789 848 880 
113 119 298 343 395 408 538 753 770 872 
306 41 559 75 617 78 112 115 116 126 128 -2 
41 75 78 521 112 736 115 791 116 126 128 -2 
41 41 78 75 115 78 112 115 116 126 128 -2 
157 82 199 255 337 772 880 881 958 962 
41 129 75 170 78 394 112 115 116 126 128 -2 
149 167 256 333 412 676 726 750 926 936 
41 75 78 112 115 116 116 126 128 862 
113 41 104 75 78 112 115 116 949 126 128 -2 
113 41 75 112 78 116 112 115 116 126 128 -2 
41 75 75 112 78 112 126 115 116 126 128 -2 
41 75 78 112 112 115 116 128 126 917 128 -2 
239 412 473 609 733 747 808 870 916 951 
41 41 78 75 115 78 112 115 116 126 128 -2 
91 41 75 78 325 112 425 115 116 126 128 -2 
41 113 319 119 387 424 495 531 611 768 
52 41 178 75 78 112 115 116 126 128 
41 119 75 112 78 116 112 115 116 126 128 -2 
41 75 75 78 115 112 115 128 116 126 128 -2 
25 139 27 117 125 731 896 898 934 998 
41 41 75 112 78 112 126 115 116 126 128 -2 
84 41 75 287 78 112 739 115 116 126 128 -2 
41 75 78 78 112 116 115 116 126 128 
68 41 104 75 115 78 112 115 116 126 128 -2 
41 206 75 367 78 699 112 115 116 126 128 -2 
4 481 484 615 638 662 689 723 871 978 
25 41 117 75 78 112 526 115 116 126 128 -2 
41 75 75 78 112 115 126 116 126 128 
41 68 92 104 115 118 126 128 758 837 
41 75 78 112 115 115 126 116 863 126 128 -2 
41 188 75 78 112 799 115 941 116 126 128 -2 
113 41 155 75 78 661 112 115 116 126 128 -2 
7 41 59 75 78 112 115 116 878 126 128 -2 
98 41 75 341 78 112 115 116 738 126 128 -2 
41 415 75 687 78 112 806 115 116 126 128 -2 
113 41 105 75 78 112 115 116 126 960 128 -2 
68 75 92 112 104 118 126 128 729 940 
60 237 268 427 584 595 602 619 711 744 
41 75 75 78 112 116 115 116 856 126 128 -2 
41 41 78 75 115 78 112 115 116 126 128 -2 
68 107 92 104 118 528 584 656 661 760 
203 113 376 119 451 468 735 930 960 1000 
128 41 75 78 112 115 743 116 126 128 
41 75 75 78 112 116 115 116 778 126 128 -2 
25 41 117 75 115 78 112 115 116 126 128 -2 
112 146 330 427 495 542 729 815 820 841 
41 464 75 660 78 842 112 115 116 126 128 -2 
41 75 78 125 112 115 449 116 551 126 128 -2 
15 113 117 119 324 538 584 673 712 904 
29 41 75 312 78 112 115 652 116 126 128 -2 
113 119 78 112 115 116 126 128 898 988 
41 75 78 112 112 115 126 116 126 128 
41 75 75 78 112 115 116 126 693 128 
113 119 204 320 350 497 560 677 727 770 
41 75 104 78 305 112 115 116 126 903 128 -2 
47 113 332 334 357 526 561 599 866 902 
113 41 75 256 78 112 611 115 116 126 128 -2 
41 75 75 78 112 115 116 128 126 884 128 -2 
41 140 75 78 724 112 115 116 771 126 128 -2 
113 113 119 355 485 556 562 635 725 779 
21 114 131 156 451 454 547 568 648 887 
41 41 78 75 115 78 112 115 116 126 128 -2 
41 75 78 78 115 112 115 128 116 126 128 -2 
41 41 75 112 78 116 112 115 116 126 128 -2 
51 41 100 75 78 112 395 115 116 126 128 -2 
20 316 354 408 421 466 484 510 870 963 
209 41 270 75 78 833 112 115 116 126 128 -2 
41 56 75 256 78 112 115 817 116 126 128 -2 
41 159 75 429 78 603 112 115 116 126 128 -2 
41 157 75 279 78 693 112 115 116 126 128 -2 
113 41 75 339 78 112 115 116 126 128 
41 75 222 78 254 112 748 115 116 126 128 -2 
41 41 75 78 112 116 115 128 116 126 128 -2 
116 41 212 75 78 437 112 115 116 126 128 -2 
41 315 75 483 78 112 553 115 116 126 128 -2 
41 75 75 78 112 115 126 116 126 893 128 -2 
41 75 78 462 112 115 116 840 126 936 128 -2 
27 41 185 75 78 321 112 115 116 126 128 -2 
41 75 664 78 112 790 115 865 116 126 128 -2 
41 75 75 112 78 116 112 115 116 126 128 -2 
41 86 75 78 112 584 115 116 126 128 
41 176 75 335 78 528 112 115 116 126 128 -2 
41 327 75 475 78 612 112 115 116 126 128 -2 
70 202 526 537 685 770 895 901 908 929 
41 75 75 78 112 116 115 128 116 126 128 -2 
41 119 75 78 112 490 115 116 126 806 128 -2 
10 41 309 75 78 578 112 115 116 126 128 -2 
68 41 104 75 623 78 112 115 116 126 128 -2 
68 41 75 78 483 112 115 116 126 957 128 -2 
41 75 78 78 112 115 126 116 126 128 
41 75 75 112 78 112 115 128 116 126 128 -2 
41 75 78 112 112 115 116 126 709 128 
41 41 78 75 115 78 112 115 116 126 128 -2 
41 41 75 112 78 116 112 115 116 126 128 -2 
10 113 85 119 501 656 664 833 898 951 
41 75 78 78 115 112 115 128 116 126 128 -2 
41 75 78 78 115 112 115 116 126 706 128 -2 
100 243 258 443 547 706 748 768 782 893 
41 25 27 112 117 116 125 128 841 883 
41 75 78 78 112 116 115 116 935 126 128 -2 
41 119 75 78 112 421 115 701 116 126 128 -2 
41 41 75 112 78 116 112 115 116 126 128 -2 
96 113 119 516 581 614 658 750 753 900 
197 41 75 78 112 115 694 116 746 126 128 -2 
41 41 78 75 78 112 126 115 116 126 128 -2 
93 145 185 187 215 454 541 825 868 932 
41 41 75 78 115 112 126 115 116 126 128 -2 
62 41 75 78 390 112 651 115 116 126 128 -2 
41 41 75 112 78 112 115 116 852 126 128 -2 
68 96 92 104 361 118 391 626 636 662 
41 113 78 119 115 116 126 128 874 922 
41 75 75 112 78 116 112 115 116 126 128 -2 
122 39 71 449 73 482 127 636 866 991 
41 41 75 78 115 112 126 115 116 126 128 -2 
41 75 78 112 115 116 776 126 128 942 
41 75 75 112 78 112 126 115 116 126 128 -2 
25 75 27 117 125 495 572 587 708 747 
49 41 208 75 490 78 112 115 116 126 128 -2 
113 41 75 533 78 709 112 115 116 126 128 -2 
