87 99 99 119 126 447 610 705 771 898 
87 87 126 99 448 126 750 846 850 941 
87 99 99 119 126 219 223 237 725 820 
87 87 126 99 126 923 939 944 949 981 
87 87 126 99 742 126 764 773 904 906 
87 99 99 272 126 463 531 702 783 833 
87 99 99 126 336 368 538 581 650 831 
87 99 99 339 126 594 695 736 795 920 
87 99 126 119 127 638 658 836 910 954 
87 99 99 126 127 658 675 790 808 885 
87 99 126 419 504 633 686 787 805 977 
87 87 99 126 127 446 816 827 961 971 
87 99 99 126 127 448 505 693 981 993 
37 87 116 99 128 126 607 725 859 922 
87 99 126 182 228 280 476 627 965 988 
87 99 99 126 296 354 515 553 700 984 
87 88 99 126 127 317 388 576 579 975 
87 87 126 99 126 584 735 736 764 798 
87 87 126 99 127 126 798 805 889 928 
87 87 126 99 276 126 368 406 787 910 
87 87 99 126 328 376 431 449 657 826 
87 87 99 119 126 506 657 712 717 912 
87 99 99 222 126 518 526 562 820 832 
87 99 126 119 127 673 738 746 960 985 
87 87 99 126 127 657 754 792 953 978 
87 99 126 126 412 432 529 762 824 950 
87 99 99 126 306 545 690 718 906 934 
87 87 126 99 127 126 698 771 970 983 
87 99 126 160 253 306 437 447 769 918 
87 99 99 424 126 757 771 814 889 937 
87 99 126 105 115 121 538 588 865 956 
87 87 126 99 126 289 311 651 776 934 
87 87 126 99 126 719 737 780 807 909 
87 87 99 119 126 553 565 600 756 801 
87 87 126 99 126 758 872 912 956 989 
87 87 99 123 126 628 658 661 767 877 
87 87 99 126 539 655 768 829 861 979 
87 87 126 99 126 533 679 781 813 822 
87 87 99 126 120 641 688 852 866 883 
37 87 99 126 128 382 464 722 843 916 
87 87 126 99 126 446 556 603 785 835 
87 99 126 570 723 752 760 826 914 971 
87 87 126 99 127 126 602 614 716 930 
87 87 126 99 126 828 839 854 865 893 
87 87 99 119 126 829 877 888 902 999 
87 99 99 119 126 447 745 825 874 876 
70 87 99 119 126 447 475 689 866 950 
87 87 99 126 127 361 367 588 622 764 
90 87 99 119 126 573 697 715 889 929 
87 99 126 257 289 426 514 583 670 996 
87 87 99 329 126 450 553 618 654 862 
87 87 126 99 126 549 623 731 782 948 
87 87 99 126 252 272 366 453 496 850 
87 87 126 99 128 126 543 804 854 983 
87 87 126 99 439 126 544 832 880 954 
87 99 126 479 595 767 783 828 862 883 
87 87 126 99 137 126 633 767 858 871 
87 87 126 99 576 126 588 834 873 933 
87 87 126 99 755 126 811 849 858 968 
87 87 99 126 373 385 614 627 656 805 
87 99 99 464 126 532 625 663 807 936 
87 87 99 126 127 601 616 746 747 967 
87 99 126 123 128 616 649 823 835 904 
87 99 126 320 345 380 436 632 817 889 
87 87 126 99 126 383 461 665 776 897 
87 87 99 126 128 439 753 790 877 977 
87 99 99 126 127 470 574 627 904 985 
87 51 99 126 128 347 574 583 701 798 
37 87 116 99 126 427 592 849 967 980 
87 99 126 126 398 399 646 851 894 958 
87 99 99 119 126 545 775 927 946 993 
87 99 126 445 476 483 786 813 899 1000 
87 99 99 437 126 658 767 848 934 966 
87 87 126 99 445 126 574 580 823 992 
87 99 99 126 127 658 766 971 984 986 
87 87 126 99 126 559 641 699 848 965 
87 87 99 119 126 725 958 960 965 973 
87 88 99 119 126 487 673 776 811 947 
87 99 99 126 127 654 814 854 942 977 
87 99 126 119 127 852 874 928 938 1000 
87 87 99 126 127 274 279 353 665 893 
87 99 126 126 460 681 737 866 921 966 
87 99 126 126 443 486 633 681 847 955 
87 87 126 99 128 126 442 462 591 701 
87 99 126 285 395 828 877 909 964 977 
87 51 99 123 126 617 628 636 830 914 
87 87 126 99 126 291 348 414 570 835 
87 99 99 355 126 426 491 499 867 954 
87 99 99 491 126 567 596 644 731 944 
87 99 126 126 490 593 696 815 902 909 
87 99 126 126 656 659 777 821 900 977 
87 99 99 426 126 696 732 923 947 996 
87 87 99 126 127 637 685 689 855 909 
87 99 126 126 127 838 856 863 960 993 
87 87 99 126 190 199 208 400 579 975 
87 99 99 366 126 572 610 650 727 864 
87 87 99 126 127 416 421 578 639 998 
87 87 126 99 127 126 540 636 692 932 
87 99 126 126 458 460 553 627 864 897 
87 87 99 126 127 516 574 584 832 899 
87 87 99 119 126 423 495 639 761 993 
87 99 99 126 127 652 731 745 846 954 
87 99 99 126 494 510 574 807 872 988 
90 87 99 123 126 531 705 784 896 958 
87 99 99 126 128 536 558 569 579 1000 
87 87 99 126 127 550 557 677 687 835 
87 87 126 99 410 126 479 534 570 989 
87 99 126 117 120 731 739 797 849 991 
87 87 99 126 127 337 371 391 721 845 
87 99 126 126 545 609 677 845 862 900 
87 87 126 99 127 126 695 846 927 943 
87 99 126 265 295 349 353 682 799 989 
87 87 126 99 126 641 658 836 935 951 
87 99 126 272 273 361 728 771 861 942 
87 87 126 99 126 324 566 708 860 930 
87 87 126 99 126 442 534 591 645 963 
87 87 126 99 126 371 535 885 915 926 
87 99 126 119 127 679 700 774 775 938 
87 99 99 426 126 700 795 806 903 952 
87 87 126 99 126 730 823 901 918 945 
87 99 126 371 635 700 702 729 750 924 
87 99 126 126 333 342 405 421 621 741 
87 99 126 123 128 267 338 710 714 830 
70 87 111 99 126 657 670 693 957 986 
87 87 99 126 388 449 540 707 770 875 
87 99 126 462 634 791 804 855 954 986 
87 87 126 99 126 609 864 889 892 925 
87 99 126 126 470 584 640 659 681 925 
87 99 99 126 127 516 809 822 836 927 
70 87 99 119 126 645 668 745 855 978 
87 87 99 126 127 705 735 750 886 923 
87 87 99 126 422 533 626 674 716 814 
87 99 126 126 128 616 626 737 800 915 
87 99 126 437 467 688 761 853 857 878 
87 87 99 126 127 604 622 889 890 934 
87 87 99 126 128 751 777 852 893 958 
87 99 126 126 128 702 709 740 742 985 
87 87 99 364 126 480 577 846 916 984 
87 87 126 99 126 624 677 825 932 966 
87 87 126 99 698 126 781 790 860 984 
87 87 99 119 126 730 739 850 865 919 
87 87 99 126 749 780 814 828 891 932 
87 99 99 160 126 235 431 493 611 830 
87 87 126 99 126 577 661 670 706 859 
87 87 126 99 126 373 485 673 860 869 
87 99 126 404 479 574 644 732 773 983 
87 87 126 99 298 126 736 842 946 960 
87 87 99 126 127 340 487 533 892 916 
87 87 126 99 127 126 759 891 907 970 
87 87 126 99 412 126 818 861 946 980 
87 99 99 126 573 701 705 808 903 920 
87 99 99 126 488 513 619 675 838 852 
87 87 99 672 126 765 792 816 876 952 
87 99 99 126 523 537 641 685 708 985 
87 87 126 99 126 747 806 877 913 978 
87 87 126 99 126 721 729 792 877 942 
87 87 126 99 127 126 516 963 974 980 
87 87 126 99 126 442 692 850 853 879 
87 99 99 123 126 642 674 704 757 986 
87 99 99 474 126 647 703 855 907 990 
87 87 126 99 126 642 666 672 825 982 
87 87 99 119 126 615 715 747 818 968 
87 87 99 119 126 463 498 580 699 880 
87 87 126 99 127 126 469 491 835 983 
87 87 126 99 126 356 436 519 606 645 
87 87 99 582 126 739 821 871 886 999 
87 87 126 99 127 126 675 680 818 849 
87 99 126 126 127 823 838 904 977 1000 
87 99 126 126 472 598 609 630 753 977 
87 87 126 99 575 126 879 912 946 954 
87 99 99 126 127 604 755 810 954 969 
87 99 99 126 127 601 650 772 810 922 
87 99 126 117 129 205 308 535 644 871 
87 99 99 133 126 183 315 333 392 567 
87 99 99 126 128 445 637 673 811 920 
87 99 126 119 127 446 515 610 633 807 
87 99 126 126 127 234 344 645 742 886 
87 87 99 214 126 283 725 735 795 963 
70 87 99 119 126 780 855 911 934 973 
87 99 126 126 128 505 608 874 880 911 
87 87 126 99 126 441 470 851 875 947 
87 87 99 107 126 352 553 607 645 853 
87 87 126 99 127 126 535 871 911 919 
37 87 116 99 126 404 526 566 710 747 
87 99 99 126 128 627 710 717 856 863 
87 87 126 99 126 270 293 316 402 468 
87 87 99 488 126 625 652 693 918 972 
87 99 99 278 126 691 789 810 845 879 
87 87 126 99 126 381 427 726 758 866 
87 87 126 99 126 364 424 808 875 908 
87 87 126 99 127 126 653 695 751 963 
87 87 99 119 126 513 556 665 890 931 
87 99 99 119 126 443 486 816 925 943 
87 99 99 359 126 609 650 716 868 988 
70 87 99 126 127 331 504 656 951 996 
87 87 126 99 128 126 652 658 673 805 
87 99 126 126 488 720 836 898 967 988 
87 87 99 126 346 578 740 801 816 896 
87 87 99 126 128 809 892 919 923 928 
87 99 99 119 126 737 812 841 887 978 
37 51 116 123 128 128 451 774 926 991 
70 114 88 111 127 119 719 127 733 907 
90 37 51 119 116 687 123 128 752 936 
70 88 111 111 119 127 499 654 661 685 
70 37 111 51 116 123 338 128 969 998 
37 70 116 88 111 119 760 127 931 940 
37 51 116 123 123 607 128 765 928 955 
70 114 88 111 127 119 810 127 877 937 
70 88 111 111 119 127 818 828 858 895 
37 51 111 116 127 123 128 710 891 989 
70 88 88 119 111 119 661 127 756 861 
70 51 88 123 111 119 127 871 914 928 
70 88 111 111 127 119 714 127 807 920 
70 114 88 111 119 531 127 807 856 930 
70 70 111 88 111 119 642 127 942 948 
70 70 88 119 111 119 622 127 763 979 
70 90 111 114 127 599 641 711 712 772 
95 88 125 119 127 668 720 795 879 949 
90 70 111 88 127 111 119 127 893 918 
70 70 88 119 111 119 127 488 613 712 
70 88 111 119 127 675 683 720 881 900 
37 37 51 123 116 507 123 128 835 996 
95 125 116 123 128 596 800 808 831 886 
70 70 111 88 127 111 119 127 863 910 
70 70 111 88 111 369 119 127 683 760 
70 114 88 119 111 119 127 788 873 875 
70 70 88 111 119 618 127 690 719 975 
37 51 116 123 128 128 801 852 898 963 
70 90 111 114 127 530 616 694 906 981 
37 37 51 116 128 123 128 417 651 708 
70 88 88 111 119 738 127 872 877 912 
70 70 111 88 127 111 119 127 828 872 
70 88 88 111 127 119 127 747 818 840 
90 70 111 88 127 111 119 127 953 978 
70 88 116 111 119 596 127 667 870 914 
37 51 116 123 128 636 674 764 935 991 
70 114 88 119 111 119 810 127 918 960 
70 95 125 119 127 556 833 883 967 997 
90 90 111 114 127 712 722 740 805 949 
95 70 116 88 128 111 119 127 663 949 
70 88 88 119 111 119 127 754 913 940 
90 114 111 119 127 525 611 618 690 972 
145 371 435 448 451 467 592 606 726 933 
95 70 111 88 127 111 119 127 933 980 
70 88 88 111 119 478 127 727 905 996 
70 90 111 114 127 578 593 623 638 686 
37 88 51 116 127 123 576 128 715 833 
37 51 116 123 127 128 870 908 977 1000 
70 51 88 111 128 119 127 721 777 965 
69 70 88 111 119 127 626 697 811 883 
90 37 51 119 116 123 128 817 919 925 
90 114 111 119 127 363 419 649 791 942 
37 51 116 119 123 502 128 747 896 988 
37 70 116 88 111 437 119 127 592 643 
70 109 111 119 127 628 804 889 910 995 
70 88 88 111 127 119 127 491 919 987 
90 70 116 88 128 111 119 127 899 951 
70 114 88 111 119 127 680 785 799 816 
37 70 116 88 128 111 119 127 884 931 
51 70 88 111 119 401 127 685 869 934 
70 51 88 111 119 580 127 743 891 914 
90 70 111 88 127 111 119 127 844 967 
70 88 111 119 119 614 127 707 930 959 
70 70 88 111 119 127 524 557 722 848 
90 70 111 88 111 119 411 127 756 1000 
70 70 111 88 127 111 119 127 938 974 
70 114 88 119 111 119 743 127 937 974 
70 88 88 119 111 623 119 127 866 940 
90 37 51 116 123 527 128 599 648 762 
70 51 88 111 119 405 127 469 588 857 
70 70 111 88 127 111 119 127 940 980 
90 88 114 119 127 645 738 883 921 958 
70 361 88 111 119 127 535 607 706 838 
90 88 114 119 127 382 726 733 836 971 
90 70 88 111 127 119 127 671 727 940 
70 70 111 88 127 111 119 127 912 995 
70 88 88 111 119 127 626 671 749 841 
70 114 88 111 119 736 127 878 936 1000 
70 114 88 119 111 568 119 127 896 977 
37 70 88 111 119 618 127 807 938 953 
95 125 111 119 127 705 787 824 841 905 
70 37 111 51 127 116 123 128 773 810 
37 37 116 51 128 116 123 128 953 977 
90 70 116 88 111 119 889 127 934 998 
70 70 111 88 127 111 119 127 837 996 
90 37 111 51 127 116 123 128 622 845 
70 90 111 114 127 571 603 737 766 926 
70 88 88 119 111 609 119 127 935 940 
37 51 51 116 123 699 128 840 851 921 
70 88 88 119 111 349 119 127 773 983 
70 51 88 123 111 619 119 127 821 912 
70 88 88 119 111 119 571 127 661 979 
70 88 111 119 127 730 736 761 851 893 
70 70 88 119 111 119 779 127 836 943 
70 114 88 111 119 761 127 871 959 965 
70 88 111 119 128 127 551 568 735 999 
90 70 88 111 119 127 744 773 794 915 
90 37 51 116 123 622 128 703 867 910 
37 70 88 123 111 119 127 734 791 857 
37 70 88 123 111 119 517 127 782 906 
70 51 88 111 128 119 127 696 786 839 
70 70 111 88 111 329 119 127 744 926 
90 65 114 179 542 580 668 807 889 982 
70 70 111 88 127 111 119 127 910 921 
70 88 111 119 127 806 858 906 937 967 
70 88 111 119 119 577 127 666 748 884 
95 125 116 123 128 299 489 507 647 669 
90 114 111 119 127 603 675 764 806 975 
70 114 88 119 111 119 127 770 853 949 
90 11 44 91 127 117 120 754 845 861 
37 51 116 123 128 128 784 812 908 960 
70 88 88 111 127 119 712 127 887 900 
70 70 88 119 111 375 119 127 850 882 
70 70 111 88 111 768 119 127 872 945 
70 70 88 111 127 119 588 127 866 934 
70 88 111 123 119 127 687 796 865 895 
95 88 125 119 127 384 424 691 902 932 
70 70 111 88 111 119 127 888 984 992 
70 70 88 111 119 687 127 750 766 910 
37 70 116 88 128 111 119 127 616 846 
70 70 111 88 111 119 127 700 820 884 
90 88 114 119 127 526 563 755 895 966 
134 70 295 88 459 111 119 127 703 797 
6 70 221 88 111 448 119 127 951 998 
70 88 111 119 119 536 127 581 629 731 
90 37 51 119 116 123 128 713 766 996 
90 88 114 119 127 661 706 712 895 993 
70 70 88 111 119 127 690 790 868 885 
37 51 116 119 123 128 659 759 773 902 
10 90 153 114 215 563 658 716 735 806 
11 44 91 119 117 120 519 584 835 957 
70 70 88 111 119 687 127 856 863 927 
70 90 114 119 127 482 556 743 889 992 
37 88 51 119 116 780 123 128 918 936 
70 70 88 111 127 119 640 127 756 870 
37 70 88 111 128 119 699 127 902 977 
70 88 88 119 111 119 641 127 770 937 
70 88 88 111 119 581 127 672 783 907 
70 88 111 119 127 901 930 966 990 995 
70 90 114 119 127 815 864 955 970 1000 
70 90 111 114 127 497 558 670 702 975 
70 88 88 119 111 119 127 852 867 983 
70 133 88 111 311 119 127 850 932 941 
90 114 116 123 128 356 406 616 670 735 
39 37 460 51 116 123 128 834 907 1000 
37 51 208 116 123 128 519 769 788 814 
70 88 88 119 111 673 119 127 746 781 
70 88 88 111 127 119 694 127 968 977 
70 70 88 111 119 127 578 694 786 887 
90 70 88 119 111 119 127 696 829 994 
90 95 125 119 127 538 703 731 774 962 
90 114 116 123 128 372 436 717 850 960 
37 114 51 119 116 572 123 128 888 894 
37 166 51 116 123 128 598 625 724 997 
70 70 88 119 111 511 119 127 716 738 
70 88 116 111 119 127 457 559 600 851 
95 37 51 116 123 128 372 407 486 982 
70 51 88 123 111 119 127 626 731 860 
37 70 116 88 111 373 119 127 716 852 
37 70 116 88 111 446 119 127 666 903 
37 70 88 123 111 119 127 726 826 873 
90 88 114 119 127 443 547 666 736 974 
70 70 111 88 127 111 119 127 792 916 
70 51 88 111 119 608 127 830 838 999 
70 70 111 88 111 119 127 743 809 866 
95 204 125 449 557 625 732 822 842 907 
37 213 51 255 116 500 123 128 717 825 
70 70 111 88 127 111 119 127 966 976 
70 37 111 51 116 123 128 727 883 892 
90 37 51 116 127 123 637 128 929 930 
70 88 116 111 119 603 127 780 913 962 
37 37 51 123 116 123 128 643 718 958 
37 37 51 123 116 464 123 128 826 926 
70 88 111 119 127 676 692 703 783 833 
37 114 51 119 116 594 123 128 874 914 
37 70 116 88 128 111 119 127 745 783 
70 70 88 111 119 463 127 637 708 971 
70 88 111 119 127 127 744 817 850 853 
37 37 51 123 116 123 128 716 730 733 
70 88 111 119 119 613 127 722 794 890 
70 70 88 119 111 119 127 789 848 880 
70 88 88 111 119 408 127 753 770 872 
70 51 88 111 128 119 127 712 755 860 
279 90 477 114 594 736 760 791 820 997 
37 51 111 116 123 379 128 517 778 856 
95 125 111 119 127 772 880 881 958 962 
70 51 88 123 111 394 119 127 705 908 
70 95 125 119 127 676 726 750 926 936 
70 37 111 51 127 116 123 128 781 862 
37 70 116 88 128 111 119 127 949 955 
70 70 111 88 127 111 119 127 847 868 
70 88 116 111 128 119 759 127 945 982 
37 37 116 51 116 123 128 655 753 917 
90 70 111 88 127 111 119 127 916 951 
37 51 116 123 123 128 547 557 580 670 
70 37 51 119 116 407 123 128 543 837 
70 70 88 111 127 119 495 127 611 768 
70 88 88 119 111 119 450 127 732 961 
70 88 116 111 119 530 127 802 854 890 
37 51 116 123 123 557 128 887 978 990 
37 37 116 51 116 123 128 898 934 998 
37 37 51 123 116 448 123 128 648 980 
90 114 116 123 128 584 739 795 885 911 
37 51 116 116 123 128 524 584 675 919 
11 74 44 91 278 117 664 120 733 881 
90 114 216 367 468 699 715 851 949 966 
90 37 51 615 116 123 128 723 871 978 
37 125 51 116 373 123 128 735 863 891 
27 37 253 51 453 116 123 128 757 953 
37 95 116 125 128 491 659 755 758 837 
37 540 51 674 116 693 123 128 863 876 
95 188 125 390 681 799 938 941 945 977 
37 51 116 210 123 128 796 817 923 950 
37 55 51 116 226 123 128 564 878 893 
37 51 306 116 365 123 478 128 738 903 
90 37 51 116 123 738 128 911 979 996 
10 33 105 191 544 554 593 662 891 960 
115 90 114 301 466 530 673 694 729 940 
37 37 51 116 123 128 602 619 711 744 
18 37 51 116 123 128 709 824 856 961 
90 114 116 123 128 313 372 470 588 805 
90 107 114 416 442 528 584 656 661 760 
203 11 44 91 451 117 735 120 960 1000 
128 37 51 116 123 602 128 754 819 951 
37 37 51 123 116 440 123 128 778 998 
37 114 51 116 123 128 613 703 806 922 
37 146 51 427 116 123 128 815 820 841 
37 37 51 116 128 123 858 128 987 997 
90 37 51 116 123 128 449 472 551 717 
90 37 117 51 116 123 584 128 712 904 
90 135 114 312 573 592 611 652 778 873 
108 37 51 116 299 123 757 128 898 988 
37 114 51 116 467 123 128 602 842 867 
198 37 385 51 572 116 123 128 693 861 
37 90 114 123 128 497 560 677 727 770 
37 95 116 125 128 310 577 627 891 903 
47 113 332 334 357 526 561 599 866 902 
37 51 116 123 123 352 128 616 627 780 
94 37 51 394 116 569 123 128 700 884 
79 140 219 283 724 726 755 760 771 868 
95 90 114 355 485 556 562 635 725 779 
37 51 116 116 128 123 547 128 648 887 
37 51 51 123 116 123 912 128 935 936 
37 51 116 116 123 464 128 674 692 866 
90 114 60 210 368 526 632 645 820 860 
37 51 116 116 128 123 128 728 740 921 
20 316 354 408 421 466 484 510 870 963 
90 37 116 51 128 116 123 128 900 906 
6 56 99 256 290 390 462 817 894 987 
70 159 365 429 525 603 607 684 816 937 
21 37 212 51 560 116 123 128 888 971 
37 37 51 116 123 128 521 594 912 941 
90 37 51 116 123 128 748 849 896 993 
95 125 116 123 128 804 842 868 922 998 
116 37 212 51 116 437 123 128 718 907 
90 37 116 51 116 123 128 726 810 901 
58 64 268 335 451 492 534 610 845 893 
345 37 51 462 116 761 123 128 921 936 
11 37 51 117 116 321 123 128 870 975 
186 37 51 681 116 790 123 128 866 950 
37 90 116 114 128 449 475 571 748 992 
62 37 51 378 116 584 123 128 833 884 
90 114 312 335 342 528 549 621 655 938 
90 37 407 51 571 116 123 128 796 891 
37 95 116 125 128 770 895 901 908 929 
28 126 193 257 318 523 755 806 885 967 
90 37 51 116 128 123 128 616 722 806 
37 51 116 123 128 578 584 632 870 952 
90 51 114 123 128 647 753 761 854 952 
37 51 116 123 128 503 520 764 883 957 
11 37 51 116 123 128 747 856 958 985 
95 37 51 405 116 123 128 943 949 966 
36 37 51 206 116 123 447 128 709 882 
37 37 51 123 116 123 128 777 785 843 
95 125 116 123 128 309 359 504 806 844 
37 51 116 158 123 128 664 833 898 951 
90 37 51 123 116 479 123 128 670 859 
30 37 200 51 340 116 123 128 663 706 
37 51 51 123 116 123 128 768 782 893 
37 37 51 123 116 695 123 128 841 883 
37 51 116 123 123 679 128 731 935 981 
3 26 170 306 342 421 606 701 860 926 
54 62 331 361 376 444 601 665 752 936 
37 51 116 116 123 614 128 750 753 900 
90 37 116 51 116 123 694 128 746 988 
37 37 116 51 116 595 123 128 835 884 
93 145 185 187 215 454 541 825 868 932 
37 51 51 123 116 123 339 128 547 549 
37 103 51 116 123 449 128 669 675 822 
90 51 114 123 128 278 691 769 852 853 
37 51 116 267 123 128 391 626 636 662 
37 37 51 116 123 128 750 797 874 922 
37 51 217 116 123 128 661 777 885 928 
37 51 116 116 128 123 128 636 866 991 
37 95 116 125 128 733 808 822 847 848 
90 90 116 114 128 705 776 849 927 942 
37 51 116 123 128 568 670 736 807 969 
52 75 97 180 238 495 572 587 708 747 
37 51 116 116 123 657 128 809 819 852 
37 51 116 116 123 128 720 816 888 904 
