124 125 127 128 428 447 610 705 771 898 
227 355 367 377 448 670 750 846 850 941 
30 33 57 86 147 219 223 237 725 820 
75 124 125 127 128 923 939 944 949 981 
238 397 487 719 742 744 764 773 904 906 
118 174 188 272 311 463 531 702 783 833 
124 125 127 128 336 368 538 581 650 831 
166 202 317 339 538 594 695 736 795 920 
142 124 257 125 494 127 128 836 910 954 
124 125 127 127 128 658 675 790 808 885 
178 124 281 125 127 633 128 787 805 977 
15 204 209 273 338 446 816 827 961 971 
3 94 166 339 437 448 505 693 981 993 
124 125 127 365 128 597 607 725 859 922 
124 125 127 182 128 280 476 627 965 988 
69 97 127 234 296 354 515 553 700 984 
124 125 127 244 128 317 388 576 579 975 
124 64 125 429 127 128 735 736 764 798 
124 124 125 128 127 733 128 805 889 928 
131 124 125 127 276 128 368 406 787 910 
74 103 198 256 328 376 431 449 657 826 
167 244 277 336 349 506 657 712 717 912 
102 133 191 222 279 518 526 562 820 832 
16 124 211 125 310 127 128 746 960 985 
192 124 125 127 655 128 754 792 953 978 
124 125 320 127 412 128 529 762 824 950 
124 125 127 128 128 545 690 718 906 934 
349 388 556 640 674 680 698 771 970 983 
124 125 127 127 128 306 437 447 769 918 
227 420 421 424 655 757 771 814 889 937 
32 158 175 228 303 324 538 588 865 956 
27 124 134 125 127 128 311 651 776 934 
107 173 183 481 548 719 737 780 807 909 
199 237 241 284 539 553 565 600 756 801 
110 407 118 631 119 758 872 912 956 989 
124 332 125 554 127 628 128 661 767 877 
97 124 351 125 127 128 768 829 861 979 
92 124 334 125 127 533 128 781 813 822 
55 316 566 574 618 641 688 852 866 883 
34 124 125 188 127 128 464 722 843 916 
124 125 127 400 128 446 556 603 785 835 
338 351 439 570 723 752 760 826 914 971 
171 198 296 497 580 587 602 614 716 930 
124 240 125 127 744 128 839 854 865 893 
124 15 125 189 127 128 877 888 902 999 
152 205 334 387 434 447 745 825 874 876 
124 125 292 127 128 447 475 689 866 950 
82 89 108 128 153 361 367 588 622 764 
2 269 280 314 407 573 697 715 889 929 
109 253 255 257 289 426 514 583 670 996 
124 125 208 127 375 128 553 618 654 862 
37 188 197 264 425 549 623 731 782 948 
51 128 139 185 252 272 366 453 496 850 
124 124 127 125 417 127 128 804 854 983 
51 124 263 125 127 128 544 832 880 954 
44 272 369 479 595 767 783 828 862 883 
124 93 125 127 137 128 633 767 858 871 
110 304 118 536 119 578 588 834 873 933 
124 125 127 128 128 768 811 849 858 968 
4 83 175 331 373 385 614 627 656 805 
124 415 125 464 127 532 128 663 807 936 
44 124 290 125 127 601 128 746 747 967 
66 92 146 308 458 616 649 823 835 904 
124 221 125 320 127 128 436 632 817 889 
124 113 125 215 127 128 461 665 776 897 
67 124 125 127 128 439 753 790 877 977 
53 67 245 251 340 470 574 627 904 985 
50 124 214 125 300 127 128 583 701 798 
37 88 197 353 371 427 592 849 967 980 
105 117 119 327 398 399 646 851 894 958 
124 125 127 128 284 545 775 927 946 993 
124 124 127 125 476 127 128 813 899 1000 
124 124 127 125 127 128 767 848 934 966 
124 125 96 127 128 553 574 580 823 992 
124 125 127 128 515 658 766 971 984 986 
124 125 127 128 533 559 641 699 848 965 
124 125 127 128 670 725 958 960 965 973 
62 97 164 292 358 487 673 776 811 947 
124 125 125 128 127 128 814 854 942 977 
124 125 125 127 128 852 874 928 938 1000 
124 124 127 125 243 127 128 353 665 893 
124 251 125 419 127 128 737 866 921 966 
124 125 127 195 128 486 633 681 847 955 
124 53 125 127 346 128 442 462 591 701 
124 131 125 127 395 128 877 909 964 977 
26 125 66 71 586 106 628 116 830 914 
124 125 158 127 128 291 348 414 570 835 
124 171 125 355 127 426 128 499 867 954 
124 125 127 491 128 567 596 644 731 944 
124 124 127 125 127 593 128 815 902 909 
108 124 340 125 127 128 777 821 900 977 
124 125 127 426 128 696 732 923 947 996 
124 125 125 128 127 637 128 689 855 909 
35 77 444 474 652 838 856 863 960 993 
124 59 125 188 127 199 128 400 579 975 
116 124 191 125 127 128 610 650 727 864 
82 205 290 320 410 416 421 578 639 998 
124 125 127 127 217 128 540 636 692 932 
124 125 233 127 458 128 553 627 864 897 
13 124 125 315 127 516 128 584 832 899 
22 115 313 355 422 423 495 639 761 993 
124 125 125 127 542 128 731 745 846 954 
124 125 74 127 494 128 574 807 872 988 
124 125 134 127 128 531 705 784 896 958 
88 133 232 297 342 536 558 569 579 1000 
124 131 125 419 127 550 128 677 687 835 
48 124 125 127 128 451 479 534 570 989 
257 463 573 688 714 731 739 797 849 991 
175 110 206 118 256 119 371 391 721 845 
10 124 125 514 127 128 677 845 862 900 
105 124 125 127 531 128 695 846 927 943 
26 125 66 71 106 349 116 682 799 989 
78 124 280 125 557 127 128 836 935 951 
133 138 246 272 273 361 728 771 861 942 
44 124 245 125 302 127 128 708 860 930 
139 124 409 125 433 127 128 591 645 963 
124 125 125 128 127 128 535 885 915 926 
124 124 127 125 512 127 128 774 775 938 
124 124 127 125 127 700 128 806 903 952 
124 125 127 128 634 730 823 901 918 945 
193 202 247 371 635 700 702 729 750 924 
50 227 262 263 333 342 405 421 621 741 
53 124 133 125 221 127 128 710 714 830 
104 124 589 125 655 127 128 693 957 986 
124 125 125 127 128 449 540 707 770 875 
124 124 127 125 127 791 128 855 954 986 
124 80 125 557 127 609 128 889 892 925 
130 162 220 394 470 584 640 659 681 925 
74 232 347 358 476 516 809 822 836 927 
3 113 191 408 463 645 668 745 855 978 
124 124 125 128 127 705 128 750 886 923 
52 124 283 125 127 128 626 674 716 814 
124 125 125 128 127 616 128 737 800 915 
23 368 411 437 467 688 761 853 857 878 
124 205 125 274 127 604 128 889 890 934 
124 124 125 127 587 128 777 852 893 958 
210 308 386 540 580 702 709 740 742 985 
2 124 272 125 379 127 128 846 916 984 
117 124 125 127 128 624 677 825 932 966 
75 92 105 114 698 126 781 790 860 984 
16 24 28 35 172 730 739 850 865 919 
185 124 391 125 749 127 128 828 891 932 
124 111 125 127 194 128 431 493 611 830 
124 304 125 127 128 577 661 670 706 859 
117 160 197 206 340 373 485 673 860 869 
124 141 125 404 127 128 644 732 773 983 
23 76 122 168 298 536 736 842 946 960 
54 90 148 173 279 340 487 533 892 916 
154 199 202 222 247 398 759 891 907 970 
84 165 260 305 412 784 818 861 946 980 
215 350 520 531 573 701 705 808 903 920 
124 124 125 128 127 128 619 675 838 852 
329 459 637 672 741 765 792 816 876 952 
124 125 125 127 128 537 641 685 708 985 
124 291 125 574 127 747 128 877 913 978 
95 183 206 294 416 721 729 792 877 942 
124 125 127 128 345 378 516 963 974 980 
21 36 100 113 124 442 692 850 853 879 
124 125 164 127 128 642 674 704 757 986 
124 138 125 127 530 128 703 855 907 990 
87 92 105 206 114 126 666 672 825 982 
124 76 125 209 127 128 715 747 818 968 
26 178 189 223 426 463 498 580 699 880 
51 59 143 201 218 292 469 491 835 983 
124 9 125 127 128 356 436 519 606 645 
142 317 491 582 663 739 821 871 886 999 
134 287 407 438 470 612 675 680 818 849 
124 139 125 487 127 128 838 904 977 1000 
124 118 125 127 128 598 609 630 753 977 
110 124 125 127 128 638 879 912 946 954 
124 83 125 127 128 604 755 810 954 969 
124 309 125 127 128 601 650 772 810 922 
22 68 115 117 129 205 308 535 644 871 
21 94 132 133 145 183 315 333 392 567 
191 124 302 125 127 128 637 673 811 920 
49 382 400 405 409 446 515 610 633 807 
6 60 69 182 200 234 344 645 742 886 
27 75 186 214 250 283 725 735 795 963 
124 125 127 128 773 780 855 911 934 973 
124 125 127 322 128 505 608 874 880 911 
68 124 125 294 127 441 128 851 875 947 
68 124 95 125 127 352 128 607 645 853 
124 124 125 128 127 128 535 871 911 919 
3 124 125 127 128 404 526 566 710 747 
124 390 125 471 127 627 128 717 856 863 
124 125 127 128 196 270 293 316 402 468 
180 241 329 488 562 625 652 693 918 972 
124 125 127 127 128 691 789 810 845 879 
124 103 125 127 326 128 427 726 758 866 
124 124 127 125 243 127 128 808 875 908 
124 196 125 127 446 128 653 695 751 963 
99 320 429 439 481 513 556 665 890 931 
210 242 311 318 436 443 486 816 925 943 
124 118 125 127 128 609 650 716 868 988 
124 124 125 127 128 331 504 656 951 996 
131 156 190 360 367 557 652 658 673 805 
124 280 125 127 128 720 836 898 967 988 
20 53 105 165 346 578 740 801 816 896 
124 124 127 125 661 127 128 919 923 928 
124 125 127 128 607 737 812 841 887 978 
160 264 297 335 353 408 451 774 926 991 
124 261 125 394 127 128 719 726 733 907 
124 237 125 361 127 128 688 708 752 936 
77 92 125 183 330 452 499 654 661 685 
124 72 125 146 127 128 338 681 969 998 
98 188 207 301 559 751 760 766 931 940 
205 110 362 118 119 607 659 765 928 955 
124 125 125 128 127 128 810 868 877 937 
397 428 523 649 676 751 818 828 858 895 
124 125 127 127 128 501 687 710 891 989 
124 118 125 291 127 128 661 745 756 861 
207 124 125 407 127 128 738 871 914 928 
124 323 125 493 127 633 128 762 807 920 
124 342 125 400 127 531 128 807 856 930 
124 125 114 127 128 594 642 729 942 948 
40 85 87 182 349 456 622 673 763 979 
124 124 127 125 127 599 128 711 712 772 
55 77 495 512 541 668 720 795 879 949 
282 400 576 629 674 736 745 772 893 918 
34 186 291 325 335 402 427 488 613 712 
124 92 125 357 127 128 683 720 881 900 
17 72 231 397 463 507 668 798 835 996 
158 165 175 380 444 596 800 808 831 886 
92 105 182 189 361 525 576 713 863 910 
29 124 125 127 314 128 473 590 683 760 
131 212 229 253 264 615 767 788 873 875 
71 124 125 127 386 128 689 690 719 975 
19 124 125 420 127 788 128 852 898 963 
124 367 125 475 127 128 616 694 906 981 
124 125 127 128 194 302 403 417 651 708 
38 124 125 127 677 128 821 872 877 912 
32 91 297 386 464 478 494 615 828 872 
50 124 125 127 128 506 669 747 818 840 
184 110 118 119 657 666 791 904 953 978 
237 244 324 508 559 596 621 667 870 914 
93 124 125 509 127 128 674 764 935 991 
95 248 336 470 485 746 810 864 918 960 
55 229 397 469 484 556 833 883 967 997 
396 459 590 655 689 712 722 740 805 949 
52 250 251 301 339 413 534 547 663 949 
92 124 114 125 411 127 128 754 913 940 
1 197 281 406 449 525 611 618 690 972 
145 371 435 448 451 467 592 606 726 933 
124 199 125 520 127 128 897 924 933 980 
50 124 125 321 127 128 710 727 905 996 
124 125 127 128 329 578 593 623 638 686 
185 223 395 486 497 554 576 656 715 833 
179 251 312 313 360 710 870 908 977 1000 
124 26 66 71 106 116 718 721 777 965 
69 90 110 133 545 621 626 697 811 883 
110 124 119 125 127 128 628 817 919 925 
59 124 137 141 161 363 419 649 791 942 
124 79 125 279 127 502 128 747 896 988 
124 125 232 127 128 437 454 571 592 643 
33 124 171 125 127 628 128 889 910 995 
13 119 137 199 311 343 400 491 919 987 
124 254 125 127 475 128 779 871 899 951 
124 125 379 127 598 128 680 785 799 816 
107 153 233 323 528 619 713 782 884 931 
51 174 225 271 382 401 452 685 869 934 
124 125 127 128 544 580 612 743 891 914 
90 136 259 280 289 439 514 781 844 967 
26 125 66 71 544 106 116 707 930 959 
124 125 252 127 296 128 524 557 722 848 
61 63 76 190 207 361 411 739 756 1000 
17 124 100 125 127 128 544 699 938 974 
162 217 250 304 333 735 743 819 937 974 
124 182 125 324 127 623 128 852 866 940 
19 124 125 297 127 527 128 599 648 762 
124 34 125 127 128 405 420 469 588 857 
124 124 125 128 127 128 658 929 940 980 
72 124 142 125 572 127 128 883 921 958 
229 124 125 127 467 128 535 607 706 838 
5 97 256 266 296 382 726 733 836 971 
124 124 125 128 127 462 128 671 727 940 
167 124 211 125 127 599 128 768 912 995 
15 101 245 304 436 483 626 671 749 841 
57 116 174 593 718 736 751 878 936 1000 
83 109 171 327 353 568 598 874 896 977 
124 94 125 307 127 128 679 807 938 953 
124 124 125 128 127 128 787 824 841 905 
184 286 287 395 435 552 585 646 773 810 
47 96 153 454 691 892 921 932 953 977 
124 125 125 127 128 795 889 912 934 998 
226 124 125 377 127 128 785 830 837 996 
17 42 61 78 89 259 338 381 622 845 
124 237 125 127 298 128 603 737 766 926 
124 280 125 370 127 609 128 860 935 940 
30 174 589 630 675 699 715 840 851 921 
251 285 311 319 330 349 688 760 773 983 
284 124 125 571 127 128 634 655 821 912 
105 199 388 400 469 515 571 625 661 979 
124 124 125 127 685 128 736 761 851 893 
124 433 125 127 128 734 779 815 836 943 
55 124 125 711 127 761 128 871 959 965 
24 124 125 267 127 537 128 568 735 999 
124 124 127 125 579 127 128 773 794 915 
229 124 331 125 597 127 128 703 867 910 
124 124 125 127 348 128 478 734 791 857 
10 228 280 325 362 497 517 769 782 906 
9 22 104 203 243 327 368 696 786 839 
124 124 125 127 128 329 526 672 744 926 
124 125 127 128 542 580 668 807 889 982 
124 125 127 127 128 508 679 907 910 921 
87 124 342 125 127 128 858 906 937 967 
124 125 357 127 494 128 648 666 748 884 
124 125 201 127 219 128 489 507 647 669 
124 189 125 325 127 603 128 764 806 975 
86 224 332 416 419 573 678 770 853 949 
58 124 319 125 127 128 750 754 845 861 
187 249 335 556 617 666 784 812 908 960 
11 46 138 209 237 528 712 740 887 900 
26 125 66 71 106 375 116 809 850 882 
33 243 406 509 522 768 845 855 872 945 
124 125 127 128 128 527 588 793 866 934 
232 312 355 535 553 675 687 796 865 895 
124 69 125 328 127 384 128 691 902 932 
29 156 162 211 336 382 583 888 984 992 
50 136 211 487 537 687 726 750 766 910 
3 26 82 368 431 478 494 553 616 846 
7 123 140 230 506 513 533 700 820 884 
124 125 159 127 491 128 563 755 895 966 
124 124 127 125 459 127 128 660 703 797 
110 107 118 119 384 448 501 772 951 998 
35 124 132 125 364 127 128 581 629 731 
8 95 230 270 396 444 543 713 766 996 
124 125 125 127 128 661 706 712 895 993 
124 124 125 128 127 128 690 790 868 885 
124 231 125 127 450 128 659 759 773 902 
124 110 127 118 119 563 658 716 735 806 
124 180 125 127 496 128 519 584 835 957 
124 124 127 125 127 687 128 856 863 927 
124 125 127 233 128 482 556 743 889 992 
110 124 125 645 127 128 818 887 918 936 
97 104 263 271 376 607 640 721 756 870 
125 124 345 125 512 127 128 867 902 977 
26 66 71 106 558 116 641 679 770 937 
18 161 221 251 255 581 586 672 783 907 
419 124 125 127 128 901 930 966 990 995 
79 124 598 125 127 815 128 955 970 1000 
92 124 114 125 127 497 128 670 702 975 
65 232 246 302 332 422 825 852 867 983 
20 124 125 127 311 128 746 850 932 941 
78 146 225 251 300 356 406 616 670 735 
124 125 127 128 699 746 758 834 907 1000 
124 125 208 127 128 432 519 769 788 814 
156 124 125 531 127 128 703 717 746 781 
5 26 75 223 293 408 694 757 968 977 
24 92 105 398 114 538 126 694 786 887 
124 125 125 128 127 128 595 696 829 994 
15 124 282 125 494 127 128 731 774 962 
11 124 125 127 203 128 436 717 850 960 
21 124 95 125 127 128 602 665 888 894 
124 125 195 127 484 128 598 625 724 997 
102 124 144 125 341 127 128 625 716 738 
13 124 125 269 127 128 457 559 600 851 
124 125 127 128 283 326 372 407 486 982 
65 193 212 366 473 571 604 626 731 860 
96 172 195 338 348 373 470 489 716 852 
26 125 66 128 71 446 106 116 666 903 
109 124 310 125 127 610 128 726 826 873 
34 26 66 272 71 443 106 116 736 974 
37 285 296 474 476 570 599 686 792 916 
131 174 262 408 499 608 734 830 838 999 
203 124 125 548 127 128 658 743 809 866 
198 124 125 449 127 625 128 822 842 907 
85 213 253 255 302 500 520 527 717 825 
103 124 312 125 127 715 128 820 966 976 
94 200 219 255 304 650 703 727 883 892 
124 125 127 128 529 569 637 827 929 930 
99 201 303 323 488 603 696 780 913 962 
46 58 70 147 220 227 629 643 718 958 
124 125 125 128 127 464 128 765 826 926 
113 201 336 399 564 676 692 703 783 833 
110 118 119 364 588 594 667 822 874 914 
50 124 135 125 127 612 128 676 745 783 
124 125 127 128 394 463 505 637 708 971 
124 71 125 127 128 667 744 817 850 853 
281 124 125 589 127 613 128 716 730 733 
230 124 374 125 602 127 128 722 794 890 
35 87 91 203 317 403 757 789 848 880 
124 125 127 128 395 408 538 753 770 872 
306 358 559 574 617 696 710 712 755 860 
124 125 125 127 594 128 760 791 820 997 
89 104 126 313 346 379 447 517 778 856 
157 124 125 127 128 772 880 881 958 962 
127 129 137 170 236 394 531 558 705 908 
124 124 127 125 127 676 128 750 926 936 
35 124 225 125 127 621 128 750 781 862 
24 124 125 265 127 713 128 877 949 955 
53 74 432 453 527 601 635 721 847 868 
73 122 311 530 584 731 759 862 945 982 
180 272 273 444 602 615 624 655 753 917 
239 124 125 127 128 747 808 870 916 951 
18 151 256 397 447 505 547 557 580 670 
124 202 125 283 127 128 425 505 543 837 
41 124 125 350 127 424 128 531 611 768 
52 68 178 215 237 438 450 559 732 961 
227 437 448 472 519 530 623 802 854 890 
158 350 395 415 516 557 569 887 978 990 
66 124 261 125 127 731 128 898 934 998 
124 125 127 127 128 448 526 643 648 980 
84 124 206 125 127 584 128 795 885 911 
124 125 119 127 431 128 524 584 675 919 
40 74 76 267 278 441 664 679 733 881 
124 206 125 127 468 128 715 851 949 966 
4 124 484 125 127 128 689 723 871 978 
4 119 250 360 373 398 526 735 863 891 
124 124 127 125 453 127 128 612 757 953 
56 183 305 412 481 491 659 755 758 837 
124 125 125 127 128 693 703 847 863 876 
110 188 118 390 119 799 938 941 945 977 
124 125 127 127 128 661 796 817 923 950 
7 124 59 125 226 127 128 564 878 893 
98 124 306 125 127 128 478 708 738 903 
304 415 590 687 716 738 806 911 979 996 
10 124 105 125 544 127 128 662 891 960 
115 196 216 301 466 530 673 694 729 940 
124 125 268 127 584 128 602 619 711 744 
18 293 296 523 537 681 709 824 856 961 
2 124 125 127 262 128 372 470 588 805 
124 125 127 416 128 528 584 656 661 760 
124 125 376 127 128 468 735 930 960 1000 
124 213 125 127 128 602 743 754 819 951 
124 124 125 128 127 440 128 760 778 998 
63 80 92 228 236 581 613 703 806 922 
112 124 330 125 495 127 128 815 820 841 
300 124 125 660 127 842 128 967 987 997 
32 51 174 181 225 427 449 472 551 717 
15 124 125 273 127 538 128 673 712 904 
124 135 125 127 573 128 611 652 778 873 
108 115 134 142 299 628 757 836 898 988 
173 124 125 127 467 128 601 602 842 867 
198 251 385 525 572 595 630 663 693 861 
124 26 127 66 350 71 106 116 727 770 
13 41 68 150 305 310 577 627 891 903 
47 124 125 334 127 128 561 599 866 902 
37 62 85 256 328 352 611 616 627 780 
124 124 125 127 128 569 625 654 700 884 
79 140 219 283 724 726 755 760 771 868 
124 124 127 125 485 127 128 635 725 779 
124 114 125 156 127 128 547 568 648 887 
124 125 125 127 665 128 912 914 935 936 
124 124 127 125 127 464 128 674 692 866 
124 55 125 210 127 128 632 645 820 860 
51 124 100 125 127 394 128 728 740 921 
124 125 127 127 128 466 484 510 870 963 
209 124 125 340 127 833 128 891 900 906 
124 125 127 127 290 128 462 817 894 987 
124 124 125 128 127 128 607 684 816 937 
124 125 127 128 128 693 793 823 888 971 
124 91 125 127 356 128 521 594 912 941 
39 95 222 226 254 357 748 849 896 993 
35 85 121 312 393 804 842 868 922 998 
124 139 125 264 127 437 128 483 718 907 
110 124 125 483 127 128 553 726 810 901 
26 66 71 128 106 116 534 610 845 893 
124 125 127 128 686 761 772 840 921 936 
27 163 185 219 221 321 400 489 870 975 
124 125 127 128 737 790 811 865 866 950 
205 124 125 127 434 128 475 571 748 992 
124 124 127 125 127 584 128 776 833 884 
171 124 125 127 128 528 549 621 655 938 
124 125 125 128 127 612 128 742 796 891 
92 124 114 125 127 770 128 901 908 929 
28 126 193 257 318 523 755 806 885 967 
106 124 271 125 478 127 128 616 722 806 
10 124 309 125 127 578 128 632 870 952 
124 156 125 599 127 128 753 761 854 952 
110 124 119 125 483 127 128 764 883 957 
124 124 127 125 221 127 128 856 958 985 
75 121 343 405 606 662 835 943 949 966 
36 124 125 127 325 128 447 550 709 882 
40 124 456 125 127 701 128 777 785 843 
47 59 172 231 289 309 359 504 806 844 
124 18 125 127 128 656 664 833 898 951 
116 124 125 330 127 128 647 668 670 859 
124 88 125 127 128 461 556 587 663 706 
100 243 258 443 547 706 748 768 782 893 
85 131 387 454 570 695 702 704 841 883 
179 367 471 672 674 679 700 731 935 981 
3 124 125 127 342 128 606 701 860 926 
124 125 127 127 376 128 601 665 752 936 
124 125 127 128 581 614 658 750 753 900 
197 218 448 508 517 608 694 727 746 988 
20 246 318 398 522 595 691 717 835 884 
124 125 127 187 128 454 541 825 868 932 
56 127 231 255 285 329 339 526 547 549 
62 103 346 362 390 449 651 669 675 822 
23 124 156 125 127 278 128 769 852 853 
124 96 125 267 127 379 128 626 636 662 
124 125 127 313 128 695 750 797 874 922 
97 191 217 323 396 627 661 777 885 928 
124 124 127 125 471 127 128 636 866 991 
124 125 125 128 127 733 128 822 847 848 
29 400 573 619 650 705 776 849 927 942 
36 63 259 345 504 568 670 736 807 969 
110 75 118 180 119 495 572 587 708 747 
124 124 127 125 127 657 128 809 819 852 
124 125 127 533 128 709 720 816 888 904 
