101 101 107 117 125 118 128 705 771 898 
101 101 107 118 117 118 128 846 850 941 
101 101 107 117 118 126 128 237 725 820 
101 18 28 120 122 125 126 128 949 981 
101 18 28 118 120 122 125 126 904 128 
101 101 107 118 117 126 118 702 783 833 
101 107 107 118 117 126 118 581 650 831 
101 101 117 107 125 117 118 736 795 920 
101 107 117 118 118 126 128 836 910 954 
101 18 28 120 125 122 128 125 126 128 
101 107 117 118 118 126 128 787 805 977 
101 101 117 107 125 117 118 827 961 971 
101 107 117 117 118 126 128 693 981 993 
18 107 28 118 120 122 128 125 126 128 
101 107 117 118 114 280 476 627 965 988 
101 107 107 117 118 354 515 553 700 984 
101 107 117 118 118 126 128 576 579 975 
101 18 117 28 125 120 122 125 126 128 
101 18 28 120 122 125 126 128 889 928 
101 107 117 117 118 126 128 406 787 910 
101 101 117 107 328 117 118 449 657 826 
101 107 117 118 118 126 128 712 717 912 
101 107 107 117 279 118 526 562 820 832 
101 101 117 107 125 117 118 746 960 985 
101 107 117 117 118 126 128 792 953 978 
101 101 117 107 117 126 118 762 824 950 
101 107 117 117 125 118 128 718 906 934 
18 28 117 120 125 122 125 771 126 128 
101 101 107 117 118 126 128 447 769 918 
101 101 107 117 125 118 128 814 889 937 
101 101 117 107 117 126 118 588 865 956 
18 107 28 118 120 122 128 125 126 128 
101 107 107 117 125 118 128 780 807 909 
101 101 117 107 117 126 118 600 756 801 
101 107 107 117 118 126 128 912 956 989 
101 101 107 118 117 118 128 661 767 877 
18 107 28 120 122 125 126 128 861 979 
101 101 117 107 117 126 118 781 813 822 
101 101 117 107 117 118 688 852 866 883 
101 18 117 28 125 120 122 125 126 128 
101 107 117 117 125 118 128 603 785 835 
101 101 107 117 118 126 128 826 914 971 
101 101 117 107 125 117 118 614 716 930 
101 101 107 118 117 118 128 854 865 893 
101 107 117 117 125 118 128 888 902 999 
101 107 117 118 118 126 128 825 874 876 
101 101 117 107 125 117 118 689 866 950 
101 101 107 117 118 126 128 588 622 764 
101 101 117 107 125 117 118 715 889 929 
101 18 28 118 120 122 128 125 126 128 
18 28 117 120 122 125 126 128 654 862 
101 18 28 118 120 126 122 125 126 128 
101 107 107 117 118 272 366 453 496 850 
101 107 107 118 117 118 128 804 854 983 
18 28 120 118 122 125 128 126 128 954 
101 107 107 117 595 118 783 828 862 883 
101 107 117 118 118 126 128 767 858 871 
101 107 107 118 117 118 128 834 873 933 
101 107 107 117 125 118 128 849 858 968 
101 107 107 118 117 126 118 627 656 805 
101 107 117 117 118 126 128 663 807 936 
101 107 107 118 117 118 128 746 747 967 
101 18 28 118 120 122 125 126 835 128 
18 107 28 118 120 126 122 125 126 128 
101 101 107 117 118 126 128 665 776 897 
18 28 117 120 122 125 128 126 128 977 
101 18 28 118 120 126 122 125 126 128 
101 101 117 107 125 117 118 583 701 798 
101 101 107 118 117 118 128 849 967 980 
101 101 117 107 125 117 118 851 894 958 
101 18 28 120 122 126 125 927 126 128 
101 107 117 118 118 126 128 813 899 1000 
18 107 28 120 122 125 128 126 934 128 
101 107 107 117 118 126 128 580 823 992 
101 107 117 118 118 126 128 971 984 986 
101 101 117 107 125 117 118 699 848 965 
101 107 117 118 125 126 128 960 965 973 
101 101 117 107 117 118 128 776 811 947 
101 107 117 118 581 654 814 854 942 977 
101 101 117 107 117 126 118 928 938 1000 
18 28 117 120 122 125 126 353 128 893 
101 101 117 107 117 126 118 866 921 966 
101 18 28 120 125 122 125 126 847 128 
18 28 28 120 122 125 128 126 591 128 
101 107 117 117 125 118 128 909 964 977 
101 107 107 118 117 118 128 636 830 914 
101 101 117 107 189 117 118 414 570 835 
101 18 117 28 125 120 122 125 126 128 
101 107 117 117 118 126 128 644 731 944 
101 18 117 28 120 126 122 125 126 128 
18 28 117 120 122 125 128 126 900 128 
101 101 117 107 685 117 118 923 947 996 
101 18 117 28 125 120 122 125 126 128 
101 18 117 28 120 122 125 863 126 128 
101 107 107 117 118 126 128 400 579 975 
18 107 28 118 120 126 122 125 126 128 
101 18 28 120 122 126 125 126 639 128 
101 18 28 118 120 122 128 125 126 128 
101 107 107 117 118 126 128 627 864 897 
101 107 117 117 118 126 128 584 832 899 
18 28 120 122 125 126 495 128 761 993 
18 18 120 28 120 122 125 745 126 128 
18 18 120 28 120 126 122 125 126 128 
18 28 120 120 125 122 128 125 126 128 
18 28 28 122 120 126 122 125 126 128 
18 18 28 122 120 126 122 125 126 128 
18 18 120 28 125 120 122 125 126 128 
18 18 28 120 122 126 125 126 849 128 
18 28 117 120 122 337 125 126 128 845 
18 18 120 28 120 122 125 126 862 128 
18 28 28 122 120 126 122 125 126 128 
18 107 28 118 120 122 128 125 126 128 
18 18 120 28 120 122 128 125 126 128 
18 127 28 120 125 122 125 126 861 128 
18 28 120 122 125 126 128 128 860 930 
18 28 28 120 122 125 128 126 645 128 
18 28 28 122 120 126 122 125 126 128 
18 18 120 28 125 120 122 125 126 128 
18 28 28 120 125 122 128 125 126 128 
18 18 120 28 125 120 122 125 126 128 
18 28 120 120 125 122 128 125 126 128 
18 18 120 28 120 122 125 421 126 128 
29 18 28 98 120 122 128 125 126 128 
18 18 120 28 125 120 122 125 126 128 
18 28 28 120 122 125 128 126 128 875 
18 18 120 28 125 120 122 125 126 128 
18 18 28 122 120 122 128 125 126 128 
18 18 120 28 125 120 122 125 126 128 
18 18 120 28 125 120 122 125 126 128 
18 28 120 120 122 125 126 745 128 978 
18 18 120 28 120 122 125 750 126 128 
18 18 28 122 120 122 125 126 128 814 
18 18 120 28 125 120 122 125 126 128 
18 18 120 28 120 122 128 125 126 128 
18 18 28 120 122 126 125 126 890 128 
119 18 28 120 125 122 125 126 893 128 
119 18 28 120 125 122 128 125 126 128 
18 28 28 120 125 122 128 125 126 128 
18 18 28 120 122 126 125 825 126 128 
18 28 120 122 122 125 128 126 128 984 
18 18 120 28 125 120 122 125 126 128 
18 28 117 120 125 122 125 828 126 128 
18 18 120 28 120 126 122 125 126 128 
18 18 28 122 120 122 125 126 706 128 
101 18 117 28 125 120 122 125 126 128 
18 28 120 120 122 126 125 732 126 128 
18 28 120 122 122 125 126 128 946 960 
18 18 120 28 125 120 122 125 126 128 
18 28 120 120 122 125 128 126 907 128 
101 18 117 28 125 120 122 125 126 128 
18 28 28 120 125 122 128 125 126 128 
18 28 117 120 125 122 128 125 126 128 
18 82 28 116 120 126 122 125 126 128 
18 18 28 120 122 125 128 126 708 128 
18 28 28 120 122 126 125 877 126 128 
18 18 28 122 120 122 125 792 126 128 
18 18 120 28 120 122 128 125 126 128 
18 82 28 120 122 125 128 126 128 879 
18 28 120 122 125 126 126 704 128 986 
18 28 120 118 122 125 126 855 128 990 
18 28 28 122 120 126 122 125 126 128 
18 28 28 122 120 122 125 747 126 128 
18 18 28 122 120 122 128 125 126 128 
18 127 28 118 120 126 122 125 126 128 
18 18 120 28 120 122 125 126 128 645 
18 18 28 122 120 126 122 125 126 128 
18 28 120 122 125 126 126 680 128 849 
18 18 120 28 125 120 122 125 126 128 
18 18 120 28 125 120 122 125 126 128 
18 18 120 28 125 120 122 125 126 128 
18 18 120 28 125 120 122 125 126 128 
119 18 28 122 120 122 125 772 126 128 
18 28 28 122 120 122 125 535 126 128 
119 18 117 28 120 183 122 125 126 128 
18 18 120 28 125 120 122 125 126 128 
119 18 28 118 120 122 125 126 633 128 
18 18 120 28 125 120 122 125 126 128 
18 18 28 120 125 122 128 125 126 128 
18 28 120 122 122 126 125 911 126 128 
18 18 120 28 120 122 125 126 128 911 
18 28 120 120 122 125 126 851 128 947 
18 18 120 28 120 126 122 125 126 128 
18 28 28 122 120 122 128 125 126 128 
18 82 28 120 263 122 125 126 128 747 
18 28 117 120 122 126 125 717 126 128 
18 18 120 28 125 120 122 125 126 128 
18 18 120 28 125 120 122 125 126 128 
18 18 120 28 120 126 122 125 126 128 
18 18 28 122 120 122 125 126 758 128 
18 28 28 120 125 122 125 808 126 128 
18 18 120 28 120 126 122 125 126 128 
119 18 28 120 481 122 125 665 126 128 
18 18 28 120 122 125 126 816 128 943 
18 28 120 118 122 125 128 126 128 988 
18 18 28 120 122 125 126 128 951 996 
18 28 120 122 122 125 128 126 673 128 
18 28 28 122 120 126 122 125 126 128 
18 28 120 122 122 125 126 128 816 896 
18 18 28 120 125 122 125 919 126 128 
18 18 120 28 120 122 128 125 126 128 
18 119 120 127 125 126 128 774 926 991 
18 28 91 120 122 125 128 126 128 907 
3 29 73 92 98 114 128 708 752 936 
18 119 127 122 125 126 128 654 661 685 
29 28 73 122 92 98 114 681 969 998 
119 127 92 98 114 126 128 766 931 940 
18 119 127 122 125 126 128 765 928 955 
18 18 28 120 122 125 126 128 877 937 
29 3 92 95 114 126 128 828 858 895 
3 119 120 127 125 126 128 710 891 989 
119 127 120 122 125 126 128 745 756 861 
119 73 127 98 114 126 128 871 914 928 
119 119 127 122 125 126 128 762 807 920 
119 127 127 122 125 126 128 807 856 930 
18 119 127 122 125 126 128 729 942 948 
29 119 92 127 114 126 128 673 763 979 
18 119 120 127 125 126 128 711 712 772 
18 14 82 122 91 126 116 795 879 949 
119 127 127 98 114 126 128 772 893 918 
18 29 73 122 92 126 98 114 613 712 
18 28 120 120 125 122 128 125 126 128 
119 119 127 122 125 126 128 798 835 996 
119 28 127 122 125 126 128 808 831 886 
119 73 127 98 114 126 128 713 863 910 
119 127 120 122 125 126 128 590 683 760 
119 29 73 92 98 126 114 788 873 875 
51 29 73 92 98 126 114 690 719 975 
14 82 120 91 125 116 128 852 898 963 
119 119 120 127 125 126 128 694 906 981 
119 28 127 122 125 126 128 417 651 708 
119 127 127 122 125 126 128 872 877 912 
14 119 91 127 125 126 128 615 828 872 
119 119 120 127 125 126 128 747 818 840 
119 127 120 122 125 126 128 904 953 978 
119 127 127 122 125 126 128 667 870 914 
119 119 120 127 125 126 128 764 935 991 
119 119 91 127 125 126 128 864 918 960 
119 119 120 127 125 126 128 883 967 997 
29 29 92 73 92 126 98 114 805 949 
18 18 120 28 120 126 122 125 126 128 
119 119 120 127 125 126 128 754 913 940 
18 29 73 92 98 126 114 618 690 972 
18 119 127 122 125 126 128 606 726 933 
119 73 127 98 114 126 128 924 933 980 
29 73 92 92 98 126 114 727 905 996 
18 18 28 120 125 122 125 126 638 128 
29 127 73 122 92 126 98 114 715 833 
18 18 120 28 125 120 122 125 126 128 
119 119 127 122 125 126 128 721 777 965 
18 119 120 127 125 126 128 697 811 883 
119 119 127 122 125 126 128 817 919 925 
18 29 73 92 125 98 128 114 791 942 
14 119 91 127 114 126 128 747 896 988 
14 82 120 91 125 116 128 571 592 643 
119 127 92 98 114 126 128 889 910 995 
18 119 120 127 125 126 128 491 919 987 
119 127 120 122 125 126 128 871 899 951 
119 119 120 127 125 126 128 785 799 816 
18 119 127 122 125 126 128 782 884 931 
119 18 28 122 120 126 122 125 126 128 
119 127 120 122 125 126 128 743 891 914 
18 28 28 122 120 122 128 125 126 128 
119 127 92 98 114 126 128 707 930 959 
119 82 127 116 125 126 128 557 722 848 
119 28 127 122 125 126 128 739 756 1000 
119 119 127 122 125 126 128 699 938 974 
37 82 81 116 97 126 113 819 937 974 
14 119 91 127 125 126 128 852 866 940 
18 14 82 122 91 116 128 599 648 762 
119 18 120 28 125 120 122 125 126 128 
119 127 127 122 125 126 128 929 940 980 
119 119 91 127 125 126 128 883 921 958 
119 127 92 98 114 126 128 607 706 838 
18 119 120 127 125 126 128 733 836 971 
119 119 120 127 125 126 128 671 727 940 
119 127 92 98 114 126 128 768 912 995 
29 119 92 127 114 126 128 671 749 841 
119 28 127 122 125 126 128 878 936 1000 
14 119 91 127 114 126 128 874 896 977 
119 119 120 127 125 126 128 807 938 953 
14 82 120 91 125 116 128 824 841 905 
18 29 120 73 125 92 98 114 773 810 
14 119 91 127 125 126 128 932 953 977 
119 119 127 122 125 126 128 912 934 998 
119 28 127 122 125 126 128 830 837 996 
119 14 120 82 125 91 116 381 622 845 
18 119 127 122 125 126 128 737 766 926 
119 119 127 122 125 126 128 860 935 940 
18 28 120 122 125 126 128 128 851 921 
75 73 121 98 114 126 128 760 773 983 
119 28 127 122 125 126 128 655 821 912 
119 28 127 122 125 126 128 625 661 979 
119 28 127 122 125 126 128 761 851 893 
18 119 120 127 125 126 128 815 836 943 
119 127 127 122 125 126 128 871 959 965 
119 119 120 127 125 126 128 568 735 999 
119 119 127 122 125 126 128 773 794 915 
119 119 127 98 114 126 128 703 867 910 
119 127 120 122 125 126 128 734 791 857 
119 127 92 98 114 126 128 769 782 906 
18 119 120 127 125 126 128 696 786 839 
18 29 120 73 125 92 98 114 744 926 
14 28 82 91 116 126 128 807 889 982 
18 119 120 127 125 126 128 907 910 921 
18 28 28 122 120 126 122 125 126 128 
29 73 73 98 92 126 98 114 748 884 
18 3 95 122 125 126 128 507 647 669 
18 28 120 122 122 126 125 764 126 128 
29 73 92 92 114 98 128 114 853 949 
18 119 120 127 125 126 128 754 845 861 
14 14 91 82 91 126 116 812 908 960 
18 28 120 122 125 126 128 740 887 900 
14 82 120 91 116 126 128 809 850 882 
18 14 120 82 125 91 116 855 872 945 
14 28 82 122 91 116 128 793 866 934 
29 29 92 73 114 92 98 114 865 895 
14 127 82 91 116 126 128 691 902 932 
18 119 127 122 125 126 128 888 984 992 
14 75 91 121 125 126 128 750 766 910 
29 127 73 92 125 98 114 553 616 846 
18 18 120 28 125 120 122 125 126 128 
14 28 82 122 91 116 128 755 895 966 
18 28 120 122 125 126 128 660 703 797 
119 18 28 98 120 122 125 772 126 128 
14 29 73 92 98 126 114 581 629 731 
18 14 82 122 91 116 128 713 766 996 
29 119 127 98 114 126 128 712 895 993 
29 73 120 92 125 98 128 114 868 885 
18 127 28 120 125 122 128 125 126 128 
119 127 120 122 125 126 128 716 735 806 
3 95 92 98 114 126 128 584 835 957 
119 127 120 122 125 126 128 856 863 927 
18 119 127 122 125 126 128 743 889 992 
3 95 91 116 125 126 128 887 918 936 
18 119 127 122 125 126 128 721 756 870 
119 29 120 73 125 92 98 114 902 977 
119 28 127 122 125 126 128 679 770 937 
18 18 120 28 120 126 122 125 126 128 
14 104 82 122 91 116 128 966 990 995 
29 14 82 91 116 126 128 955 970 1000 
119 127 127 122 125 126 128 670 702 975 
29 28 73 92 125 98 128 114 867 983 
14 28 82 91 125 116 128 850 932 941 
18 14 120 82 91 126 116 616 670 735 
14 82 91 98 116 126 128 834 907 1000 
14 3 91 95 114 126 128 769 788 814 
3 119 127 122 125 126 128 717 746 781 
14 28 82 91 116 126 128 757 968 977 
29 28 73 122 92 98 114 694 786 887 
18 29 120 73 125 92 98 114 829 994 
119 14 82 122 91 116 128 731 774 962 
119 28 127 122 125 126 128 717 850 960 
18 29 120 73 92 126 98 114 888 894 
18 119 127 122 125 126 128 625 724 997 
18 28 120 122 125 125 128 126 716 128 
18 28 120 122 125 126 128 559 600 851 
18 18 120 28 125 120 122 125 126 128 
18 28 28 122 120 122 128 125 126 128 
18 119 127 122 125 126 128 489 716 852 
29 73 92 122 98 126 114 599 666 903 
18 29 120 73 125 92 98 114 826 873 
14 82 91 122 116 126 128 666 736 974 
29 14 82 98 91 126 116 686 792 916 
3 127 95 122 125 126 128 830 838 999 
18 29 73 122 92 126 98 114 809 866 
29 119 92 127 114 126 128 822 842 907 
18 18 120 28 125 120 122 125 126 128 
119 29 120 73 125 92 98 114 966 976 
14 73 82 91 116 126 128 727 883 892 
14 28 82 91 116 126 128 827 929 930 
18 14 82 91 125 116 128 780 913 962 
29 73 120 92 125 98 114 643 718 958 
14 28 82 122 91 126 116 765 826 926 
29 28 73 122 92 98 114 703 783 833 
18 29 120 73 92 126 98 114 874 914 
18 18 28 122 120 126 122 125 126 128 
29 73 73 92 98 114 128 637 708 971 
29 73 92 98 114 126 128 817 850 853 
119 18 120 28 120 126 122 125 126 128 
14 14 91 82 114 91 116 722 794 890 
3 73 95 98 114 126 128 789 848 880 
119 127 120 122 125 126 128 753 770 872 
3 28 95 122 125 126 128 712 755 860 
14 127 82 91 125 116 128 791 820 997 
18 19 120 50 57 126 93 517 778 856 
18 29 73 92 125 98 128 114 958 962 
18 18 120 28 125 120 122 125 126 128 
3 95 120 122 125 126 128 750 926 936 
18 14 120 82 91 126 116 750 781 862 
14 82 91 98 116 126 128 877 949 955 
18 18 120 28 120 126 122 125 126 128 
119 14 82 91 125 116 128 862 945 982 
18 28 120 120 122 126 125 655 126 128 
119 28 127 122 125 126 128 870 916 951 
14 82 91 98 116 126 128 557 580 670 
51 104 109 122 125 126 128 505 543 837 
18 28 28 122 120 126 122 125 126 128 
29 73 120 92 125 98 114 559 732 961 
18 19 50 122 57 126 93 802 854 890 
29 127 73 92 125 98 128 114 978 990 
119 119 120 127 125 126 128 898 934 998 
119 119 127 404 444 448 526 643 648 980 
119 28 127 122 125 126 128 795 885 911 
119 28 127 122 125 126 128 584 675 919 
29 73 76 92 98 441 114 679 733 881 
29 73 92 122 98 126 114 851 949 966 
119 19 50 615 57 93 689 723 871 978 
119 127 127 360 373 398 526 735 863 891 
3 95 120 122 125 126 128 612 757 953 
14 127 82 122 91 116 128 755 758 837 
29 119 127 98 114 126 128 847 863 876 
119 47 92 72 114 126 128 941 945 977 
119 119 91 127 259 661 796 817 923 950 
119 127 120 122 125 126 128 564 878 893 
119 119 120 127 125 126 128 708 738 903 
14 73 82 91 116 738 806 911 979 996 
119 127 120 122 125 126 128 662 891 960 
119 127 127 122 125 126 128 694 729 940 
119 14 82 122 91 126 116 619 711 744 
119 14 120 82 125 91 116 824 856 961 
29 73 92 98 114 126 128 470 588 805 
119 14 82 91 114 116 128 656 661 760 
51 104 109 122 125 126 128 930 960 1000 
18 119 120 127 125 126 128 754 819 951 
119 119 127 98 114 126 128 760 778 998 
14 127 82 91 116 126 128 703 806 922 
14 14 82 116 91 116 128 815 820 841 
119 73 127 98 114 842 858 967 987 997 
119 29 120 73 92 98 128 114 551 717 
14 73 82 98 91 116 128 673 712 904 
18 29 73 122 92 126 98 114 778 873 
29 73 92 92 114 98 128 114 898 988 
18 14 82 122 91 116 128 602 842 867 
14 82 91 98 116 126 128 663 693 861 
14 127 82 91 125 116 128 677 727 770 
119 127 91 116 125 126 128 627 891 903 
29 14 92 82 91 116 128 599 866 902 
14 14 91 82 91 126 116 616 627 780 
3 95 92 98 114 569 625 654 700 884 
14 73 82 98 91 116 128 760 771 868 
119 14 82 91 116 126 128 635 725 779 
29 127 73 122 92 98 128 114 648 887 
14 73 82 98 91 116 912 914 935 936 
119 119 120 127 125 126 128 674 692 866 
4 19 60 50 368 57 93 645 820 860 
18 28 28 122 120 122 125 126 128 921 
18 29 120 73 125 92 98 114 870 963 
209 119 270 127 387 833 849 891 900 906 
119 127 120 122 125 126 128 817 894 987 
119 127 120 122 125 126 128 684 816 937 
3 82 95 116 560 693 793 823 888 971 
3 73 95 98 114 389 521 594 912 941 
119 14 91 82 91 116 128 849 896 993 
14 82 121 91 116 804 842 868 922 998 
29 119 92 127 114 126 128 483 718 907 
29 73 92 98 114 511 553 726 810 901 
119 73 127 98 114 126 128 610 845 893 
119 14 92 82 91 116 772 840 921 936 
119 119 120 127 125 126 128 489 870 975 
119 127 127 122 125 126 128 865 866 950 
29 73 91 92 125 98 128 114 748 992 
119 29 92 73 92 98 114 776 833 884 
75 127 121 122 125 126 128 621 655 938 
14 82 120 91 116 126 128 742 796 891 
119 127 92 98 114 126 128 901 908 929 
14 14 91 82 125 91 116 806 885 967 
119 119 120 127 125 126 128 616 722 806 
14 82 82 91 116 578 584 632 870 952 
119 127 127 122 125 126 128 761 854 952 
119 14 120 82 91 116 128 764 883 957 
14 82 169 91 116 640 747 856 958 985 
119 119 127 122 125 126 128 943 949 966 
119 127 120 122 125 126 128 550 709 882 
119 3 120 95 125 126 128 777 785 843 
119 119 120 127 125 126 128 504 806 844 
119 29 73 122 92 126 98 114 898 951 
29 14 82 98 91 116 128 668 670 859 
14 82 82 91 114 116 128 587 663 706 
3 127 95 122 125 126 128 768 782 893 
119 127 120 122 125 126 128 704 841 883 
119 14 82 91 125 116 128 731 935 981 
14 82 91 116 125 126 128 701 860 926 
119 62 127 361 376 444 601 665 752 936 
119 29 73 98 92 98 114 750 753 900 
3 127 95 122 125 126 128 727 746 988 
29 73 92 122 98 114 128 717 835 884 
18 29 73 122 92 98 128 114 868 932 
14 127 82 91 285 116 339 526 547 549 
14 127 82 91 116 126 128 669 675 822 
14 73 82 91 114 116 128 769 852 853 
119 127 127 122 125 126 128 626 636 662 
37 119 127 113 125 126 128 797 874 922 
14 14 82 116 91 126 116 777 885 928 
29 119 127 98 114 482 621 636 866 991 
14 168 82 429 91 733 116 822 847 848 
119 400 127 619 650 705 776 849 927 942 
119 73 127 98 114 126 128 736 807 969 
119 14 120 82 91 126 116 587 708 747 
119 73 127 98 114 657 732 809 819 852 
3 95 120 122 125 126 128 816 888 904 
