128 122 123 127 428 447 610 705 771 898 
119 101 98 87 24 670 750 846 850 941 
119 101 98 87 24 219 223 237 725 820 
127 123 100 28 763 923 939 944 949 981 
62 128 487 719 742 744 764 773 904 906 
127 123 100 28 311 463 531 702 783 833 
127 123 100 28 117 124 538 581 650 831 
127 123 100 28 538 594 695 736 795 920 
127 123 100 28 119 638 658 836 910 954 
128 122 434 597 631 658 675 790 808 885 
128 122 281 419 504 633 686 787 805 977 
128 122 98 101 119 446 816 827 961 971 
127 123 100 28 119 448 505 693 981 993 
124 117 108 99 97 64 607 725 859 922 
127 123 100 28 117 124 476 627 965 988 
128 122 123 127 119 354 515 553 700 984 
128 122 123 127 261 317 388 576 579 975 
127 123 100 28 119 584 735 736 764 798 
119 101 98 87 24 733 798 805 889 928 
127 123 100 28 276 321 368 406 787 910 
119 101 98 87 24 376 431 449 657 826 
128 122 123 127 349 506 657 712 717 912 
119 101 98 87 24 518 526 562 820 832 
128 122 211 305 310 673 738 746 960 985 
126 125 123 127 655 657 754 792 953 978 
119 101 98 87 24 432 529 762 824 950 
119 101 98 87 24 545 690 718 906 934 
128 122 98 101 119 680 698 771 970 983 
126 125 123 127 253 306 437 447 769 918 
128 122 421 424 655 757 771 814 889 937 
119 101 98 87 24 124 538 588 865 956 
127 123 100 28 119 289 311 651 776 934 
128 122 123 127 548 719 737 780 807 909 
127 123 100 28 119 553 565 600 756 801 
119 101 98 87 24 758 872 912 956 989 
127 123 100 28 119 628 658 661 767 877 
126 125 123 127 539 655 768 829 861 979 
126 125 123 127 404 533 679 781 813 822 
126 125 123 127 618 641 688 852 866 883 
128 122 123 127 308 382 464 722 843 916 
119 101 98 87 24 446 556 603 785 835 
126 125 123 127 723 752 760 826 914 971 
128 122 99 108 117 124 602 614 716 930 
128 122 405 509 744 828 839 854 865 893 
128 122 142 189 776 829 877 888 902 999 
127 123 100 28 117 124 745 825 874 876 
126 125 123 127 119 447 475 689 866 950 
127 123 100 28 153 361 367 588 622 764 
127 123 100 28 407 573 697 715 889 929 
127 123 100 28 289 426 514 583 670 996 
119 101 98 87 24 450 553 618 654 862 
128 122 123 127 425 549 623 731 782 948 
128 122 139 185 252 272 366 453 496 850 
128 122 123 127 417 425 543 804 854 983 
127 123 100 28 439 511 544 832 880 954 
128 122 369 479 595 767 783 828 862 883 
127 123 100 28 137 203 633 767 858 871 
126 125 123 127 576 578 588 834 873 933 
127 123 100 28 755 768 811 849 858 968 
127 123 100 28 119 385 614 627 656 805 
126 125 456 464 509 532 625 663 807 936 
127 123 100 28 587 601 616 746 747 967 
127 123 100 28 119 616 649 823 835 904 
119 101 98 87 24 380 436 632 817 889 
128 122 123 127 117 124 461 665 776 897 
127 123 100 28 423 439 753 790 877 977 
128 122 99 108 117 124 574 627 904 985 
127 123 100 28 119 347 574 583 701 798 
127 123 100 28 117 124 592 849 967 980 
127 123 100 28 117 124 646 851 894 958 
119 101 98 87 24 545 775 927 946 993 
127 123 100 28 476 483 786 813 899 1000 
127 123 100 28 454 658 767 848 934 966 
128 122 123 127 119 553 574 580 823 992 
127 123 100 28 119 658 766 971 984 986 
128 122 123 127 533 559 641 699 848 965 
127 123 100 28 670 725 958 960 965 973 
119 101 98 87 24 487 673 776 811 947 
119 101 98 87 24 654 814 854 942 977 
126 125 541 793 814 852 874 928 938 1000 
127 123 100 28 117 124 279 353 665 893 
119 101 98 87 24 681 737 866 921 966 
127 123 100 28 443 486 633 681 847 955 
128 122 123 127 346 369 442 462 591 701 
127 123 100 28 119 828 877 909 964 977 
126 125 123 127 586 617 628 636 830 914 
128 122 123 127 189 291 348 414 570 835 
127 123 100 28 117 124 491 499 867 954 
124 117 108 99 97 64 596 644 731 944 
119 101 98 87 24 124 696 815 902 909 
127 123 100 28 117 124 777 821 900 977 
128 122 123 127 685 696 732 923 947 996 
127 123 100 28 119 637 685 689 855 909 
127 123 100 28 652 838 856 863 960 993 
119 101 98 87 24 199 208 400 579 975 
128 122 123 127 119 572 610 650 727 864 
128 122 98 101 119 416 421 578 639 998 
128 122 123 127 119 311 540 636 692 932 
127 123 100 28 119 460 553 627 864 897 
126 125 99 108 117 124 574 584 832 899 
126 125 313 355 422 423 495 639 761 993 
126 125 123 127 542 652 731 745 846 954 
124 117 108 99 97 64 574 807 872 988 
127 123 100 28 462 531 705 784 896 958 
126 125 232 297 342 536 558 569 579 1000 
127 123 100 28 501 550 557 677 687 835 
127 123 100 28 410 451 479 534 570 989 
119 101 98 87 24 731 739 797 849 991 
127 123 100 28 119 337 371 391 721 845 
126 125 123 127 545 609 677 845 862 900 
128 122 123 127 531 616 695 846 927 943 
127 123 100 28 119 349 353 682 799 989 
119 101 98 87 24 641 658 836 935 951 
126 125 246 272 273 361 728 771 861 942 
126 125 245 276 302 324 566 708 860 930 
119 101 98 87 24 442 534 591 645 963 
126 125 98 101 119 371 535 885 915 926 
128 122 319 387 512 679 700 774 775 938 
119 101 98 87 24 700 795 806 903 952 
128 122 123 127 634 730 823 901 918 945 
127 123 100 28 119 700 702 729 750 924 
127 123 100 28 117 124 405 421 621 741 
128 122 123 127 221 267 338 710 714 830 
127 123 100 28 655 657 670 693 957 986 
128 122 123 127 388 449 540 707 770 875 
128 122 123 127 634 791 804 855 954 986 
119 101 98 87 24 124 864 889 892 925 
126 125 123 127 470 584 640 659 681 925 
128 122 123 127 119 516 809 822 836 927 
126 125 123 127 119 645 668 745 855 978 
127 123 100 28 440 705 735 750 886 923 
127 123 100 28 422 533 626 674 716 814 
127 123 100 28 549 616 626 737 800 915 
126 125 98 101 119 688 761 853 857 878 
127 123 100 28 119 604 622 889 890 934 
124 117 108 99 97 64 777 852 893 958 
127 123 100 28 580 702 709 740 742 985 
127 123 100 28 379 480 577 846 916 984 
119 101 98 87 24 624 677 825 932 966 
128 122 123 127 698 759 781 790 860 984 
119 101 98 87 24 730 739 850 865 919 
127 123 100 28 119 780 814 828 891 932 
127 123 100 28 194 235 431 493 611 830 
119 101 98 87 24 124 661 670 706 859 
119 101 98 87 24 373 485 673 860 869 
126 125 99 108 117 124 644 732 773 983 
119 101 98 87 24 536 736 842 946 960 
127 123 100 28 119 340 487 533 892 916 
127 123 100 28 117 124 759 891 907 970 
127 123 100 28 412 784 818 861 946 980 
128 122 123 127 573 701 705 808 903 920 
127 123 100 28 119 513 619 675 838 852 
126 125 123 127 119 765 792 816 876 952 
128 122 401 416 523 537 641 685 708 985 
127 123 100 28 651 747 806 877 913 978 
128 122 123 127 416 721 729 792 877 942 
127 123 100 28 345 378 516 963 974 980 
127 123 100 28 119 442 692 850 853 879 
128 122 123 127 119 642 674 704 757 986 
127 123 100 28 530 647 703 855 907 990 
127 123 100 28 276 642 666 672 825 982 
128 122 193 209 493 615 715 747 818 968 
128 122 99 108 117 124 498 580 699 880 
128 122 143 201 218 292 469 491 835 983 
127 123 100 28 119 356 436 519 606 645 
128 122 123 127 119 739 821 871 886 999 
119 101 98 87 24 124 675 680 818 849 
127 123 100 28 605 823 838 904 977 1000 
126 125 123 127 472 598 609 630 753 977 
127 123 100 28 575 638 879 912 946 954 
127 123 100 28 535 604 755 810 954 969 
126 125 98 101 119 601 650 772 810 922 
127 123 100 28 129 205 308 535 644 871 
126 125 123 127 145 183 315 333 392 567 
127 123 100 28 412 445 637 673 811 920 
127 123 100 28 409 446 515 610 633 807 
126 125 123 127 200 234 344 645 742 886 
126 125 99 108 117 124 725 735 795 963 
128 122 99 108 117 124 855 911 934 973 
128 122 319 322 376 505 608 874 880 911 
119 101 98 87 24 124 470 851 875 947 
119 101 98 87 24 124 553 607 645 853 
127 123 100 28 403 504 535 871 911 919 
126 125 78 147 263 404 526 566 710 747 
127 123 100 28 530 627 710 717 856 863 
128 122 123 127 119 270 293 316 402 468 
128 122 98 101 119 625 652 693 918 972 
128 122 123 127 119 691 789 810 845 879 
128 122 123 127 326 381 427 726 758 866 
119 101 98 87 24 364 424 808 875 908 
124 117 108 99 97 64 653 695 751 963 
119 101 98 87 24 513 556 665 890 931 
119 101 98 87 24 443 486 816 925 943 
126 125 98 101 119 609 650 716 868 988 
127 123 100 28 316 331 504 656 951 996 
127 123 100 28 367 557 652 658 673 805 
128 122 99 108 117 124 836 898 967 988 
126 125 123 127 119 578 740 801 816 896 
126 125 123 127 119 809 892 919 923 928 
128 122 548 589 607 737 812 841 887 978 
127 123 100 28 119 408 451 774 926 991 
127 123 100 28 119 575 719 726 733 907 
127 123 100 28 117 124 688 708 752 936 
127 123 100 28 330 452 499 654 661 685 
126 125 123 127 154 225 338 681 969 998 
127 123 100 28 119 751 760 766 931 940 
126 125 99 108 117 124 659 765 928 955 
127 123 100 28 631 774 810 868 877 937 
127 123 100 28 676 751 818 828 858 895 
126 125 123 127 434 501 687 710 891 989 
124 117 108 99 97 64 661 745 756 861 
126 125 123 127 468 619 738 871 914 928 
128 122 98 101 119 633 714 762 807 920 
128 122 98 101 119 531 676 807 856 930 
119 101 98 87 24 124 642 729 942 948 
119 101 98 87 24 456 622 673 763 979 
128 122 286 575 585 599 641 711 712 772 
127 123 100 28 541 668 720 795 879 949 
128 122 576 629 674 736 745 772 893 918 
127 123 100 28 335 402 427 488 613 712 
126 125 123 127 572 675 683 720 881 900 
126 125 123 127 119 507 668 798 835 996 
128 122 123 127 119 596 800 808 831 886 
119 101 98 87 24 525 576 713 863 910 
127 123 100 28 314 369 473 590 683 760 
127 123 100 28 264 615 767 788 873 875 
119 101 98 87 24 618 689 690 719 975 
124 117 108 99 97 64 801 852 898 963 
127 123 100 28 502 530 616 694 906 981 
119 101 98 87 24 302 403 417 651 708 
127 123 100 28 677 738 821 872 877 912 
119 101 98 87 24 478 494 615 828 872 
119 101 98 87 24 506 669 747 818 840 
127 123 100 28 657 666 791 904 953 978 
119 101 98 87 24 596 621 667 870 914 
127 123 100 28 582 636 674 764 935 991 
126 125 99 108 117 124 810 864 918 960 
119 101 98 87 24 556 833 883 967 997 
119 101 98 87 24 712 722 740 805 949 
126 125 99 108 117 124 534 547 663 949 
127 123 100 28 119 499 679 754 913 940 
128 122 98 101 119 525 611 618 690 972 
119 101 98 87 24 467 592 606 726 933 
119 101 98 87 24 747 897 924 933 980 
127 123 100 28 322 478 710 727 905 996 
119 101 98 87 24 578 593 623 638 686 
128 122 98 101 119 554 576 656 715 833 
126 125 99 108 117 124 870 908 977 1000 
126 125 123 127 523 595 718 721 777 965 
128 122 123 127 119 621 626 697 811 883 
128 122 295 372 424 498 628 817 919 925 
127 123 100 28 161 363 419 649 791 942 
119 101 98 87 24 502 682 747 896 988 
126 125 99 108 117 124 454 571 592 643 
126 125 171 533 618 628 804 889 910 995 
128 122 123 127 119 343 400 491 919 987 
127 123 100 28 117 124 779 871 899 951 
62 128 379 486 598 603 680 785 799 816 
127 123 100 28 528 619 713 782 884 931 
128 122 225 271 382 401 452 685 869 934 
127 123 100 28 544 580 612 743 891 914 
128 122 98 101 119 439 514 781 844 967 
128 122 123 127 544 614 698 707 930 959 
124 117 108 99 97 64 524 557 722 848 
127 123 100 28 207 361 411 739 756 1000 
126 125 123 127 133 166 544 699 938 974 
127 123 100 28 333 735 743 819 937 974 
119 101 98 87 24 623 650 852 866 940 
119 101 98 87 24 527 564 599 648 762 
119 101 98 87 24 405 420 469 588 857 
126 125 123 127 308 381 658 929 940 980 
119 101 98 87 24 645 738 883 921 958 
126 125 123 127 467 480 535 607 706 838 
126 125 256 266 296 382 726 733 836 971 
119 101 98 87 24 462 471 671 727 940 
128 122 98 101 119 599 676 768 912 995 
126 125 245 304 436 483 626 671 749 841 
126 125 174 593 718 736 751 878 936 1000 
127 123 100 28 353 568 598 874 896 977 
126 125 123 127 119 618 679 807 938 953 
126 125 98 101 119 705 787 824 841 905 
127 123 100 28 119 552 585 646 773 810 
127 123 100 28 691 892 921 932 953 977 
126 125 588 637 649 795 889 912 934 998 
126 125 123 127 420 754 785 830 837 996 
126 125 123 127 89 259 338 381 622 845 
119 101 98 87 24 571 603 737 766 926 
126 125 307 370 498 609 825 860 935 940 
126 125 589 630 675 699 715 840 851 921 
127 123 100 28 330 349 688 760 773 983 
119 101 98 87 24 124 634 655 821 912 
127 123 100 28 119 515 571 625 661 979 
119 101 98 87 24 730 736 761 851 893 
127 123 100 28 698 734 779 815 836 943 
128 122 123 127 119 761 796 871 959 965 
128 122 203 267 384 537 551 568 735 999 
127 123 100 28 579 581 744 773 794 915 
127 123 100 28 597 622 679 703 867 910 
119 101 98 87 24 398 478 734 791 857 
119 101 98 87 24 497 517 769 782 906 
128 122 104 203 243 327 368 696 786 839 
119 101 98 87 24 329 526 672 744 926 
119 101 98 87 24 580 668 807 889 982 
126 125 123 127 423 508 679 907 910 921 
119 101 98 87 24 806 858 906 937 967 
128 122 357 416 494 577 648 666 748 884 
128 122 98 101 119 299 489 507 647 669 
127 123 100 28 364 603 675 764 806 975 
119 101 98 87 24 573 678 770 853 949 
126 125 123 127 467 608 750 754 845 861 
128 122 98 101 119 666 784 812 908 960 
124 117 108 99 97 64 712 740 887 900 
119 101 98 87 24 375 668 809 850 882 
127 123 100 28 117 124 845 855 872 945 
126 125 123 127 388 527 588 793 866 934 
128 122 99 108 117 124 687 796 865 895 
126 125 99 108 117 124 424 691 902 932 
128 122 98 101 119 382 583 888 984 992 
119 101 98 87 24 687 726 750 766 910 
119 101 98 87 24 124 494 553 616 846 
127 123 100 28 506 513 533 700 820 884 
119 101 98 87 24 124 563 755 895 966 
119 101 98 87 24 630 637 660 703 797 
119 101 98 87 24 448 501 772 951 998 
127 123 100 28 117 124 572 581 629 731 
128 122 123 127 119 444 543 713 766 996 
107 104 93 69 5 661 706 712 895 993 
127 123 100 28 516 634 690 790 868 885 
124 117 108 99 97 64 659 759 773 902 
126 125 98 101 119 563 658 716 735 806 
127 123 100 28 496 512 519 584 835 957 
128 122 123 127 294 687 692 856 863 927 
126 125 123 127 119 482 556 743 889 992 
119 101 98 87 24 780 818 887 918 936 
62 128 98 101 119 607 640 721 756 870 
128 122 123 127 512 594 699 867 902 977 
127 123 100 28 558 567 641 679 770 937 
128 122 123 127 255 581 586 672 783 907 
127 123 100 28 900 901 930 966 990 995 
126 125 598 718 789 815 864 955 970 1000 
128 122 99 108 117 124 558 670 702 975 
127 123 100 28 117 124 825 852 867 983 
128 122 123 127 311 695 746 850 932 941 
119 101 98 87 24 356 406 616 670 735 
128 122 460 499 699 746 758 834 907 1000 
126 125 123 127 377 432 519 769 788 814 
127 123 100 28 119 673 703 717 746 781 
119 101 98 87 24 408 694 757 968 977 
127 123 100 28 117 124 578 694 786 887 
127 123 100 28 409 540 595 696 829 994 
126 125 99 108 117 124 703 731 774 962 
127 123 100 28 203 372 436 717 850 960 
119 101 98 87 24 572 602 665 888 894 
127 123 100 28 484 518 598 625 724 997 
127 123 100 28 341 511 594 625 716 738 
126 125 123 127 329 352 457 559 600 851 
128 122 123 127 283 326 372 407 486 982 
127 123 100 28 473 571 604 626 731 860 
119 101 98 87 24 373 470 489 716 852 
126 125 98 101 119 446 554 599 666 903 
126 125 123 127 119 610 620 726 826 873 
124 117 108 99 97 64 547 666 736 974 
126 125 123 127 476 570 599 686 792 916 
127 123 100 28 119 608 734 830 838 999 
127 123 100 28 614 639 658 743 809 866 
127 123 100 28 557 625 732 822 842 907 
128 122 253 255 302 500 520 527 717 825 
128 122 98 101 119 715 737 820 966 976 
127 123 100 28 304 650 703 727 883 892 
126 125 123 127 529 569 637 827 929 930 
119 101 98 87 24 603 696 780 913 962 
119 101 98 87 24 227 629 643 718 958 
119 101 98 87 24 464 662 765 826 926 
119 101 98 87 24 676 692 703 783 833 
127 123 100 28 119 594 667 822 874 914 
119 101 98 87 24 612 626 676 745 783 
127 123 100 28 394 463 505 637 708 971 
127 123 100 28 119 667 744 817 850 853 
127 123 100 28 119 613 701 716 730 733 
119 101 98 87 24 613 694 722 794 890 
126 125 123 127 317 403 757 789 848 880 
127 123 100 28 395 408 538 753 770 872 
119 101 98 87 24 696 710 712 755 860 
119 101 98 87 24 736 760 791 820 997 
119 101 98 87 24 124 447 517 778 856 
126 125 123 127 337 772 880 881 958 962 
128 122 137 170 236 394 531 558 705 908 
124 117 108 99 97 64 726 750 926 936 
128 122 225 288 392 621 737 750 781 862 
128 122 123 127 451 713 867 877 949 955 
124 117 108 99 97 64 635 721 847 868 
119 101 98 87 24 731 759 862 945 982 
128 122 123 127 602 615 624 655 753 917 
126 125 473 609 733 747 808 870 916 951 
128 122 99 108 117 124 547 557 580 670 
128 122 123 127 325 407 425 505 543 837 
127 123 100 28 387 424 495 531 611 768 
119 101 98 87 24 438 450 559 732 961 
126 125 123 127 519 530 623 802 854 890 
119 101 98 87 24 557 569 887 978 990 
126 125 123 127 507 731 896 898 934 998 
126 125 363 404 444 448 526 643 648 980 
126 125 123 127 460 584 739 795 885 911 
119 101 98 87 24 455 524 584 675 919 
126 125 123 127 278 441 664 679 733 881 
119 101 98 87 24 124 715 851 949 966 
126 125 123 127 638 662 689 723 871 978 
128 122 99 108 117 124 526 735 863 891 
127 123 100 28 453 545 557 612 757 953 
128 122 305 412 481 491 659 755 758 837 
128 122 637 674 676 693 703 847 863 876 
126 125 376 390 681 799 938 941 945 977 
128 122 99 108 117 124 796 817 923 950 
128 122 59 172 226 313 536 564 878 893 
128 122 306 341 365 398 478 708 738 903 
127 123 100 28 117 124 806 911 979 996 
119 101 98 87 24 554 593 662 891 960 
119 101 98 87 24 530 673 694 729 940 
127 123 100 28 119 595 602 619 711 744 
119 101 98 87 24 124 709 824 856 961 
127 123 100 28 262 313 372 470 588 805 
127 123 100 28 442 528 584 656 661 760 
127 123 100 28 119 468 735 930 960 1000 
127 123 100 28 489 602 743 754 819 951 
128 122 99 108 117 124 505 760 778 998 
124 117 108 99 97 64 613 703 806 922 
126 125 98 101 119 542 729 815 820 841 
127 123 100 28 687 842 858 967 987 997 
128 122 98 101 119 427 449 472 551 717 
127 123 100 28 324 538 584 673 712 904 
119 101 98 87 24 124 611 652 778 873 
128 122 98 101 119 628 757 836 898 988 
126 125 123 127 467 471 601 602 842 867 
126 125 123 127 572 595 630 663 693 861 
127 123 100 28 350 497 560 677 727 770 
127 123 100 28 119 310 577 627 891 903 
127 123 100 28 117 124 561 599 866 902 
128 122 123 127 328 352 611 616 627 780 
128 122 123 127 450 569 625 654 700 884 
126 125 123 127 724 726 755 760 771 868 
127 123 100 28 485 556 562 635 725 779 
128 122 123 127 119 454 547 568 648 887 
119 101 98 87 24 789 912 914 935 936 
127 123 100 28 405 464 621 674 692 866 
127 123 100 28 368 526 632 645 820 860 
127 123 100 28 342 394 395 728 740 921 
119 101 98 87 24 466 484 510 870 963 
128 122 98 101 119 833 849 891 900 906 
119 101 98 87 24 390 462 817 894 987 
128 122 365 429 525 603 607 684 816 937 
127 123 100 28 560 693 793 823 888 971 
127 123 100 28 356 389 521 594 912 941 
127 123 100 28 117 124 748 849 896 993 
128 122 121 312 393 804 842 868 922 998 
127 123 100 28 353 437 438 483 718 907 
127 123 100 28 119 511 553 726 810 901 
128 122 268 335 451 492 534 610 845 893 
128 122 409 462 686 761 772 840 921 936 
127 123 100 28 221 321 400 489 870 975 
127 123 100 28 737 790 811 865 866 950 
127 123 100 28 434 449 475 571 748 992 
126 125 99 108 117 124 697 776 833 884 
127 123 100 28 342 528 549 621 655 938 
127 123 100 28 571 612 649 742 796 891 
119 101 98 87 24 770 895 901 908 929 
119 101 98 87 24 523 755 806 885 967 
128 122 123 127 478 490 510 616 722 806 
128 122 309 484 510 578 584 632 870 952 
128 122 123 127 623 647 753 761 854 952 
128 122 123 127 119 503 520 764 883 957 
127 123 100 28 119 640 747 856 958 985 
127 123 100 28 606 662 835 943 949 966 
128 122 99 108 117 124 447 550 709 882 
128 122 123 127 119 701 705 777 785 843 
127 123 100 28 289 309 359 504 806 844 
127 123 100 28 501 656 664 833 898 951 
126 125 123 127 477 479 647 668 670 859 
126 125 123 127 340 461 556 587 663 706 
126 125 258 443 547 706 748 768 782 893 
127 123 100 28 119 695 702 704 841 883 
119 101 98 87 24 679 700 731 935 981 
119 101 98 87 24 421 606 701 860 926 
119 101 98 87 24 444 601 665 752 936 
119 101 98 87 24 614 658 750 753 900 
127 123 100 28 517 608 694 727 746 988 
127 123 100 28 522 595 691 717 835 884 
119 101 98 87 24 454 541 825 868 932 
127 123 100 28 119 329 339 526 547 549 
119 101 98 87 24 124 651 669 675 822 
127 123 100 28 119 278 691 769 852 853 
127 123 100 28 119 379 391 626 636 662 
127 123 100 28 570 695 750 797 874 922 
119 101 98 87 24 627 661 777 885 928 
128 122 123 127 471 482 621 636 866 991 
128 122 123 127 119 733 808 822 847 848 
127 123 100 28 650 705 776 849 927 942 
128 122 123 127 504 568 670 736 807 969 
119 101 98 87 24 495 572 587 708 747 
127 123 100 28 119 657 732 809 819 852 
124 117 108 99 97 64 720 816 888 904 
