61 14 299 399 428 447 610 705 771 898 
61 14 367 377 448 670 750 846 850 941 
61 14 57 86 147 219 223 237 725 820 
61 14 319 743 763 923 939 944 949 981 
61 14 487 719 742 744 764 773 904 906 
61 14 188 272 311 463 531 702 783 833 
61 14 260 302 336 368 538 581 650 831 
61 14 317 339 538 594 695 736 795 920 
61 14 257 351 494 638 658 836 910 954 
61 14 434 597 631 658 675 790 808 885 
61 14 281 419 504 633 686 787 805 977 
61 14 209 273 338 446 816 827 961 971 
61 14 166 339 437 448 505 693 981 993 
61 14 177 365 514 597 607 725 859 922 
61 14 162 182 228 280 476 627 965 988 
61 14 127 234 296 354 515 553 700 984 
61 14 241 244 261 317 388 576 579 975 
61 14 376 429 439 584 735 736 764 798 
61 14 564 591 614 733 798 805 889 928 
61 14 203 269 276 321 368 406 787 910 
61 14 198 256 328 376 431 449 657 826 
61 14 277 336 349 506 657 712 717 912 
61 14 191 222 279 518 526 562 820 832 
61 14 211 305 310 673 738 746 960 985 
61 14 429 543 655 657 754 792 953 978 
61 14 320 401 412 432 529 762 824 950 
61 14 244 269 306 545 690 718 906 934 
61 14 556 640 674 680 698 771 970 983 
61 14 153 160 253 306 437 447 769 918 
61 14 421 424 655 757 771 814 889 937 
61 14 175 228 303 324 538 588 865 956 
61 14 134 178 240 289 311 651 776 934 
61 14 183 481 548 719 737 780 807 909 
61 14 241 284 539 553 565 600 756 801 
61 14 584 631 636 758 872 912 956 989 
61 14 497 554 573 628 658 661 767 877 
61 14 351 523 539 655 768 829 861 979 
61 14 334 335 404 533 679 781 813 822 
61 14 566 574 618 641 688 852 866 883 
61 14 85 188 308 382 464 722 843 916 
61 14 341 400 436 446 556 603 785 835 
61 14 439 570 723 752 760 826 914 971 
61 14 296 497 580 587 602 614 716 930 
61 14 405 509 744 828 839 854 865 893 
61 14 142 189 776 829 877 888 902 999 
61 14 334 387 434 447 745 825 874 876 
61 14 292 394 430 447 475 689 866 950 
61 14 108 128 153 361 367 588 622 764 
61 14 280 314 407 573 697 715 889 929 
61 14 255 257 289 426 514 583 670 996 
61 14 208 329 375 450 553 618 654 862 
61 14 197 264 425 549 623 731 782 948 
61 14 139 185 252 272 366 453 496 850 
61 14 140 207 417 425 543 804 854 983 
61 14 263 302 439 511 544 832 880 954 
61 14 369 479 595 767 783 828 862 883 
61 14 102 136 137 203 633 767 858 871 
61 14 435 536 576 578 588 834 873 933 
61 14 288 741 755 768 811 849 858 968 
61 14 175 331 373 385 614 627 656 805 
61 14 456 464 509 532 625 663 807 936 
61 14 290 489 587 601 616 746 747 967 
61 14 146 308 458 616 649 823 835 904 
61 14 288 320 345 380 436 632 817 889 
61 14 182 215 381 383 461 665 776 897 
61 14 317 383 423 439 753 790 877 977 
61 14 245 251 340 470 574 627 904 985 
61 14 214 294 300 347 574 583 701 798 
61 14 197 353 371 427 592 849 967 980 
61 14 119 327 398 399 646 851 894 958 
61 14 165 244 284 545 775 927 946 993 
61 14 398 445 476 483 786 813 899 1000 
61 14 347 437 454 658 767 848 934 966 
61 14 96 243 445 553 574 580 823 992 
61 14 290 337 515 658 766 971 984 986 
61 14 412 461 533 559 641 699 848 965 
61 14 456 613 670 725 958 960 965 973 
61 14 164 292 358 487 673 776 811 947 
61 14 100 491 581 654 814 854 942 977 
61 14 541 793 814 852 874 928 938 1000 
61 14 116 241 243 274 279 353 665 893 
61 14 398 419 460 681 737 866 921 966 
61 14 155 195 443 486 633 681 847 955 
61 14 73 206 346 369 442 462 591 701 
61 14 276 285 395 828 877 909 964 977 
61 14 405 481 586 617 628 636 830 914 
61 14 158 163 189 291 348 414 570 835 
61 14 239 355 403 426 491 499 867 954 
61 14 447 491 507 567 596 644 731 944 
61 14 393 397 490 593 696 815 902 909 
61 14 340 551 656 659 777 821 900 977 
61 14 420 426 685 696 732 923 947 996 
61 14 329 404 594 637 685 689 855 909 
61 14 444 474 652 838 856 863 960 993 
61 14 153 188 190 199 208 400 579 975 
61 14 191 366 444 572 610 650 727 864 
61 14 290 320 410 416 421 578 639 998 
61 14 83 129 217 311 540 636 692 932 
61 14 233 277 458 460 553 627 864 897 
61 14 103 315 344 516 574 584 832 899 
128 126 122 87 79 21 495 639 761 993 
115 110 72 28 542 652 731 745 846 954 
55 57 74 146 494 510 574 807 872 988 
128 126 122 87 79 21 705 784 896 958 
128 126 122 87 79 21 558 569 579 1000 
127 120 112 107 501 550 557 677 687 835 
48 188 238 380 410 451 479 534 570 989 
128 126 122 87 79 21 739 797 849 991 
115 110 72 28 256 337 371 391 721 845 
128 126 122 87 79 21 677 845 862 900 
105 143 271 453 531 616 695 846 927 943 
128 126 122 87 79 21 353 682 799 989 
115 110 72 28 557 641 658 836 935 951 
125 138 246 272 273 361 728 771 861 942 
127 120 112 107 302 324 566 708 860 930 
128 126 122 87 79 21 534 591 645 963 
115 110 72 28 287 371 535 885 915 926 
115 110 72 28 512 679 700 774 775 938 
128 126 122 87 79 21 795 806 903 952 
128 126 122 87 79 21 823 901 918 945 
115 110 72 28 635 700 702 729 750 924 
128 126 122 87 79 21 405 421 621 741 
115 110 72 28 221 267 338 710 714 830 
128 126 122 87 79 21 670 693 957 986 
99 130 162 290 388 449 540 707 770 875 
129 413 460 462 634 791 804 855 954 986 
32 80 472 557 596 609 864 889 892 925 
128 126 122 87 79 21 640 659 681 925 
74 232 347 358 476 516 809 822 836 927 
127 120 112 107 463 645 668 745 855 978 
128 126 122 87 79 21 735 750 886 923 
128 126 122 87 79 21 626 674 716 814 
128 126 122 87 79 21 626 737 800 915 
23 368 411 437 467 688 761 853 857 878 
128 126 122 87 79 21 622 889 890 934 
40 130 267 450 587 751 777 852 893 958 
210 308 386 540 580 702 709 740 742 985 
128 126 122 87 79 21 577 846 916 984 
128 126 122 87 79 21 677 825 932 966 
128 126 122 87 79 21 781 790 860 984 
128 126 122 87 79 21 739 850 865 919 
115 110 72 28 749 780 814 828 891 932 
128 126 122 87 79 21 431 493 611 830 
302 304 323 429 542 577 661 670 706 859 
117 160 197 206 340 373 485 673 860 869 
115 110 72 28 479 574 644 732 773 983 
23 76 122 168 298 536 736 842 946 960 
54 90 148 173 279 340 487 533 892 916 
115 110 72 28 247 398 759 891 907 970 
128 126 122 87 79 21 818 861 946 980 
128 126 122 87 79 21 705 808 903 920 
128 126 122 87 79 21 619 675 838 852 
329 459 637 672 741 765 792 816 876 952 
115 110 72 28 523 537 641 685 708 985 
128 126 122 87 79 21 806 877 913 978 
128 126 122 87 79 21 729 792 877 942 
7 17 50 238 345 378 516 963 974 980 
128 126 122 87 79 21 692 850 853 879 
128 126 122 87 79 21 674 704 757 986 
128 126 122 87 79 21 703 855 907 990 
87 90 187 206 276 642 666 672 825 982 
128 126 122 87 79 21 715 747 818 968 
128 126 122 87 79 21 498 580 699 880 
128 126 122 87 79 21 469 491 835 983 
128 126 122 87 79 21 436 519 606 645 
127 120 112 107 663 739 821 871 886 999 
134 287 407 438 470 612 675 680 818 849 
40 139 180 487 605 823 838 904 977 1000 
117 154 352 357 472 598 609 630 753 977 
115 110 72 28 575 638 879 912 946 954 
46 83 150 190 535 604 755 810 954 969 
128 126 122 87 79 21 650 772 810 922 
128 126 122 87 79 21 308 535 644 871 
21 94 132 133 145 183 315 333 392 567 
191 233 302 347 412 445 637 673 811 920 
49 382 400 405 409 446 515 610 633 807 
128 126 122 87 79 21 344 645 742 886 
114 98 75 60 9 283 725 735 795 963 
128 126 122 87 79 21 855 911 934 973 
128 126 122 87 79 21 608 874 880 911 
68 138 285 294 321 441 470 851 875 947 
68 70 95 107 137 352 553 607 645 853 
10 130 167 252 403 504 535 871 911 919 
115 110 72 28 263 404 526 566 710 747 
127 120 112 107 530 627 710 717 856 863 
128 126 122 87 79 21 293 316 402 468 
180 241 329 488 562 625 652 693 918 972 
7 18 99 278 286 691 789 810 845 879 
128 126 122 87 79 21 427 726 758 866 
128 126 122 87 79 21 424 808 875 908 
115 110 72 28 446 514 653 695 751 963 
128 126 122 87 79 21 556 665 890 931 
128 126 122 87 79 21 486 816 925 943 
221 274 314 359 572 609 650 716 868 988 
127 120 112 107 316 331 504 656 951 996 
131 156 190 360 367 557 652 658 673 805 
127 280 465 476 488 720 836 898 967 988 
128 126 122 87 79 21 740 801 816 896 
115 110 72 28 661 809 892 919 923 928 
128 126 122 87 79 21 812 841 887 978 
160 264 297 335 353 408 451 774 926 991 
105 261 281 394 437 575 719 726 733 907 
127 120 112 107 624 687 688 708 752 936 
128 126 122 87 79 21 499 654 661 685 
35 72 93 146 154 225 338 681 969 998 
127 120 112 107 559 751 760 766 931 940 
205 244 362 422 529 607 659 765 928 955 
128 126 122 87 79 21 810 868 877 937 
128 126 122 87 79 21 818 828 858 895 
128 126 122 87 79 21 687 710 891 989 
128 126 122 87 79 21 661 745 756 861 
207 227 331 407 468 619 738 871 914 928 
128 126 122 87 79 21 714 762 807 920 
290 342 347 400 495 531 676 807 856 930 
101 135 189 254 517 594 642 729 942 948 
114 98 75 60 9 456 622 673 763 979 
94 170 286 575 585 599 641 711 712 772 
127 120 112 107 541 668 720 795 879 949 
282 400 576 629 674 736 745 772 893 918 
128 126 122 87 79 21 427 488 613 712 
54 92 273 357 572 675 683 720 881 900 
128 126 122 87 79 21 668 798 835 996 
128 126 122 87 79 21 800 808 831 886 
128 126 122 87 79 21 576 713 863 910 
128 126 122 87 79 21 473 590 683 760 
131 212 229 253 264 615 767 788 873 875 
127 120 112 107 386 618 689 690 719 975 
128 126 122 87 79 21 801 852 898 963 
125 367 414 475 502 530 616 694 906 981 
128 126 122 87 79 21 403 417 651 708 
105 179 460 666 677 738 821 872 877 912 
32 91 297 386 464 478 494 615 828 872 
50 129 207 280 397 506 669 747 818 840 
128 126 122 87 79 21 791 904 953 978 
125 244 324 508 559 596 621 667 870 914 
128 126 122 87 79 21 674 764 935 991 
128 126 122 87 79 21 810 864 918 960 
55 229 397 469 484 556 833 883 967 997 
128 126 122 87 79 21 722 740 805 949 
128 126 122 87 79 21 534 547 663 949 
127 120 112 107 411 499 679 754 913 940 
128 126 122 87 79 21 611 618 690 972 
128 126 122 87 79 21 592 606 726 933 
127 120 112 107 630 747 897 924 933 980 
50 61 197 321 322 478 710 727 905 996 
23 106 136 261 329 578 593 623 638 686 
185 223 395 486 497 554 576 656 715 833 
128 126 122 87 79 21 870 908 977 1000 
128 126 122 87 79 21 718 721 777 965 
127 120 112 107 545 621 626 697 811 883 
128 126 122 87 79 21 628 817 919 925 
128 126 122 87 79 21 419 649 791 942 
40 79 143 279 461 502 682 747 896 988 
128 126 122 87 79 21 454 571 592 643 
128 126 122 87 79 21 804 889 910 995 
127 120 112 107 311 343 400 491 919 987 
128 126 122 87 79 21 779 871 899 951 
265 333 379 486 598 603 680 785 799 816 
107 153 233 323 528 619 713 782 884 931 
127 120 112 107 382 401 452 685 869 934 
128 126 122 87 79 21 612 743 891 914 
90 136 259 280 289 439 514 781 844 967 
196 315 346 455 544 614 698 707 930 959 
128 126 122 87 79 21 524 557 722 848 
128 126 122 87 79 21 411 739 756 1000 
17 67 100 120 133 166 544 699 938 974 
125 217 250 304 333 735 743 819 937 974 
128 126 122 87 79 21 650 852 866 940 
128 126 122 87 79 21 564 599 648 762 
19 34 176 198 328 405 420 469 588 857 
128 126 122 87 79 21 658 929 940 980 
105 120 142 353 572 645 738 883 921 958 
229 361 447 459 467 480 535 607 706 838 
5 97 256 266 296 382 726 733 836 971 
127 120 112 107 423 462 471 671 727 940 
127 120 112 107 472 599 676 768 912 995 
128 126 122 87 79 21 626 671 749 841 
128 126 122 87 79 21 751 878 936 1000 
127 120 112 107 353 568 598 874 896 977 
1 94 165 307 445 618 679 807 938 953 
128 126 122 87 79 21 787 824 841 905 
184 286 287 395 435 552 585 646 773 810 
128 126 122 87 79 21 921 932 953 977 
128 126 122 87 79 21 889 912 934 998 
226 260 329 377 420 754 785 830 837 996 
127 120 112 107 89 259 338 381 622 845 
204 237 268 273 298 571 603 737 766 926 
125 280 307 370 498 609 825 860 935 940 
128 126 122 87 79 21 715 840 851 921 
127 120 112 107 330 349 688 760 773 983 
127 120 112 107 596 619 634 655 821 912 
105 199 388 400 469 515 571 625 661 979 
127 120 112 107 685 730 736 761 851 893 
128 126 122 87 79 21 779 815 836 943 
55 128 694 711 724 761 796 871 959 965 
128 126 122 87 79 21 551 568 735 999 
62 92 195 550 579 581 744 773 794 915 
128 126 122 87 79 21 679 703 867 910 
127 120 112 107 348 398 478 734 791 857 
128 126 122 87 79 21 517 769 782 906 
127 120 112 107 243 327 368 696 786 839 
127 120 112 107 271 329 526 672 744 926 
125 65 76 179 542 580 668 807 889 982 
148 199 272 358 423 508 679 907 910 921 
87 105 342 457 704 806 858 906 937 967 
127 120 112 107 494 577 648 666 748 884 
70 94 201 212 219 299 489 507 647 669 
42 189 275 325 364 603 675 764 806 975 
86 224 332 416 419 573 678 770 853 949 
127 120 112 107 467 608 750 754 845 861 
127 120 112 107 617 666 784 812 908 960 
11 46 138 209 237 528 712 740 887 900 
68 179 201 251 253 375 668 809 850 882 
125 243 406 509 522 768 845 855 872 945 
28 101 117 232 388 527 588 793 866 934 
232 312 355 535 553 675 687 796 865 895 
55 69 257 328 373 384 424 691 902 932 
127 120 112 107 336 382 583 888 984 992 
50 136 211 487 537 687 726 750 766 910 
127 120 112 107 431 478 494 553 616 846 
7 123 140 230 506 513 533 700 820 884 
92 135 159 364 491 526 563 755 895 966 
134 143 295 314 459 630 637 660 703 797 
6 107 221 260 384 448 501 772 951 998 
127 120 112 107 364 536 572 581 629 731 
8 95 230 270 396 444 543 713 766 996 
125 141 237 381 527 661 706 712 895 993 
22 51 149 219 516 634 690 790 868 885 
125 231 364 378 450 580 659 759 773 902 
10 72 153 203 215 563 658 716 735 806 
134 180 323 488 496 512 519 584 835 957 
127 120 112 107 294 687 692 856 863 927 
127 120 112 107 326 482 556 743 889 992 
257 346 553 645 669 780 818 887 918 936 
127 120 112 107 376 607 640 721 756 870 
125 326 345 470 512 594 699 867 902 977 
181 262 446 520 558 567 641 679 770 937 
18 161 221 251 255 581 586 672 783 907 
127 120 112 107 900 901 930 966 990 995 
127 120 112 107 789 815 864 955 970 1000 
25 132 237 329 422 497 558 670 702 975 
65 232 246 302 332 422 825 852 867 983 
20 133 177 301 311 695 746 850 932 941 
78 146 225 251 300 356 406 616 670 735 
39 223 460 499 699 746 758 834 907 1000 
127 120 112 107 377 432 519 769 788 814 
127 120 112 107 536 673 703 717 746 781 
125 26 75 223 293 408 694 757 968 977 
105 90 140 398 414 538 578 694 786 887 
86 91 345 365 409 540 595 696 829 994 
15 213 282 353 494 538 703 731 774 962 
11 48 63 199 203 372 436 717 850 960 
21 66 95 201 547 572 602 665 888 894 
57 166 195 398 484 518 598 625 724 997 
102 138 144 270 341 511 594 625 716 738 
127 120 112 107 329 352 457 559 600 851 
127 120 112 107 283 326 372 407 486 982 
65 193 212 366 473 571 604 626 731 860 
127 120 112 107 348 373 470 489 716 852 
127 120 112 107 376 446 554 599 666 903 
109 168 310 430 581 610 620 726 826 873 
34 86 217 272 340 443 547 666 736 974 
37 285 296 474 476 570 599 686 792 916 
125 174 262 408 499 608 734 830 838 999 
203 287 428 548 614 639 658 743 809 866 
198 204 325 449 557 625 732 822 842 907 
85 213 253 255 302 500 520 527 717 825 
103 116 312 375 648 715 737 820 966 976 
94 200 219 255 304 650 703 727 883 892 
127 120 112 107 529 569 637 827 929 930 
127 120 112 107 488 603 696 780 913 962 
46 58 70 147 220 227 629 643 718 958 
10 100 110 329 397 464 662 765 826 926 
127 120 112 107 564 676 692 703 783 833 
122 218 336 364 588 594 667 822 874 914 
127 120 112 107 385 612 626 676 745 783 
17 71 110 233 394 463 505 637 708 971 
40 71 114 242 587 667 744 817 850 853 
281 338 410 589 598 613 701 716 730 733 
230 274 374 469 602 613 694 722 794 890 
35 87 91 203 317 403 757 789 848 880 
1 193 298 343 395 408 538 753 770 872 
306 358 559 574 617 696 710 712 755 860 
125 366 477 521 594 736 760 791 820 997 
89 104 126 313 346 379 447 517 778 856 
157 159 199 255 337 772 880 881 958 962 
127 120 112 107 236 394 531 558 705 908 
149 167 256 333 412 676 726 750 926 936 
35 183 225 288 392 621 737 750 781 862 
24 43 227 265 451 713 867 877 949 955 
53 74 432 453 527 601 635 721 847 868 
123 122 311 530 584 731 759 862 945 982 
180 272 273 444 602 615 624 655 753 917 
239 412 473 609 733 747 808 870 916 951 
18 151 256 397 447 505 547 557 580 670 
91 202 245 283 325 407 425 505 543 837 
41 301 319 350 387 424 495 531 611 768 
123 68 178 215 237 438 450 559 732 961 
227 437 448 472 519 530 623 802 854 890 
127 120 112 107 516 557 569 887 978 990 
66 139 261 427 507 731 896 898 934 998 
35 338 363 404 444 448 526 643 648 980 
84 131 206 287 460 584 739 795 885 911 
105 39 58 424 431 455 524 584 675 919 
105 74 76 267 278 441 664 679 733 881 
123 206 216 367 468 699 715 851 949 966 
4 481 484 615 638 662 689 723 871 978 
4 119 250 360 373 398 526 735 863 891 
27 245 253 377 453 545 557 612 757 953 
56 183 305 412 481 491 659 755 758 837 
430 540 637 674 676 693 703 847 863 876 
113 188 376 390 681 799 938 941 945 977 
62 88 155 210 259 661 796 817 923 950 
105 55 59 172 226 313 536 564 878 893 
125 290 306 341 365 398 478 708 738 903 
304 415 590 687 716 738 806 911 979 996 
125 33 105 191 544 554 593 662 891 960 
115 196 216 301 466 530 673 694 729 940 
125 237 268 427 584 595 602 619 711 744 
18 293 296 523 537 681 709 824 856 961 
2 24 117 184 262 313 372 470 588 805 
41 107 228 416 442 528 584 656 661 760 
203 348 376 410 451 468 735 930 960 1000 
128 213 313 434 489 602 743 754 819 951 
22 173 226 234 366 440 505 760 778 998 
63 80 92 228 236 581 613 703 806 922 
114 98 75 60 9 542 729 815 820 841 
300 464 568 660 687 842 858 967 987 997 
32 51 174 181 225 427 449 472 551 717 
15 36 117 273 324 538 584 673 712 904 
29 135 164 312 573 592 611 652 778 873 
108 115 134 142 299 628 757 836 898 988 
173 205 316 326 467 471 601 602 842 867 
105 251 385 525 572 595 630 663 693 861 
125 156 204 320 350 497 560 677 727 770 
13 41 68 150 305 310 577 627 891 903 
47 113 332 334 357 526 561 599 866 902 
37 62 85 256 328 352 611 616 627 780 
94 198 348 394 450 569 625 654 700 884 
79 140 219 283 724 726 755 760 771 868 
75 97 142 355 485 556 562 635 725 779 
21 114 131 156 451 454 547 568 648 887 
69 341 579 646 665 789 912 914 935 936 
105 143 167 331 405 464 621 674 692 866 
4 55 60 210 368 526 632 645 820 860 
51 65 100 267 342 394 395 728 740 921 
20 316 354 408 421 466 484 510 870 963 
209 223 270 340 387 833 849 891 900 906 
6 56 99 256 290 390 462 817 894 987 
70 159 365 429 525 603 607 684 816 937 
125 157 212 279 560 693 793 823 888 971 
18 91 114 339 356 389 521 594 912 941 
39 95 222 226 254 357 748 849 896 993 
35 85 121 312 393 804 842 868 922 998 
116 139 212 264 353 437 438 483 718 907 
190 315 420 483 490 511 553 726 810 901 
58 64 268 335 451 492 534 610 845 893 
345 398 409 462 686 761 772 840 921 936 
27 163 185 219 221 321 400 489 870 975 
186 343 664 681 737 790 811 865 866 950 
105 330 357 420 434 449 475 571 748 992 
62 86 281 378 398 584 697 776 833 884 
171 176 312 335 342 528 549 621 655 938 
72 327 407 475 571 612 649 742 796 891 
125 202 526 537 685 770 895 901 908 929 
105 126 193 257 318 523 755 806 885 967 
106 233 271 388 478 490 510 616 722 806 
10 69 309 484 510 578 584 632 870 952 
121 156 255 599 623 647 753 761 854 952 
15 153 260 293 483 503 520 764 883 957 
11 13 169 209 221 640 747 856 958 985 
75 121 343 405 606 662 835 943 949 966 
36 70 95 206 325 366 447 550 709 882 
40 350 456 498 521 701 705 777 785 843 
47 59 172 231 289 309 359 504 806 844 
10 18 85 158 501 656 664 833 898 951 
116 142 308 330 477 479 647 668 670 859 
30 88 200 261 340 461 556 587 663 706 
100 243 258 443 547 706 748 768 782 893 
85 131 387 454 570 695 702 704 841 883 
105 367 471 672 674 679 700 731 935 981 
3 26 170 306 342 421 606 701 860 926 
54 62 331 361 376 444 601 665 752 936 
96 132 483 516 581 614 658 750 753 900 
197 218 448 508 517 608 694 727 746 988 
20 246 318 398 522 595 691 717 835 884 
93 145 185 187 215 454 541 825 868 932 
56 127 231 255 285 329 339 526 547 549 
105 103 346 362 390 449 651 669 675 822 
23 126 156 197 253 278 691 769 852 853 
38 96 184 267 361 379 391 626 636 662 
125 203 207 313 570 695 750 797 874 922 
97 191 217 323 396 627 661 777 885 928 
122 316 410 449 471 482 621 636 866 991 
114 98 75 60 9 733 808 822 847 848 
105 400 573 619 650 705 776 849 927 942 
36 63 259 345 504 568 670 736 807 969 
52 75 97 180 238 495 572 587 708 747 
49 152 208 410 490 657 732 809 819 852 
105 227 253 533 682 709 720 816 888 904 
