128 127 116 110 107 106 80 705 771 898 
128 127 116 110 107 106 80 846 850 941 
128 127 116 110 107 106 80 237 725 820 
128 127 116 110 107 106 80 944 949 981 
128 127 116 110 107 106 80 773 904 906 
128 127 116 110 107 106 80 702 783 833 
128 127 116 110 107 106 80 581 650 831 
128 127 116 110 107 106 80 736 795 920 
128 127 116 110 107 106 80 836 910 954 
128 127 116 110 107 106 80 790 808 885 
128 127 116 110 107 106 80 787 805 977 
128 127 116 110 107 106 80 827 961 971 
128 127 116 110 107 106 80 693 981 993 
128 127 116 110 107 106 80 725 859 922 
128 127 116 110 107 106 80 627 965 988 
128 127 116 110 107 106 80 553 700 984 
128 127 116 110 107 106 80 576 579 975 
128 127 116 110 107 106 80 736 764 798 
128 127 116 110 107 106 80 805 889 928 
128 127 116 110 107 106 80 406 787 910 
128 127 116 110 107 106 80 449 657 826 
128 127 116 110 107 106 80 712 717 912 
128 127 116 110 107 106 80 562 820 832 
128 127 116 110 107 106 80 746 960 985 
128 127 116 110 107 106 80 792 953 978 
128 127 116 110 107 106 80 762 824 950 
128 127 116 110 107 106 80 718 906 934 
128 127 116 110 107 106 80 771 970 983 
128 127 116 110 107 106 80 447 769 918 
128 127 116 110 107 106 80 814 889 937 
128 127 116 110 107 106 80 588 865 956 
128 127 116 110 107 106 80 651 776 934 
128 127 116 110 107 106 80 780 807 909 
128 127 116 110 107 106 80 600 756 801 
128 127 116 110 107 106 80 912 956 989 
128 127 116 110 107 106 80 661 767 877 
128 127 116 110 107 106 80 829 861 979 
128 127 116 110 107 106 80 781 813 822 
125 122 109 70 116 127 128 852 866 883 
125 122 109 70 116 127 128 722 843 916 
128 127 116 110 107 106 80 603 785 835 
128 127 116 110 107 106 80 826 914 971 
128 127 116 110 107 106 80 614 716 930 
128 127 116 110 107 106 80 854 865 893 
128 127 116 110 107 106 80 888 902 999 
128 127 116 110 107 106 80 825 874 876 
125 122 109 70 116 127 128 689 866 950 
128 127 116 110 107 106 80 588 622 764 
128 127 116 110 107 106 80 715 889 929 
128 127 116 110 107 106 80 583 670 996 
128 127 116 110 107 106 80 618 654 862 
128 127 116 110 107 106 80 731 782 948 
128 127 116 110 107 106 80 453 496 850 
128 127 116 110 107 106 80 804 854 983 
128 127 116 110 107 106 80 832 880 954 
128 127 116 110 107 106 80 828 862 883 
128 127 116 110 107 106 80 767 858 871 
128 127 116 110 107 106 80 834 873 933 
128 127 116 110 107 106 80 849 858 968 
128 127 116 110 107 106 80 627 656 805 
128 127 116 110 107 106 80 663 807 936 
128 127 116 110 107 106 80 746 747 967 
128 127 116 110 107 106 80 823 835 904 
128 127 116 110 107 106 80 632 817 889 
128 127 116 110 107 106 80 665 776 897 
128 127 116 110 107 106 80 790 877 977 
128 127 116 110 107 106 80 627 904 985 
128 127 116 110 107 106 80 583 701 798 
128 127 116 110 107 106 80 849 967 980 
128 127 116 110 107 106 80 851 894 958 
128 127 116 110 107 106 80 927 946 993 
128 127 116 110 107 106 80 813 899 1000 
128 127 116 110 107 106 80 848 934 966 
128 127 116 110 107 106 80 580 823 992 
128 127 116 110 107 106 80 971 984 986 
128 127 116 110 107 106 80 699 848 965 
128 127 116 110 107 106 80 960 965 973 
128 127 116 110 107 106 80 776 811 947 
128 127 116 110 107 106 80 854 942 977 
128 127 116 110 107 106 80 928 938 1000 
128 127 116 110 107 106 80 353 665 893 
128 127 116 110 107 106 80 866 921 966 
128 127 116 110 107 106 80 681 847 955 
128 127 116 110 107 106 80 462 591 701 
128 127 116 110 107 106 80 909 964 977 
128 127 116 110 107 106 80 636 830 914 
128 127 116 110 107 106 80 414 570 835 
128 127 116 110 107 106 80 499 867 954 
128 127 116 110 107 106 80 644 731 944 
128 127 116 110 107 106 80 815 902 909 
128 127 116 110 107 106 80 821 900 977 
128 127 116 110 107 106 80 923 947 996 
128 127 116 110 107 106 80 689 855 909 
128 127 116 110 107 106 80 863 960 993 
128 127 116 110 107 106 80 400 579 975 
128 127 116 110 107 106 80 650 727 864 
128 127 116 110 107 106 80 578 639 998 
128 127 116 110 107 106 80 636 692 932 
125 122 109 70 116 127 128 627 864 897 
128 127 116 110 107 106 80 584 832 899 
128 127 116 110 107 106 80 639 761 993 
128 127 116 110 107 106 80 745 846 954 
128 127 116 110 107 106 80 807 872 988 
128 127 116 110 107 106 80 784 896 958 
128 127 116 110 107 106 80 569 579 1000 
128 127 116 110 107 106 80 677 687 835 
128 127 116 110 107 106 80 534 570 989 
128 127 116 110 107 106 80 797 849 991 
128 127 116 110 107 106 80 391 721 845 
128 127 116 110 107 106 80 845 862 900 
128 127 116 110 107 106 80 846 927 943 
128 127 116 110 107 106 80 682 799 989 
128 127 116 110 107 106 80 836 935 951 
128 127 116 110 107 106 80 771 861 942 
125 122 109 70 116 127 128 708 860 930 
128 127 116 110 107 106 80 591 645 963 
125 122 109 70 116 127 128 885 915 926 
128 127 116 110 107 106 80 774 775 938 
128 127 116 110 107 106 80 806 903 952 
128 127 116 110 107 106 80 901 918 945 
128 127 116 110 107 106 80 729 750 924 
128 127 116 110 107 106 80 421 621 741 
128 127 116 110 107 106 80 710 714 830 
128 127 116 110 107 106 80 693 957 986 
128 127 116 110 107 106 80 707 770 875 
128 127 116 110 107 106 80 855 954 986 
128 127 116 110 107 106 80 889 892 925 
128 127 116 110 107 106 80 659 681 925 
128 127 116 110 107 106 80 822 836 927 
128 127 116 110 107 106 80 745 855 978 
128 127 116 110 107 106 80 750 886 923 
128 127 116 110 107 106 80 674 716 814 
128 127 116 110 107 106 80 737 800 915 
128 127 116 110 107 106 80 853 857 878 
128 127 116 110 107 106 80 889 890 934 
128 127 116 110 107 106 80 852 893 958 
128 127 116 110 107 106 80 740 742 985 
128 127 116 110 107 106 80 846 916 984 
128 127 116 110 107 106 80 825 932 966 
128 127 116 110 107 106 80 790 860 984 
128 127 116 110 107 106 80 850 865 919 
125 122 109 70 116 127 128 828 891 932 
128 127 116 110 107 106 80 493 611 830 
128 127 116 110 107 106 80 670 706 859 
128 127 116 110 107 106 80 673 860 869 
128 127 116 110 107 106 80 732 773 983 
128 127 116 110 107 106 80 842 946 960 
128 127 116 110 107 106 80 533 892 916 
128 127 116 110 107 106 80 891 907 970 
128 127 116 110 107 106 80 861 946 980 
128 127 116 110 107 106 80 808 903 920 
79 2 122 125 116 127 128 675 838 852 
128 127 116 110 107 106 80 816 876 952 
128 127 116 110 107 106 80 685 708 985 
128 127 116 110 107 106 80 877 913 978 
128 127 116 110 107 106 80 792 877 942 
79 2 107 110 116 127 128 963 974 980 
128 127 116 110 107 106 80 850 853 879 
128 127 116 110 107 106 80 704 757 986 
128 127 116 110 107 106 80 855 907 990 
128 127 116 110 107 106 80 672 825 982 
128 127 116 110 107 106 80 747 818 968 
128 127 116 110 107 106 80 580 699 880 
128 127 116 110 107 106 80 491 835 983 
128 127 116 110 107 106 80 519 606 645 
128 127 116 110 107 106 80 871 886 999 
128 127 116 110 107 106 80 680 818 849 
128 127 116 110 107 106 80 904 977 1000 
128 127 116 110 107 106 80 630 753 977 
128 127 116 110 107 106 80 912 946 954 
128 127 116 110 107 106 80 810 954 969 
128 127 116 110 107 106 80 772 810 922 
128 127 116 110 107 106 80 535 644 871 
128 127 116 110 107 106 80 333 392 567 
128 127 116 110 107 106 80 673 811 920 
128 127 116 110 107 106 80 610 633 807 
128 127 116 110 107 106 80 645 742 886 
128 127 116 110 107 106 80 735 795 963 
128 127 116 110 107 106 80 911 934 973 
128 127 116 110 107 106 80 874 880 911 
128 127 116 110 107 106 80 851 875 947 
128 127 116 110 107 106 80 607 645 853 
128 127 116 110 107 106 80 871 911 919 
128 127 116 110 107 106 80 566 710 747 
128 127 116 110 107 106 80 717 856 863 
128 127 116 110 107 106 80 316 402 468 
128 127 116 110 107 106 80 693 918 972 
128 127 116 110 107 106 80 810 845 879 
128 127 116 110 107 106 80 726 758 866 
128 127 116 110 107 106 80 808 875 908 
128 127 116 110 107 106 80 695 751 963 
125 122 109 70 116 127 128 665 890 931 
128 127 116 110 107 106 80 816 925 943 
128 127 116 110 107 106 80 716 868 988 
128 127 116 110 107 106 80 656 951 996 
128 127 116 110 107 106 80 658 673 805 
128 127 116 110 107 106 80 898 967 988 
128 127 116 110 107 106 80 801 816 896 
125 122 109 70 116 127 128 919 923 928 
128 127 116 110 107 106 80 841 887 978 
128 127 116 110 107 106 80 774 926 991 
128 127 116 110 107 106 80 726 733 907 
128 127 116 110 107 106 80 708 752 936 
128 127 116 110 107 106 80 654 661 685 
128 127 116 110 107 106 80 681 969 998 
128 127 116 110 107 106 80 766 931 940 
128 127 116 110 107 106 80 765 928 955 
128 127 116 110 107 106 80 868 877 937 
128 127 116 110 107 106 80 828 858 895 
128 127 116 110 107 106 80 710 891 989 
128 127 116 110 107 106 80 745 756 861 
128 127 116 110 107 106 80 871 914 928 
128 127 116 110 107 106 80 762 807 920 
128 127 116 110 107 106 80 807 856 930 
128 127 116 110 107 106 80 729 942 948 
128 127 116 110 107 106 80 673 763 979 
128 127 116 110 107 106 80 711 712 772 
128 127 116 110 107 106 80 795 879 949 
128 127 116 110 107 106 80 772 893 918 
128 127 116 110 107 106 80 488 613 712 
128 127 116 110 107 106 80 720 881 900 
128 127 116 110 107 106 80 798 835 996 
128 127 116 110 107 106 80 808 831 886 
128 127 116 110 107 106 80 713 863 910 
128 127 116 110 107 106 80 590 683 760 
128 127 116 110 107 106 80 788 873 875 
125 122 109 70 116 127 128 690 719 975 
128 127 116 110 107 106 80 852 898 963 
128 127 116 110 107 106 80 694 906 981 
128 127 116 110 107 106 80 417 651 708 
128 127 116 110 107 106 80 872 877 912 
128 127 116 110 107 106 80 615 828 872 
128 127 116 110 107 106 80 747 818 840 
128 127 116 110 107 106 80 904 953 978 
125 122 109 70 116 127 128 667 870 914 
128 127 116 110 107 106 80 764 935 991 
128 127 116 110 107 106 80 864 918 960 
128 127 116 110 107 106 80 883 967 997 
128 127 116 110 107 106 80 740 805 949 
128 127 116 110 107 106 80 547 663 949 
128 127 116 110 107 106 80 754 913 940 
125 122 109 70 116 127 128 618 690 972 
125 122 109 70 116 127 128 606 726 933 
125 122 109 70 116 127 128 924 933 980 
128 127 116 110 107 106 80 727 905 996 
128 127 116 110 107 106 80 623 638 686 
128 127 116 110 107 106 80 656 715 833 
128 127 116 110 107 106 80 908 977 1000 
128 127 116 110 107 106 80 721 777 965 
128 127 116 110 107 106 80 697 811 883 
125 122 109 70 116 127 128 817 919 925 
125 122 109 70 116 127 128 649 791 942 
125 122 109 70 116 127 128 747 896 988 
79 2 122 125 116 127 128 571 592 643 
70 109 122 125 116 127 128 889 910 995 
125 122 109 70 116 127 128 491 919 987 
125 122 109 70 116 127 128 871 899 951 
125 122 109 70 116 127 128 785 799 816 
125 122 109 70 116 127 128 782 884 931 
125 122 109 70 116 127 128 685 869 934 
125 122 109 70 116 127 128 743 891 914 
125 122 109 70 116 127 128 781 844 967 
125 122 109 70 116 127 128 707 930 959 
125 122 109 70 116 127 128 557 722 848 
79 2 122 125 116 127 128 739 756 1000 
79 2 122 125 116 127 128 699 938 974 
125 122 109 70 116 127 128 819 937 974 
125 122 109 70 116 127 128 852 866 940 
125 122 109 70 116 127 128 599 648 762 
125 122 109 70 116 127 128 469 588 857 
125 122 109 70 116 127 128 929 940 980 
125 122 109 70 116 127 128 883 921 958 
125 122 109 70 116 127 128 607 706 838 
125 122 109 70 116 127 128 733 836 971 
125 122 109 70 116 127 128 671 727 940 
79 2 122 125 116 127 128 768 912 995 
125 122 109 70 116 127 128 671 749 841 
125 122 109 70 116 127 128 878 936 1000 
125 122 109 70 116 127 128 874 896 977 
125 122 109 70 116 127 128 807 938 953 
125 122 109 70 116 127 128 824 841 905 
79 2 124 125 116 127 128 646 773 810 
125 122 109 70 116 127 128 932 953 977 
125 122 109 70 116 127 128 912 934 998 
128 127 116 110 107 106 80 830 837 996 
79 2 122 125 116 127 128 381 622 845 
125 122 109 70 116 127 128 737 766 926 
125 122 109 70 116 127 128 860 935 940 
125 122 109 70 116 127 128 840 851 921 
125 122 109 70 116 127 128 760 773 983 
125 122 109 70 116 127 128 655 821 912 
125 122 109 70 116 127 128 625 661 979 
125 122 109 70 116 127 128 761 851 893 
125 122 109 70 116 127 128 815 836 943 
125 122 109 70 116 127 128 871 959 965 
125 122 109 70 116 127 128 568 735 999 
79 2 122 125 116 127 128 773 794 915 
79 2 122 125 116 127 128 703 867 910 
125 122 109 70 116 127 128 734 791 857 
79 2 122 125 116 127 128 769 782 906 
125 122 109 70 116 127 128 696 786 839 
125 122 109 70 116 127 128 672 744 926 
124 115 104 125 116 127 128 807 889 982 
79 2 122 125 116 127 128 907 910 921 
125 122 109 70 116 127 128 906 937 967 
125 122 109 70 116 127 128 666 748 884 
79 2 122 125 116 127 128 507 647 669 
125 122 109 70 116 127 128 764 806 975 
79 2 124 125 116 127 128 770 853 949 
125 122 109 70 116 127 128 754 845 861 
125 122 109 70 116 127 128 812 908 960 
125 122 109 70 116 127 128 740 887 900 
125 122 109 70 116 127 128 809 850 882 
125 122 109 70 116 127 128 855 872 945 
125 122 109 70 116 127 128 793 866 934 
125 122 109 70 116 127 128 796 865 895 
125 122 109 70 116 127 128 691 902 932 
125 122 109 70 116 127 128 888 984 992 
125 122 109 70 116 127 128 750 766 910 
125 122 109 70 116 127 128 553 616 846 
125 122 109 70 116 127 128 700 820 884 
79 2 122 125 116 127 128 755 895 966 
125 122 109 70 116 127 128 660 703 797 
125 122 109 70 116 127 128 772 951 998 
125 122 109 70 116 127 128 581 629 731 
125 122 109 70 116 127 128 713 766 996 
79 2 122 125 116 127 128 712 895 993 
125 122 109 70 116 127 128 790 868 885 
125 122 109 70 116 127 128 759 773 902 
125 122 109 70 116 127 128 716 735 806 
125 122 109 70 116 127 128 584 835 957 
125 122 109 70 116 127 128 856 863 927 
125 122 109 70 116 127 128 743 889 992 
124 115 104 125 116 127 128 887 918 936 
79 2 122 125 116 127 128 721 756 870 
125 122 109 70 116 127 128 867 902 977 
124 115 104 125 116 127 128 679 770 937 
79 2 122 125 116 127 128 672 783 907 
125 122 109 70 116 127 128 966 990 995 
79 2 122 125 116 127 128 955 970 1000 
125 122 109 70 116 127 128 670 702 975 
125 122 109 70 116 127 128 852 867 983 
125 122 109 70 116 127 128 850 932 941 
125 122 109 70 116 127 128 616 670 735 
125 122 109 70 116 127 128 834 907 1000 
125 122 109 70 116 127 128 769 788 814 
125 122 109 70 116 127 128 717 746 781 
125 122 109 70 116 127 128 757 968 977 
125 122 109 70 116 127 128 694 786 887 
125 122 109 70 116 127 128 696 829 994 
125 122 109 70 116 127 128 731 774 962 
125 122 109 70 116 127 128 717 850 960 
125 122 109 70 116 127 128 665 888 894 
125 122 109 70 116 127 128 625 724 997 
79 2 122 125 116 127 128 625 716 738 
124 115 104 125 116 127 128 559 600 851 
125 122 109 70 116 127 128 407 486 982 
125 122 109 70 116 127 128 626 731 860 
125 122 109 70 116 127 128 489 716 852 
125 122 109 70 116 127 128 599 666 903 
125 122 109 70 116 127 128 726 826 873 
125 122 109 70 116 127 128 666 736 974 
125 122 109 70 116 127 128 686 792 916 
79 2 107 110 116 127 128 830 838 999 
125 122 109 70 116 127 128 743 809 866 
125 122 109 70 116 127 128 822 842 907 
125 122 109 70 116 127 128 527 717 825 
125 122 109 70 116 127 128 820 966 976 
79 2 122 125 116 127 128 727 883 892 
125 122 109 70 116 127 128 827 929 930 
125 122 109 70 116 127 128 780 913 962 
125 122 109 70 116 127 128 643 718 958 
125 122 109 70 116 127 128 765 826 926 
125 122 109 70 116 127 128 703 783 833 
125 122 109 70 116 127 128 822 874 914 
125 122 109 70 116 127 128 676 745 783 
125 122 109 70 116 127 128 637 708 971 
125 122 109 70 116 127 128 817 850 853 
125 122 109 70 116 127 128 716 730 733 
125 122 109 70 116 127 128 722 794 890 
125 122 109 70 116 127 128 789 848 880 
125 122 109 70 116 127 128 753 770 872 
125 122 109 70 116 127 128 712 755 860 
79 2 101 125 116 127 128 791 820 997 
125 122 109 70 116 127 128 517 778 856 
125 122 109 70 116 127 128 881 958 962 
125 122 109 70 116 127 128 558 705 908 
125 122 109 70 116 127 128 750 926 936 
79 2 122 125 116 127 128 750 781 862 
125 122 109 70 116 127 128 877 949 955 
79 2 122 125 116 127 128 721 847 868 
125 122 109 70 116 127 128 862 945 982 
125 122 109 70 116 127 128 655 753 917 
79 2 122 125 116 127 128 870 916 951 
87 71 45 125 116 127 128 557 580 670 
125 122 109 70 116 127 128 505 543 837 
125 122 109 70 116 127 128 531 611 768 
79 2 124 125 116 127 128 559 732 961 
125 122 109 70 116 127 128 802 854 890 
125 122 109 70 116 127 128 887 978 990 
125 122 109 70 116 127 128 898 934 998 
125 122 109 70 444 448 526 643 648 980 
125 122 109 70 116 127 128 795 885 911 
125 122 109 70 116 127 128 584 675 919 
79 2 122 125 116 127 128 679 733 881 
125 122 109 70 116 127 128 851 949 966 
125 122 109 70 116 127 128 723 871 978 
79 2 122 125 116 127 128 735 863 891 
125 122 109 70 116 127 128 612 757 953 
125 122 109 70 116 127 128 755 758 837 
125 122 109 70 116 127 128 847 863 876 
79 2 122 125 116 127 128 941 945 977 
125 122 109 70 116 127 128 817 923 950 
79 2 122 125 116 127 128 564 878 893 
125 122 109 70 116 127 128 708 738 903 
125 122 109 70 116 127 128 911 979 996 
125 122 109 70 116 127 128 662 891 960 
125 122 109 70 116 127 128 694 729 940 
125 122 109 70 116 127 128 619 711 744 
125 122 109 70 116 127 128 824 856 961 
125 122 109 70 116 127 128 470 588 805 
125 122 109 70 116 127 128 656 661 760 
125 122 109 70 116 127 128 930 960 1000 
125 122 109 70 116 127 128 754 819 951 
125 122 109 70 116 127 128 760 778 998 
125 122 109 70 116 127 128 703 806 922 
125 122 109 70 116 127 128 815 820 841 
125 122 109 70 116 127 128 967 987 997 
124 115 104 125 116 127 128 472 551 717 
113 109 122 125 116 127 128 673 712 904 
125 122 109 70 116 127 128 652 778 873 
125 122 109 70 116 127 128 836 898 988 
125 122 109 70 116 127 128 602 842 867 
125 122 109 70 116 127 128 663 693 861 
125 122 109 70 116 127 128 677 727 770 
125 122 109 70 116 127 128 627 891 903 
124 115 104 125 116 127 128 599 866 902 
125 122 109 70 116 127 128 616 627 780 
125 122 109 70 116 127 128 654 700 884 
79 2 122 125 116 127 128 760 771 868 
125 122 109 70 116 127 128 635 725 779 
125 122 109 70 116 127 128 568 648 887 
125 122 109 70 116 127 128 914 935 936 
125 122 109 70 116 127 128 674 692 866 
125 122 109 70 116 127 128 645 820 860 
125 122 109 70 116 127 128 728 740 921 
79 2 122 125 116 127 128 510 870 963 
79 2 122 125 116 127 128 891 900 906 
125 122 109 70 116 127 128 817 894 987 
125 122 109 70 116 127 128 684 816 937 
125 122 109 70 116 127 128 823 888 971 
125 122 109 70 116 127 128 594 912 941 
125 122 109 70 116 127 128 849 896 993 
124 115 104 125 116 127 128 868 922 998 
79 2 122 125 116 127 128 483 718 907 
125 122 109 70 116 127 128 726 810 901 
125 122 109 70 116 127 128 610 845 893 
125 122 109 70 116 127 128 840 921 936 
125 122 109 70 116 127 128 489 870 975 
125 122 109 70 116 127 128 865 866 950 
125 122 109 70 116 127 128 571 748 992 
79 2 107 110 116 127 128 776 833 884 
124 115 104 125 116 127 128 621 655 938 
125 122 109 70 116 127 128 742 796 891 
79 2 124 125 116 127 128 901 908 929 
79 2 122 125 116 127 128 806 885 967 
125 122 109 70 116 127 128 616 722 806 
125 122 109 70 116 127 128 632 870 952 
125 122 109 70 623 647 753 761 854 952 
79 2 122 125 116 127 128 764 883 957 
124 115 104 125 116 127 128 856 958 985 
79 2 122 125 116 127 128 943 949 966 
125 122 109 70 116 127 128 550 709 882 
125 122 109 70 116 127 128 777 785 843 
125 122 109 70 116 127 128 504 806 844 
125 122 109 70 116 127 128 833 898 951 
125 122 109 70 116 127 128 668 670 859 
125 122 109 70 116 127 128 587 663 706 
79 2 122 125 116 127 128 768 782 893 
125 122 109 70 116 127 128 704 841 883 
125 122 109 70 116 127 128 731 935 981 
125 122 109 70 116 127 128 701 860 926 
125 122 109 70 116 127 128 665 752 936 
124 115 104 125 116 127 128 750 753 900 
125 122 109 70 116 127 128 727 746 988 
125 122 109 70 116 127 128 717 835 884 
79 2 122 125 116 127 128 825 868 932 
125 122 109 70 116 127 128 526 547 549 
124 115 104 125 116 127 128 669 675 822 
79 2 122 125 116 127 128 769 852 853 
125 122 109 70 116 127 128 626 636 662 
125 122 109 70 116 127 128 797 874 922 
79 2 122 125 116 127 128 777 885 928 
124 115 104 125 116 127 128 636 866 991 
125 122 109 70 116 127 128 822 847 848 
79 2 122 125 116 127 128 849 927 942 
113 109 122 125 116 127 128 736 807 969 
79 2 122 125 116 127 128 587 708 747 
125 122 109 70 490 657 732 809 819 852 
125 122 109 70 116 127 128 816 888 904 
