41 41 75 78 115 112 115 116 126 898 128 -2 
26 98 78 112 115 116 126 128 850 941 
41 75 78 112 115 115 126 116 126 820 128 -2 
26 26 319 98 763 923 939 944 949 981 
26 71 98 127 115 116 126 128 904 906 
41 41 75 112 78 116 112 115 116 126 128 -2 
26 26 78 98 115 116 126 128 650 831 
41 75 78 78 115 112 115 116 126 128 
41 98 75 78 112 116 115 116 910 126 128 -2 
26 26 98 125 115 116 126 128 808 885 
25 75 27 117 115 125 126 128 805 977 
41 26 78 98 115 116 126 128 961 971 
26 41 166 75 437 78 112 115 116 126 128 -2 
26 113 78 119 115 116 126 128 859 922 
26 26 98 182 228 280 476 627 965 988 
25 26 117 98 115 116 126 128 700 984 
113 98 119 244 261 317 388 576 579 975 
26 98 98 429 439 584 735 736 764 798 
41 98 75 591 78 112 115 116 126 128 
41 41 78 75 78 112 126 115 116 126 128 -2 
41 68 92 112 104 118 126 128 657 826 
41 41 75 112 78 112 126 115 116 126 128 -2 
41 75 73 78 115 112 126 115 116 126 128 -2 
26 26 78 98 115 116 126 128 960 985 
113 119 78 112 115 116 126 128 953 978 
113 41 104 75 412 78 112 115 116 126 128 -2 
26 98 117 125 306 545 690 718 906 934 
26 41 117 75 78 680 112 115 116 126 128 -2 
41 75 78 78 112 116 115 116 126 128 
41 98 75 125 78 112 115 116 126 128 
26 41 75 228 78 324 112 115 116 126 128 -2 
26 98 78 112 115 116 126 128 776 934 
41 41 78 75 78 112 115 128 116 126 128 -2 
26 41 78 75 78 112 115 128 116 126 128 -2 
26 98 78 112 115 116 126 128 956 989 
26 98 98 112 115 116 126 128 767 877 
41 113 119 112 115 116 126 128 861 979 
26 26 334 98 404 533 679 781 813 822 
26 41 73 75 78 112 688 115 116 126 128 -2 
26 98 98 188 308 382 464 722 843 916 
26 41 78 75 78 112 126 115 116 126 128 -2 
26 26 98 112 115 116 126 128 914 971 
26 26 98 118 580 587 602 614 716 930 
113 26 78 98 115 116 126 128 865 893 
26 98 78 112 115 116 126 128 902 999 
41 75 75 112 78 116 112 115 116 126 128 -2 
41 75 75 78 115 112 126 115 116 126 128 -2 
26 26 98 112 115 116 126 128 622 764 
26 41 75 314 78 112 115 116 126 929 128 -2 
113 41 75 78 289 112 514 115 116 126 128 -2 
26 41 75 78 112 450 115 116 654 126 128 -2 
41 75 78 112 115 549 116 126 128 948 
113 26 139 98 252 272 366 453 496 850 
26 98 98 112 115 116 126 128 854 983 
26 92 98 118 439 511 544 832 880 954 
26 98 369 479 595 767 783 828 862 883 
26 26 98 112 115 116 126 128 858 871 
26 26 78 98 115 116 126 128 873 933 
26 41 78 75 115 78 112 115 116 126 128 -2 
26 75 98 112 115 116 126 128 656 805 
41 26 78 98 115 116 126 128 807 936 
41 75 78 112 115 115 116 126 128 967 
26 98 98 308 458 616 649 823 835 904 
41 26 78 98 115 116 126 128 817 889 
113 98 119 112 115 116 126 128 776 897 
26 113 119 112 115 116 126 128 877 977 
26 41 78 75 78 112 115 116 126 985 128 -2 
26 26 98 112 115 116 126 128 701 798 
113 98 119 353 371 427 592 849 967 980 
41 98 75 112 78 112 115 116 894 126 128 -2 
41 41 78 75 78 112 126 115 116 126 128 -2 
26 41 78 75 115 78 112 115 116 126 128 -2 
41 75 347 78 454 112 767 115 116 126 128 -2 
113 26 78 98 115 116 126 128 823 992 
26 98 98 112 115 116 126 128 984 986 
41 41 78 75 115 78 112 115 116 126 128 -2 
39 71 78 73 115 127 126 128 965 973 
41 41 78 75 78 112 115 128 116 126 128 -2 
26 98 78 112 115 116 126 128 942 977 
26 98 78 112 115 116 126 128 938 1000 
41 41 78 75 78 112 115 116 665 126 128 -2 
26 75 98 112 115 116 126 128 921 966 
41 75 78 112 112 115 126 116 847 126 128 -2 
41 75 78 78 112 116 115 116 591 126 128 -2 
41 98 75 78 112 115 116 126 964 128 
26 41 75 78 112 617 115 116 830 126 128 -2 
41 75 78 112 189 115 116 414 126 128 
26 98 78 112 115 116 126 128 867 954 
41 98 75 78 112 115 126 116 126 128 
26 41 75 118 78 116 112 115 116 126 128 -2 
26 113 119 112 115 116 126 128 900 977 
26 98 420 426 685 696 732 923 947 996 
41 98 75 112 78 116 112 115 116 126 128 -2 
26 68 92 104 118 838 856 863 960 993 
26 98 98 112 115 116 126 128 579 975 
41 75 75 78 112 116 115 128 116 126 128 -2 
26 51 70 112 90 116 96 128 639 998 
113 98 119 112 115 116 126 128 692 932 
26 41 75 112 78 116 112 115 116 126 128 -2 
26 98 98 118 344 516 574 584 832 899 
41 26 78 98 115 116 126 128 761 993 
26 75 98 112 115 116 126 128 846 954 
26 98 98 127 494 510 574 807 872 988 
26 98 98 112 115 116 126 128 896 958 
26 26 232 98 342 536 558 569 579 1000 
26 26 258 98 501 550 557 677 687 835 
68 75 92 112 104 118 126 128 570 989 
26 26 98 112 115 116 126 128 849 991 
26 41 75 78 112 115 126 116 721 126 128 -2 
26 26 98 514 545 609 677 845 862 900 
41 41 78 75 115 78 112 115 116 126 128 -2 
113 26 78 98 115 116 126 128 799 989 
41 98 75 125 78 641 112 115 116 126 128 -2 
26 98 98 272 273 361 728 771 861 942 
26 26 98 112 115 116 126 128 860 930 
113 71 119 127 115 116 126 128 645 963 
26 98 78 112 115 116 126 128 915 926 
26 26 98 125 115 116 126 128 775 938 
26 26 98 125 427 700 795 806 903 952 
41 98 75 78 634 112 823 115 116 126 128 -2 
26 98 98 112 115 116 126 128 750 924 
41 75 104 78 112 115 405 116 621 126 128 -2 
26 113 119 138 221 267 338 710 714 830 
26 75 98 112 115 116 126 128 957 986 
26 41 78 75 78 112 126 115 116 126 128 -2 
41 41 78 75 115 78 112 115 116 126 128 -2 
41 26 98 112 115 116 126 128 892 925 
26 26 78 98 115 116 126 128 681 925 
26 98 78 112 115 116 126 128 836 927 
26 26 98 112 115 116 126 128 855 978 
41 26 98 112 115 116 126 128 886 923 
41 113 78 119 115 116 126 128 716 814 
113 119 78 112 115 116 126 128 800 915 
113 113 119 125 467 688 761 853 857 878 
41 113 119 112 115 116 126 128 890 934 
26 26 117 98 587 751 777 852 893 958 
26 71 98 127 580 702 709 740 742 985 
41 39 78 71 115 73 127 128 916 984 
26 113 119 380 543 624 677 825 932 966 
26 26 98 630 698 759 781 790 860 984 
26 41 75 78 112 115 116 850 126 919 128 -2 
113 75 119 112 115 116 126 128 891 932 
26 26 98 160 194 235 431 493 611 830 
26 98 98 429 542 577 661 670 706 859 
26 41 78 75 115 78 112 115 116 126 128 -2 
41 26 98 112 115 116 126 128 773 983 
26 119 98 112 115 116 126 128 946 960 
41 26 78 98 115 116 126 128 892 916 
41 26 78 98 115 116 126 128 907 970 
41 75 78 78 112 116 115 128 116 126 128 -2 
26 98 98 531 573 701 705 808 903 920 
26 98 104 118 115 116 126 128 838 852 
26 98 78 112 115 116 126 128 876 952 
26 41 78 75 78 116 112 115 116 126 128 -2 
41 41 75 78 112 116 115 128 116 126 128 -2 
26 26 98 294 416 721 729 792 877 942 
51 41 90 75 78 112 126 115 116 126 128 -2 
41 75 78 112 115 116 116 126 128 879 
26 98 78 112 115 116 126 128 757 986 
41 41 75 78 112 115 126 116 126 128 
41 75 78 78 112 115 116 126 825 128 
26 41 75 112 78 112 115 128 116 126 128 -2 
26 98 78 112 115 116 126 128 699 880 
113 26 98 201 218 292 469 491 835 983 
26 26 117 98 300 356 436 519 606 645 
39 41 73 75 663 78 112 115 116 126 128 -2 
25 41 75 78 112 115 675 116 818 126 128 -2 
113 119 180 487 605 823 838 904 977 1000 
41 75 75 78 112 116 115 128 116 126 128 -2 
41 75 78 118 112 116 115 128 116 126 128 -2 
41 113 119 112 115 116 126 128 954 969 
26 113 119 112 115 116 126 128 810 922 
113 98 119 118 115 116 126 128 644 871 
26 26 98 112 115 116 126 128 392 567 
113 119 302 347 412 445 637 673 811 920 
26 41 78 75 115 78 112 115 116 126 128 -2 
26 98 78 112 115 116 126 128 742 886 
41 113 78 119 115 116 126 128 795 963 
26 98 308 475 773 780 855 911 934 973 
41 71 75 78 112 116 115 128 116 126 128 -2 
26 98 78 112 115 116 126 128 875 947 
39 26 73 98 115 116 126 128 645 853 
68 41 75 78 115 112 126 115 116 126 128 -2 
68 41 104 75 78 404 112 115 116 126 128 -2 
26 98 73 127 115 116 126 128 856 863 
113 98 119 112 115 116 126 128 402 468 
26 98 98 488 562 625 652 693 918 972 
26 26 98 118 286 691 789 810 845 879 
26 98 78 112 115 116 126 128 758 866 
41 113 78 119 115 116 126 128 875 908 
41 75 78 356 112 115 116 695 126 128 
113 98 119 112 115 116 126 128 890 931 
26 26 98 318 436 443 486 816 925 943 
41 75 78 78 112 116 115 116 126 128 
26 98 98 256 316 331 504 656 951 996 
41 26 98 112 115 116 126 128 673 805 
41 75 78 476 112 115 116 898 126 988 128 -2 
26 98 98 112 115 116 126 128 816 896 
26 39 561 71 661 73 127 919 923 928 
26 98 98 112 115 116 126 128 887 978 
26 41 104 75 115 78 112 115 116 126 128 -2 
41 75 78 112 115 115 116 128 126 128 
26 98 78 112 115 116 126 128 752 936 
41 75 90 78 115 112 115 116 126 128 
26 113 78 119 115 116 126 128 969 998 
26 98 98 112 115 116 126 128 931 940 
41 26 78 98 115 116 126 128 928 955 
41 98 75 78 112 774 115 868 116 126 128 -2 
26 26 98 649 676 751 818 828 858 895 
41 26 78 98 115 116 126 128 891 989 
41 41 75 78 112 116 115 128 116 126 128 -2 
41 75 78 112 115 116 116 126 914 128 
41 75 376 78 112 633 115 116 126 128 
41 26 98 112 115 116 126 128 856 930 
41 75 75 112 78 112 115 116 126 128 
26 70 98 96 115 116 126 128 763 979 
25 41 117 75 115 78 112 115 116 126 128 -2 
26 41 75 112 78 116 112 115 116 126 128 -2 
41 75 78 78 115 112 115 128 116 126 128 -2 
26 75 98 112 115 116 126 128 613 712 
39 71 73 357 127 675 683 720 881 900 
41 41 78 75 78 112 115 128 116 126 128 -2 
41 41 78 75 78 116 112 115 116 126 128 -2 
41 98 75 189 78 112 576 115 116 126 128 -2 
113 41 184 75 314 78 112 115 116 126 128 -2 
41 113 78 119 115 116 126 128 873 875 
26 98 98 112 115 116 126 128 719 975 
26 98 78 112 115 116 126 128 898 963 
41 75 75 78 115 112 115 128 116 126 128 -2 
113 75 119 112 115 116 126 128 651 708 
26 41 75 78 115 112 115 128 116 126 128 -2 
26 41 75 78 464 112 494 115 116 126 128 -2 
41 75 207 78 112 506 115 747 116 126 128 -2 
26 113 73 119 115 116 126 128 953 978 
26 98 98 112 115 116 126 128 870 914 
26 98 78 112 115 116 126 128 935 991 
26 41 75 112 78 116 112 115 116 126 128 -2 
41 41 75 78 115 112 115 116 967 126 128 -2 
26 26 98 655 689 712 722 740 805 949 
26 98 78 112 115 116 126 128 663 949 
26 98 98 257 411 499 679 754 913 940 
41 41 75 78 115 112 115 116 126 128 
41 75 75 112 78 112 115 128 116 126 128 -2 
41 113 119 112 115 116 126 128 933 980 
51 113 90 119 115 116 126 128 905 996 
26 106 98 261 329 578 593 623 638 686 
26 41 75 112 78 116 112 115 116 126 128 -2 
26 26 78 98 115 116 126 128 977 1000 
26 26 78 98 115 116 126 128 777 965 
41 98 75 78 115 112 115 128 116 126 128 -2 
39 71 73 112 127 116 126 128 919 925 
41 75 78 78 112 115 126 116 126 942 128 -2 
40 113 143 119 461 502 682 747 896 988 
41 41 75 112 78 116 112 115 116 126 128 -2 
41 75 78 112 618 115 116 126 128 995 
113 119 78 112 115 116 126 128 919 987 
113 254 119 401 475 525 779 871 899 951 
41 113 119 112 115 116 126 128 799 816 
41 119 75 78 528 112 115 782 116 126 128 -2 
41 75 78 112 115 116 116 126 869 128 
41 41 78 75 115 78 112 115 116 126 128 -2 
41 68 92 104 118 116 126 128 844 967 
41 41 78 75 78 112 115 116 126 959 128 -2 
41 75 78 112 115 115 126 116 722 126 128 -2 
41 119 75 112 78 116 112 115 116 126 128 -2 
113 75 119 112 115 116 126 128 938 974 
41 113 78 119 115 116 126 128 937 974 
41 75 78 112 112 116 115 128 116 126 128 -2 
113 41 75 297 78 112 564 115 116 126 128 -2 
41 75 78 127 112 116 115 116 126 857 128 -2 
41 75 104 78 115 112 115 128 116 126 128 -2 
41 75 75 112 78 112 115 116 126 128 
41 41 75 78 112 115 126 116 126 128 
41 75 75 112 78 112 126 115 116 126 128 -2 
41 41 75 78 112 116 115 116 727 126 128 -2 
41 41 78 75 115 78 112 115 116 126 128 -2 
41 75 75 78 115 112 126 115 116 126 128 -2 
41 41 78 75 78 116 112 115 116 126 128 -2 
41 75 78 127 112 115 116 128 126 128 
41 41 78 75 78 112 115 128 116 126 128 -2 
113 41 400 75 625 78 112 115 116 126 128 -2 
41 41 75 78 115 112 126 115 116 126 128 -2 
41 41 78 75 115 78 112 115 116 126 128 -2 
25 27 78 117 115 125 126 128 934 998 
41 41 78 75 115 78 112 115 116 126 128 -2 
41 41 75 112 78 112 126 115 116 126 128 -2 
41 75 75 78 112 116 115 128 116 126 128 -2 
41 75 117 78 498 112 115 116 935 126 128 -2 
39 71 117 73 115 127 126 128 851 921 
41 41 78 75 115 78 112 115 116 126 128 -2 
41 75 78 78 112 115 116 126 128 912 
39 71 73 127 115 116 126 128 661 979 
113 113 78 119 115 116 126 128 851 893 
351 113 563 119 698 734 779 815 836 943 
41 41 78 75 115 78 112 115 116 126 128 -2 
41 41 78 75 115 78 112 115 116 126 128 -2 
41 75 78 112 115 581 116 126 794 128 
41 41 78 75 78 116 112 115 116 126 128 -2 
41 75 75 78 115 112 126 115 116 126 128 -2 
41 75 75 78 115 112 126 115 116 126 128 -2 
41 41 75 78 115 112 115 116 786 126 128 -2 
41 75 78 78 115 112 115 128 116 126 128 -2 
25 41 75 78 115 112 126 115 116 126 128 -2 
41 41 78 75 115 78 112 115 116 126 128 -2 
41 75 78 78 115 112 126 115 116 126 128 -2 
25 41 75 125 78 112 126 115 116 126 128 -2 
41 113 78 119 115 116 126 128 647 669 
113 119 78 112 115 116 126 128 806 975 
41 41 75 112 78 112 115 116 853 126 128 -2 
68 41 75 118 78 116 112 115 116 126 128 -2 
41 41 75 78 115 112 126 115 116 126 128 -2 
68 75 92 112 104 116 118 128 887 900 
41 41 78 75 115 78 112 115 116 126 128 -2 
113 119 78 112 115 116 126 128 872 945 
113 113 119 118 388 527 588 793 866 934 
41 75 78 78 115 112 115 116 126 128 
41 113 78 119 115 116 126 128 902 932 
39 113 73 119 336 382 583 888 984 992 
113 119 78 112 115 116 126 128 766 910 
41 75 78 78 112 116 115 116 616 126 128 -2 
113 113 119 112 115 116 126 128 820 884 
41 75 78 78 115 112 126 115 116 126 128 -2 
41 41 78 75 115 78 112 115 116 126 128 -2 
68 75 92 112 104 116 118 128 951 998 
41 41 78 75 78 112 115 116 126 731 128 -2 
25 41 117 75 78 116 112 115 116 126 128 -2 
41 41 75 78 115 112 115 128 116 126 128 -2 
41 41 75 78 112 116 115 116 126 885 128 -2 
41 41 75 112 78 116 112 115 116 126 128 -2 
41 75 78 78 112 115 126 116 126 128 
41 75 78 78 112 116 115 116 835 126 128 -2 
41 75 104 78 115 112 115 116 126 128 
41 113 119 112 115 116 126 128 889 992 
41 113 119 112 115 116 126 128 918 936 
41 41 78 75 78 112 126 115 116 126 128 -2 
41 41 78 75 78 116 112 115 116 126 128 -2 
41 68 92 104 115 118 126 128 770 937 
113 41 75 112 78 112 115 128 116 126 128 -2 
41 41 78 75 78 112 115 128 116 126 128 -2 
113 119 78 112 115 116 126 128 970 1000 
68 41 75 78 112 116 115 116 702 126 128 -2 
41 92 75 78 332 112 115 852 116 126 128 -2 
41 75 78 112 112 115 126 116 932 126 128 -2 
41 113 119 112 115 116 126 128 670 735 
113 119 78 112 115 116 126 128 907 1000 
41 75 78 112 112 115 126 116 126 814 128 -2 
41 75 75 78 115 112 126 115 116 126 128 -2 
68 41 75 118 78 116 112 115 116 126 128 -2 
24 90 140 398 414 538 578 694 786 887 
41 41 75 78 112 115 126 116 126 128 
39 71 78 73 115 127 126 128 774 962 
41 75 78 112 112 116 115 128 116 126 128 -2 
51 70 78 90 96 116 126 128 888 894 
57 41 75 398 78 112 598 115 116 126 128 -2 
41 75 75 78 112 116 115 116 126 738 128 -2 
41 113 78 119 115 116 126 128 600 851 
39 68 92 127 104 116 118 128 486 982 
41 41 75 78 115 112 126 115 116 126 128 -2 
41 75 75 112 78 112 115 128 116 126 128 -2 
41 75 78 78 115 112 115 128 116 126 128 -2 
41 68 78 92 104 118 126 128 826 873 
41 71 75 127 78 116 112 115 116 126 128 -2 
41 75 78 112 115 116 126 126 792 128 
41 75 75 78 115 112 126 115 116 126 128 -2 
41 41 78 75 115 78 112 115 116 126 128 -2 
198 41 75 78 112 625 115 116 842 126 128 -2 
68 113 104 119 115 116 126 128 717 825 
25 41 75 78 112 715 115 116 966 126 128 -2 
41 41 75 112 78 112 115 116 883 126 128 -2 
41 41 75 112 78 116 112 115 116 126 128 -2 
113 41 78 75 78 116 112 115 116 126 128 -2 
113 75 119 112 115 116 126 128 718 958 
113 41 75 78 112 115 126 116 826 126 128 -2 
41 41 78 75 78 116 112 115 116 126 128 -2 
113 75 119 112 115 116 126 128 874 914 
41 75 78 112 112 116 115 116 745 126 128 -2 
41 75 110 78 112 463 115 637 116 126 128 -2 
41 75 78 112 112 116 115 128 116 126 128 -2 
41 75 78 112 115 116 116 128 126 733 128 -2 
25 41 75 125 78 112 694 115 116 126 128 -2 
41 75 90 78 317 112 757 115 116 126 128 -2 
113 119 298 343 395 408 538 753 770 872 
41 75 75 112 78 112 126 115 116 126 128 -2 
25 75 27 112 117 116 125 128 820 997 
41 75 78 78 112 116 115 128 116 126 128 -2 
113 113 119 255 337 772 880 881 958 962 
41 41 78 75 115 78 112 115 116 126 128 -2 
41 167 75 78 412 112 115 116 126 936 128 -2 
41 41 78 75 115 78 112 115 116 126 128 -2 
41 75 78 78 115 112 126 115 116 126 128 -2 
41 41 75 78 112 116 115 128 116 126 128 -2 
41 75 78 78 115 112 126 115 116 126 128 -2 
41 41 78 75 115 78 112 115 116 126 128 -2 
239 412 473 609 733 747 808 870 916 951 
41 41 78 75 115 78 112 115 116 126 128 -2 
41 113 119 112 115 116 126 128 543 837 
113 41 75 350 78 424 112 115 116 126 128 -2 
41 41 78 75 78 116 112 115 116 126 128 -2 
41 92 75 118 78 116 112 115 116 126 128 -2 
41 113 78 119 115 116 126 128 978 990 
41 27 75 78 507 112 896 115 116 126 128 -2 
41 113 119 112 115 116 126 128 648 980 
113 113 78 119 115 116 126 128 885 911 
41 41 75 112 78 116 112 115 116 126 128 -2 
41 75 78 78 115 112 115 116 733 126 128 -2 
41 39 78 71 115 73 127 128 949 966 
51 70 90 96 115 116 126 128 871 978 
41 75 78 112 112 116 115 116 126 891 128 -2 
41 75 75 78 115 112 115 128 116 126 128 -2 
113 41 78 75 115 78 112 115 116 126 128 -2 
41 41 75 112 78 116 112 115 116 126 128 -2 
68 41 104 75 115 78 112 115 116 126 128 -2 
113 119 78 112 115 116 126 128 923 950 
113 41 78 75 78 112 115 116 878 126 128 -2 
113 75 119 112 115 116 126 128 738 903 
113 119 78 112 115 116 126 128 979 996 
68 41 104 75 115 78 112 115 116 126 128 -2 
41 75 104 78 112 115 116 128 126 940 128 -2 
51 113 90 119 115 116 126 128 711 744 
41 75 78 78 112 115 126 116 856 126 128 -2 
41 41 78 75 115 78 112 115 116 126 128 -2 
68 25 104 27 117 528 125 656 661 760 
113 39 376 71 451 73 127 930 960 1000 
41 71 75 127 78 112 115 128 116 126 128 -2 
41 41 75 112 78 116 112 115 116 126 128 -2 
113 119 78 112 115 116 126 128 806 922 
113 27 119 125 495 542 729 815 820 841 
41 75 75 78 112 115 126 116 126 128 
41 41 78 75 78 112 126 115 116 126 128 -2 
113 119 119 273 324 538 584 673 712 904 
113 75 119 112 115 116 126 128 778 873 
41 41 75 78 112 115 116 128 126 128 
41 75 78 112 112 115 126 116 126 128 
41 75 75 78 115 112 115 116 126 861 128 -2 
113 119 204 320 350 497 560 677 727 770 
113 75 119 112 115 116 126 128 891 903 
41 41 75 78 112 115 126 116 126 128 
113 41 75 112 78 112 115 116 627 126 128 -2 
41 75 75 112 78 112 126 115 116 126 128 -2 
113 119 78 112 115 116 126 128 771 868 
41 41 78 75 115 78 112 115 116 126 128 -2 
21 114 131 156 451 454 547 568 648 887 
41 119 75 78 115 112 126 115 116 126 128 -2 
41 75 78 118 112 115 126 116 692 126 128 -2 
39 75 71 73 127 116 126 128 820 860 
41 119 75 112 78 112 126 115 116 126 128 -2 
68 41 104 75 421 78 112 115 116 126 128 -2 
209 41 270 75 78 833 112 115 116 126 128 -2 
113 119 73 127 115 116 126 128 894 987 
113 119 117 125 115 116 126 128 816 937 
113 71 119 127 115 116 126 128 888 971 
113 41 75 339 78 112 115 116 126 128 
68 75 92 112 104 118 126 128 896 993 
41 41 75 78 112 116 115 116 922 126 128 -2 
41 41 75 78 112 115 116 126 128 907 
113 41 75 78 115 112 126 115 116 126 128 -2 
41 71 75 78 112 116 115 128 116 126 128 -2 
41 113 119 112 115 116 126 128 921 936 
113 27 119 125 115 116 126 128 870 975 
41 75 78 112 115 116 116 126 866 128 
41 41 75 112 78 112 126 115 116 126 128 -2 
41 86 75 78 112 584 115 116 126 128 
41 41 75 78 112 115 116 126 128 938 
113 113 117 119 115 116 126 128 796 891 
70 202 526 537 685 770 895 901 908 929 
41 41 78 75 78 112 115 128 116 126 128 -2 
41 119 75 78 112 490 115 116 126 806 128 -2 
10 41 309 75 78 578 112 115 116 126 128 -2 
41 113 78 119 115 116 126 128 854 952 
68 41 75 78 115 112 126 115 116 126 128 -2 
41 75 78 112 112 115 126 116 958 126 128 -2 
41 41 78 75 115 78 112 115 116 126 128 -2 
41 41 75 112 78 116 112 115 116 126 128 -2 
41 41 78 75 115 78 112 115 116 126 128 -2 
41 75 75 112 78 112 115 116 806 126 128 -2 
41 75 78 112 501 115 664 116 126 128 
41 41 78 75 78 112 115 128 116 126 128 -2 
41 75 78 112 112 116 115 116 126 706 128 -2 
41 75 75 112 78 112 126 115 116 126 128 -2 
41 113 78 119 115 116 126 128 841 883 
39 71 104 73 115 127 126 128 935 981 
41 41 75 112 78 112 126 115 116 126 128 -2 
41 41 75 112 78 116 112 115 116 126 128 -2 
113 113 483 119 581 614 658 750 753 900 
41 41 75 112 78 116 112 115 116 126 128 -2 
41 41 78 75 78 112 126 115 116 126 128 -2 
93 145 185 187 215 454 541 825 868 932 
41 41 75 112 78 116 112 115 116 126 128 -2 
39 41 75 127 78 116 112 115 116 126 128 -2 
41 75 75 112 78 112 115 116 126 853 128 -2 
68 96 92 104 361 118 391 626 636 662 
41 113 78 119 115 116 126 128 874 922 
113 71 119 127 115 116 126 128 885 928 
41 75 78 112 115 116 116 126 128 991 
41 75 78 112 112 116 115 116 847 126 128 -2 
41 75 78 112 115 116 776 126 128 942 
41 75 75 112 78 112 126 115 116 126 128 -2 
113 119 78 112 115 116 126 128 708 747 
41 75 78 78 112 116 115 116 126 128 
113 70 119 96 115 116 126 128 888 904 
