122 128 123 127 428 447 610 705 771 898 
28 100 100 123 448 127 750 846 850 941 
28 122 128 127 119 219 223 237 725 820 
122 128 123 127 763 923 939 944 949 981 
122 62 487 719 742 744 764 773 904 906 
122 122 188 128 311 463 531 702 783 833 
64 97 99 127 108 124 117 124 650 831 
122 128 123 127 538 594 695 736 795 920 
122 28 100 127 123 638 127 836 910 954 
122 122 128 597 631 658 675 790 808 885 
122 128 128 419 504 633 686 787 805 977 
122 128 98 101 119 446 816 827 961 971 
122 24 87 98 101 119 505 693 981 993 
122 125 177 126 514 597 607 725 859 922 
28 64 123 97 228 99 108 117 124 988 
24 28 100 101 123 354 127 553 700 984 
122 128 128 127 261 317 388 576 579 975 
24 100 87 98 119 101 735 119 764 798 
122 128 564 591 614 733 798 805 889 928 
122 128 203 269 276 321 368 406 787 910 
122 28 98 100 119 123 127 449 657 826 
122 122 128 127 349 506 657 712 717 912 
122 128 128 101 119 518 526 562 820 832 
122 122 128 305 310 673 738 746 960 985 
28 28 123 100 123 127 754 792 953 978 
125 122 320 128 412 432 529 762 824 950 
28 87 100 101 123 545 127 718 906 934 
122 122 128 101 119 680 698 771 970 983 
122 28 153 100 123 306 127 447 769 918 
122 128 128 424 655 757 771 814 889 937 
28 24 87 98 101 119 538 588 865 956 
28 28 123 100 119 123 127 651 776 934 
28 28 100 123 127 719 737 780 807 909 
24 87 98 101 119 553 565 600 756 801 
28 100 98 123 119 127 872 912 956 989 
122 28 100 123 119 127 658 661 767 877 
122 122 128 127 539 655 768 829 861 979 
28 100 123 123 404 127 679 781 813 822 
28 28 100 127 123 641 127 852 866 883 
28 122 123 128 308 382 464 722 843 916 
122 28 100 127 123 446 127 603 785 835 
122 28 100 123 127 752 760 826 914 971 
64 128 97 99 108 117 124 614 716 930 
122 128 405 509 744 828 839 854 865 893 
125 15 126 189 776 829 877 888 902 999 
64 97 99 101 108 117 745 124 874 876 
122 28 98 100 119 123 127 689 866 950 
28 122 123 128 153 361 367 588 622 764 
125 122 280 128 407 573 697 715 889 929 
28 122 128 127 289 426 514 583 670 996 
28 100 123 127 119 450 553 618 654 862 
122 28 100 264 123 127 623 731 782 948 
122 128 139 185 252 272 366 453 496 850 
122 125 123 126 417 425 543 804 854 983 
28 122 123 128 439 511 544 832 880 954 
122 128 369 479 595 767 783 828 862 883 
28 100 123 127 137 203 633 767 858 871 
28 122 123 128 576 578 588 834 873 933 
122 122 288 128 755 768 811 849 858 968 
122 122 98 128 119 385 614 627 656 805 
122 128 128 464 509 532 625 663 807 936 
122 122 290 128 587 601 616 746 747 967 
24 87 146 98 101 616 119 823 835 904 
95 128 288 320 345 380 436 632 817 889 
28 122 123 128 117 124 461 665 776 897 
28 126 100 123 127 439 753 790 877 977 
64 97 99 108 340 117 574 124 904 985 
28 122 128 127 119 347 574 583 701 798 
64 28 100 123 127 124 592 849 967 980 
28 100 99 123 117 127 646 851 894 958 
122 95 165 244 284 545 775 927 946 993 
28 100 123 123 127 483 786 813 899 1000 
28 28 100 127 123 127 767 848 934 966 
28 28 123 100 119 123 127 580 823 992 
125 28 123 100 123 658 127 971 984 986 
122 128 123 127 533 559 641 699 848 965 
122 122 128 127 670 725 958 960 965 973 
122 24 98 87 98 101 673 119 811 947 
122 28 100 127 123 654 127 854 942 977 
122 122 128 793 814 852 874 928 938 1000 
28 64 123 97 99 108 279 117 124 893 
28 100 123 101 127 681 737 866 921 966 
28 100 123 127 127 486 633 681 847 955 
122 100 128 127 346 369 442 462 591 701 
24 87 276 98 395 101 119 909 964 977 
28 122 123 128 586 617 628 636 830 914 
122 28 100 127 123 291 127 414 570 835 
28 64 123 97 99 108 491 117 124 954 
64 97 99 127 108 117 124 644 731 944 
122 122 99 128 117 124 696 815 902 909 
125 64 98 97 119 99 108 117 124 977 
122 122 123 128 685 696 732 923 947 996 
122 125 126 101 119 637 685 689 855 909 
28 128 100 123 127 838 856 863 960 993 
122 128 153 188 190 199 208 400 579 975 
24 28 98 100 123 127 610 650 727 864 
122 24 87 98 410 101 119 578 639 998 
125 100 126 127 119 311 540 636 692 932 
28 100 123 127 119 460 553 627 864 897 
125 64 103 97 344 99 108 117 124 899 
122 125 126 355 422 423 495 639 761 993 
122 128 128 127 542 652 731 745 846 954 
122 64 97 99 119 108 574 117 124 988 
125 125 134 126 462 531 705 784 896 958 
122 122 128 297 342 536 558 569 579 1000 
122 28 100 419 123 127 557 677 687 835 
122 28 123 100 410 123 127 534 570 989 
122 100 128 127 714 731 739 797 849 991 
28 100 123 101 127 337 371 391 721 845 
62 100 123 127 545 609 677 845 862 900 
28 28 100 123 127 616 695 846 927 943 
28 100 123 123 127 349 353 682 799 989 
122 28 123 100 123 127 658 836 935 951 
122 128 128 272 273 361 728 771 861 942 
122 128 245 276 302 324 566 708 860 930 
122 122 128 101 119 442 534 591 645 963 
122 128 128 101 119 371 535 885 915 926 
122 128 319 387 512 679 700 774 775 938 
122 28 100 127 123 127 795 806 903 952 
122 128 123 127 634 730 823 901 918 945 
24 28 100 123 127 700 702 729 750 924 
64 87 97 101 99 108 117 124 621 741 
28 100 100 123 127 267 338 710 714 830 
122 28 100 123 655 127 670 693 957 986 
28 100 100 123 127 449 540 707 770 875 
122 128 123 127 634 791 804 855 954 986 
64 97 472 99 108 117 864 124 892 925 
122 128 123 127 470 584 640 659 681 925 
122 122 128 127 119 516 809 822 836 927 
28 100 123 101 127 645 668 745 855 978 
28 122 123 128 440 705 735 750 886 923 
28 100 100 123 422 127 626 674 716 814 
122 28 100 123 127 616 626 737 800 915 
122 24 87 437 98 101 119 853 857 878 
122 87 128 101 119 604 622 889 890 934 
24 64 98 97 99 751 108 117 124 958 
122 128 386 540 580 702 709 740 742 985 
122 128 123 127 379 480 577 846 916 984 
122 128 290 380 543 624 677 825 932 966 
122 122 128 127 698 759 781 790 860 984 
122 128 98 101 119 730 739 850 865 919 
24 122 98 128 119 780 814 828 891 932 
28 100 123 127 127 235 431 493 611 830 
122 64 323 97 99 108 661 117 124 859 
122 128 197 206 340 373 485 673 860 869 
64 97 197 99 108 574 117 124 773 983 
28 100 122 123 127 536 736 842 946 960 
122 128 123 127 119 340 487 533 892 916 
122 64 202 97 99 398 108 117 124 970 
28 122 123 128 412 784 818 861 946 980 
122 122 123 128 573 701 705 808 903 920 
28 100 100 127 123 127 619 675 838 852 
122 28 98 100 119 123 127 816 876 952 
122 128 128 416 523 537 641 685 708 985 
122 28 100 574 123 747 127 877 913 978 
122 128 128 127 416 721 729 792 877 942 
28 128 100 238 123 378 127 963 974 980 
122 128 98 101 119 442 692 850 853 879 
122 28 98 100 119 123 127 704 757 986 
125 128 126 474 530 647 703 855 907 990 
28 100 123 127 276 642 666 672 825 982 
122 122 128 209 493 615 715 747 818 968 
122 64 97 127 99 463 108 117 124 880 
125 122 128 201 218 292 469 491 835 983 
122 128 98 101 119 356 436 519 606 645 
24 28 100 123 127 739 821 871 886 999 
64 97 123 99 470 108 117 680 124 849 
28 100 123 127 127 823 838 904 977 1000 
28 122 128 127 472 598 609 630 753 977 
122 128 128 127 575 638 879 912 946 954 
122 128 128 190 535 604 755 810 954 969 
24 122 98 128 119 601 650 772 810 922 
125 28 115 100 123 127 308 535 644 871 
28 100 132 123 145 127 315 333 392 567 
122 128 123 127 412 445 637 673 811 920 
122 128 128 405 409 446 515 610 633 807 
122 128 128 127 200 234 344 645 742 886 
122 64 98 97 99 108 117 124 795 963 
122 64 97 99 773 108 117 911 124 973 
122 122 128 322 376 505 608 874 880 911 
64 126 97 99 108 124 117 851 124 947 
28 62 123 127 117 124 553 607 645 853 
122 128 167 252 403 504 535 871 911 919 
122 128 128 147 263 404 526 566 710 747 
28 122 128 127 530 627 710 717 856 863 
28 122 123 128 119 270 293 316 402 468 
24 122 98 128 119 625 652 693 918 972 
122 100 128 127 119 691 789 810 845 879 
28 122 128 127 326 381 427 726 758 866 
28 100 123 123 243 127 424 808 875 908 
64 97 99 127 108 117 653 124 751 963 
125 122 128 127 481 513 556 665 890 931 
122 122 128 101 119 443 486 816 925 943 
122 122 98 128 119 609 650 716 868 988 
122 128 123 127 316 331 504 656 951 996 
122 128 123 127 367 557 652 658 673 805 
122 128 99 108 117 124 836 898 967 988 
28 122 128 127 119 578 740 801 816 896 
122 28 123 100 119 123 127 919 923 928 
122 122 548 128 607 737 812 841 887 978 
122 128 123 127 119 408 451 774 926 991 
24 128 87 98 101 575 119 726 733 907 
28 100 99 123 127 124 688 708 752 936 
28 100 123 127 127 452 499 654 661 685 
28 28 100 123 154 127 338 681 969 998 
28 100 98 123 119 127 760 766 931 940 
122 128 99 108 117 124 659 765 928 955 
122 100 128 127 631 774 810 868 877 937 
62 122 128 649 676 751 818 828 858 895 
122 128 128 127 434 501 687 710 891 989 
64 97 99 108 119 117 124 745 756 861 
122 128 128 127 468 619 738 871 914 928 
122 122 98 128 119 633 714 762 807 920 
122 128 98 101 119 531 676 807 856 930 
122 64 189 97 517 99 108 117 124 948 
28 100 123 123 349 127 622 673 763 979 
122 122 128 575 585 599 641 711 712 772 
122 128 495 512 541 668 720 795 879 949 
122 128 128 629 674 736 745 772 893 918 
125 122 291 128 335 402 427 488 613 712 
122 128 128 127 572 675 683 720 881 900 
28 122 123 128 119 507 668 798 835 996 
28 100 100 127 123 127 800 808 831 886 
122 128 123 127 119 525 576 713 863 910 
28 122 123 128 314 369 473 590 683 760 
28 28 100 127 123 615 127 788 873 875 
122 128 257 378 386 618 689 690 719 975 
28 28 123 100 652 123 127 852 898 963 
122 28 100 123 502 127 616 694 906 981 
24 122 98 128 119 302 403 417 651 708 
125 122 460 128 677 738 821 872 877 912 
122 122 297 128 464 478 494 615 828 872 
122 28 98 100 123 127 669 747 818 840 
122 122 128 587 657 666 791 904 953 978 
28 122 123 128 559 596 621 667 870 914 
28 100 123 123 582 127 674 764 935 991 
64 87 97 101 99 746 108 117 124 960 
122 122 128 101 119 556 833 883 967 997 
28 28 123 100 123 712 127 740 805 949 
24 64 97 101 99 108 534 117 124 949 
28 100 123 127 119 499 679 754 913 940 
24 122 128 101 119 525 611 618 690 972 
122 122 128 448 451 467 592 606 726 933 
122 100 128 127 630 747 897 924 933 980 
28 122 128 127 322 478 710 727 905 996 
125 122 98 128 119 578 593 623 638 686 
125 122 128 101 119 554 576 656 715 833 
125 64 123 97 360 99 108 117 124 1000 
28 128 100 123 127 595 718 721 777 965 
122 122 128 127 119 621 626 697 811 883 
122 128 295 372 424 498 628 817 919 925 
122 128 137 141 161 363 419 649 791 942 
122 128 143 279 461 502 682 747 896 988 
64 97 99 240 108 117 454 124 592 643 
125 125 171 126 618 628 804 889 910 995 
122 100 128 127 119 343 400 491 919 987 
64 126 97 99 108 525 117 124 899 951 
62 128 379 486 598 603 680 785 799 816 
28 128 100 123 528 127 713 782 884 931 
122 122 225 128 382 401 452 685 869 934 
28 100 100 123 544 127 612 743 891 914 
122 122 128 101 119 439 514 781 844 967 
122 122 123 128 544 614 698 707 930 959 
28 64 97 127 99 108 524 117 124 848 
28 100 100 127 123 361 127 739 756 1000 
28 128 100 123 133 127 544 699 938 974 
28 122 123 128 333 735 743 819 937 974 
122 62 123 127 119 623 650 852 866 940 
122 122 128 101 119 527 564 599 648 762 
122 100 128 127 328 405 420 469 588 857 
28 100 123 123 308 127 658 929 940 980 
122 128 142 353 572 645 738 883 921 958 
28 100 123 127 127 480 535 607 706 838 
122 128 128 266 296 382 726 733 836 971 
122 122 128 119 423 462 471 671 727 940 
24 122 98 128 119 599 676 768 912 995 
122 126 128 304 436 483 626 671 749 841 
122 122 174 128 718 736 751 878 936 1000 
122 28 100 123 353 127 598 874 896 977 
28 100 98 123 127 618 679 807 938 953 
122 126 128 101 119 705 787 824 841 905 
122 128 98 101 119 552 585 646 773 810 
28 122 123 128 691 892 921 932 953 977 
122 122 588 128 649 795 889 912 934 998 
122 122 128 127 420 754 785 830 837 996 
122 122 123 128 89 259 338 381 622 845 
122 128 128 127 119 571 603 737 766 926 
122 122 128 370 498 609 825 860 935 940 
125 128 126 630 675 699 715 840 851 921 
122 128 311 319 330 349 688 760 773 983 
64 97 99 108 117 117 124 655 821 912 
122 24 123 87 469 98 101 119 661 979 
28 28 100 123 685 127 736 761 851 893 
122 128 123 127 698 734 779 815 836 943 
122 28 98 100 123 127 796 871 959 965 
122 128 128 267 384 537 551 568 735 999 
28 100 123 127 579 581 744 773 794 915 
122 122 128 466 597 622 679 703 867 910 
24 128 87 98 101 398 119 734 791 857 
28 125 126 127 362 497 517 769 782 906 
122 122 128 203 243 327 368 696 786 839 
122 128 128 138 271 329 526 672 744 926 
28 122 123 128 119 580 668 807 889 982 
122 28 100 123 127 508 679 907 910 921 
24 87 98 101 119 806 858 906 937 967 
122 122 128 416 494 577 648 666 748 884 
24 122 128 101 119 299 489 507 647 669 
28 28 100 127 123 603 127 764 806 975 
28 100 123 101 127 573 678 770 853 949 
62 28 319 100 467 123 127 754 845 861 
24 122 128 101 119 666 784 812 908 960 
64 128 97 127 99 108 117 740 124 900 
122 128 98 101 119 375 668 809 850 882 
125 64 406 97 99 108 117 855 124 945 
122 28 100 123 127 527 588 793 866 934 
28 64 97 99 553 108 687 117 124 895 
64 97 123 99 108 384 117 124 902 932 
122 128 128 101 119 382 583 888 984 992 
122 28 100 487 123 127 726 750 766 910 
28 122 123 128 117 124 494 553 616 846 
125 122 123 128 506 513 533 700 820 884 
122 64 97 101 99 526 108 117 124 966 
122 125 126 314 459 630 637 660 703 797 
28 100 221 123 127 448 501 772 951 998 
122 97 128 108 117 124 572 581 629 731 
28 28 100 123 127 444 543 713 766 996 
28 128 100 123 127 661 706 712 895 993 
122 128 149 219 516 634 690 790 868 885 
64 97 99 108 117 580 124 759 773 902 
122 87 128 101 119 563 658 716 735 806 
28 100 123 488 127 512 519 584 835 957 
122 128 123 127 294 687 692 856 863 927 
28 100 123 123 127 482 556 743 889 992 
122 24 553 87 669 98 101 119 918 936 
122 62 98 101 119 607 640 721 756 870 
122 122 123 128 512 594 699 867 902 977 
122 122 123 128 558 567 641 679 770 937 
95 100 123 127 255 581 586 672 783 907 
28 122 123 128 900 901 930 966 990 995 
122 122 128 718 789 815 864 955 970 1000 
122 64 237 97 99 497 108 117 124 975 
125 64 97 101 99 108 117 852 124 983 
28 122 123 128 311 695 746 850 932 941 
125 126 126 251 300 356 406 616 670 735 
122 122 460 128 699 746 758 834 907 1000 
28 100 123 127 377 432 519 769 788 814 
28 122 128 127 119 673 703 717 746 781 
28 125 123 126 293 408 694 757 968 977 
64 122 99 128 117 124 578 694 786 887 
122 128 123 127 409 540 595 696 829 994 
64 97 98 99 108 117 124 731 774 962 
122 100 128 127 203 372 436 717 850 960 
122 128 123 127 119 572 602 665 888 894 
122 128 128 398 484 518 598 625 724 997 
122 28 144 100 123 127 594 625 716 738 
122 128 128 127 329 352 457 559 600 851 
28 122 123 128 283 326 372 407 486 982 
28 128 100 366 123 127 604 626 731 860 
28 100 123 127 127 373 470 489 716 852 
122 87 128 101 119 446 554 599 666 903 
28 28 123 100 123 127 620 726 826 873 
122 64 217 97 340 99 108 117 124 974 
28 100 123 127 127 570 599 686 792 916 
28 100 123 127 119 608 734 830 838 999 
28 28 100 123 127 639 658 743 809 866 
28 100 123 127 557 625 732 822 842 907 
122 122 128 255 302 500 520 527 717 825 
125 122 128 101 119 715 737 820 966 976 
28 128 100 123 304 127 703 727 883 892 
122 100 128 127 529 569 637 827 929 930 
122 28 100 123 127 603 696 780 913 962 
28 128 100 147 123 127 629 643 718 958 
28 100 123 329 127 464 662 765 826 926 
122 28 100 399 123 676 127 703 783 833 
24 122 98 128 119 594 667 822 874 914 
122 125 135 126 385 612 626 676 745 783 
28 100 110 123 394 127 505 637 708 971 
122 122 128 127 119 667 744 817 850 853 
122 28 98 100 123 613 127 716 730 733 
122 128 98 101 119 613 694 722 794 890 
125 122 123 128 317 403 757 789 848 880 
28 122 123 128 395 408 538 753 770 872 
24 24 98 87 98 101 119 712 755 860 
24 28 100 123 127 736 760 791 820 997 
122 64 98 97 119 99 108 117 124 856 
122 28 100 127 123 772 127 881 958 962 
122 122 128 170 236 394 531 558 705 908 
122 64 123 97 119 99 108 117 124 936 
122 126 128 288 392 621 737 750 781 862 
122 28 123 100 123 127 867 877 949 955 
122 128 128 453 527 601 635 721 847 868 
28 122 128 127 584 731 759 862 945 982 
122 128 128 127 602 615 624 655 753 917 
122 128 128 609 733 747 808 870 916 951 
28 64 97 127 99 505 108 117 124 670 
122 28 100 123 325 127 425 505 543 837 
122 122 128 350 387 424 495 531 611 768 
62 122 128 127 237 438 450 559 732 961 
122 100 128 127 519 530 623 802 854 890 
122 122 128 415 516 557 569 887 978 990 
28 100 123 123 127 731 896 898 934 998 
122 126 128 404 444 448 526 643 648 980 
28 125 123 126 460 584 739 795 885 911 
125 122 128 424 431 455 524 584 675 919 
28 122 123 128 278 441 664 679 733 881 
57 85 98 109 119 124 715 851 949 966 
28 122 123 128 638 662 689 723 871 978 
64 64 99 97 99 108 526 117 124 891 
122 28 100 377 123 127 557 612 757 953 
122 128 305 412 481 491 659 755 758 837 
122 122 128 674 676 693 703 847 863 876 
122 122 128 390 681 799 938 941 945 977 
24 64 97 101 99 108 796 117 124 950 
122 122 128 172 226 313 536 564 878 893 
122 128 306 341 365 398 478 708 738 903 
122 64 123 97 716 99 108 117 124 996 
125 122 105 128 544 554 593 662 891 960 
122 122 216 128 466 530 673 694 729 940 
122 122 98 128 119 595 602 619 711 744 
64 122 128 108 117 124 709 824 856 961 
28 28 100 123 262 127 372 470 588 805 
28 100 100 127 123 528 127 656 661 760 
122 128 128 127 119 468 735 930 960 1000 
122 122 123 128 489 602 743 754 819 951 
122 128 99 108 117 124 505 760 778 998 
122 64 97 127 99 108 613 117 124 922 
24 100 87 127 98 101 729 119 820 841 
28 122 123 128 687 842 858 967 987 997 
125 126 98 101 119 427 449 472 551 717 
28 100 123 123 324 127 584 673 712 904 
125 64 123 97 573 99 108 117 124 873 
24 122 98 128 119 628 757 836 898 988 
28 100 123 127 467 471 601 602 842 867 
28 28 100 127 123 127 630 663 693 861 
28 122 128 127 350 497 560 677 727 770 
122 122 98 128 119 310 577 627 891 903 
28 125 126 127 117 124 561 599 866 902 
28 125 123 126 328 352 611 616 627 780 
122 128 123 127 450 569 625 654 700 884 
28 122 123 128 724 726 755 760 771 868 
122 28 123 100 123 127 562 635 725 779 
122 128 123 127 119 454 547 568 648 887 
122 122 128 646 665 789 912 914 935 936 
122 28 100 331 123 127 621 674 692 866 
125 126 123 127 368 526 632 645 820 860 
122 122 128 127 342 394 395 728 740 921 
122 128 98 101 119 466 484 510 870 963 
122 128 128 101 119 833 849 891 900 906 
122 122 128 256 290 390 462 817 894 987 
125 122 365 128 525 603 607 684 816 937 
122 128 128 279 560 693 793 823 888 971 
122 122 114 128 356 389 521 594 912 941 
28 64 97 127 99 357 108 117 124 993 
122 122 128 312 393 804 842 868 922 998 
28 126 100 264 123 127 438 483 718 907 
122 128 128 101 119 511 553 726 810 901 
122 122 128 335 451 492 534 610 845 893 
122 122 128 462 686 761 772 840 921 936 
122 126 128 127 221 321 400 489 870 975 
28 100 123 123 127 790 811 865 866 950 
122 28 100 123 127 449 475 571 748 992 
122 122 99 128 117 124 697 776 833 884 
122 28 123 100 342 123 127 621 655 938 
122 128 407 475 571 612 649 742 796 891 
122 95 123 127 685 770 895 901 908 929 
28 100 123 123 119 127 755 806 885 967 
28 128 100 388 123 127 510 616 722 806 
122 128 128 484 510 578 584 632 870 952 
122 122 123 128 623 647 753 761 854 952 
122 100 128 127 119 503 520 764 883 957 
28 100 98 123 119 127 747 856 958 985 
28 28 100 127 123 662 127 943 949 966 
122 128 99 108 117 124 447 550 709 882 
28 100 123 127 119 701 705 777 785 843 
28 128 100 127 123 309 127 504 806 844 
122 122 128 158 501 656 664 833 898 951 
125 122 128 127 477 479 647 668 670 859 
122 28 200 100 123 127 556 587 663 706 
122 122 258 128 547 706 748 768 782 893 
122 128 98 101 119 695 702 704 841 883 
122 128 123 127 674 679 700 731 935 981 
122 125 98 126 119 421 606 701 860 926 
122 128 123 127 119 444 601 665 752 936 
28 28 100 123 581 127 658 750 753 900 
122 28 123 100 517 123 127 727 746 988 
125 126 123 127 522 595 691 717 835 884 
28 122 123 128 119 454 541 825 868 932 
122 100 128 127 119 329 339 526 547 549 
24 64 97 99 108 117 124 669 675 822 
122 28 98 100 123 278 127 769 852 853 
122 28 100 123 119 127 391 626 636 662 
28 100 100 123 127 695 750 797 874 922 
122 128 128 323 396 627 661 777 885 928 
28 122 128 127 471 482 621 636 866 991 
28 122 123 128 119 733 808 822 847 848 
122 128 128 619 650 705 776 849 927 942 
122 128 128 127 504 568 670 736 807 969 
122 128 97 180 238 495 572 587 708 747 
122 128 98 101 119 657 732 809 819 852 
24 64 97 101 99 108 117 124 888 904 
