128 127 116 110 107 106 80 705 771 898 
128 127 116 110 107 106 80 846 850 941 
128 127 116 110 107 106 80 237 725 820 
128 127 116 110 107 106 80 944 949 981 
125 122 109 70 116 127 128 773 904 906 
128 127 116 110 107 106 80 702 783 833 
125 122 109 70 116 127 128 581 650 831 
125 122 109 70 116 127 128 736 795 920 
125 122 109 70 116 127 128 836 910 954 
125 122 109 70 116 127 128 790 808 885 
128 127 116 110 107 106 80 787 805 977 
125 122 109 70 116 127 128 827 961 971 
125 122 109 70 116 127 128 693 981 993 
125 122 109 70 116 127 128 725 859 922 
125 122 109 70 116 127 128 627 965 988 
128 127 116 110 107 106 80 553 700 984 
125 122 109 70 116 127 128 576 579 975 
125 122 109 70 116 127 128 736 764 798 
128 127 116 110 107 106 80 805 889 928 
128 127 116 110 107 106 80 406 787 910 
128 127 116 110 107 106 80 449 657 826 
128 127 116 110 107 106 80 712 717 912 
125 122 109 70 116 127 128 562 820 832 
128 127 116 110 107 106 80 746 960 985 
128 127 116 110 107 106 80 792 953 978 
128 127 116 110 107 106 80 762 824 950 
125 122 109 70 116 127 128 718 906 934 
128 127 116 110 107 106 80 771 970 983 
125 122 109 70 116 127 128 447 769 918 
128 127 116 110 107 106 80 814 889 937 
125 122 109 70 116 127 128 588 865 956 
128 127 116 110 107 106 80 651 776 934 
128 127 116 110 107 106 80 780 807 909 
125 122 109 70 116 127 128 600 756 801 
128 127 116 110 107 106 80 912 956 989 
128 127 116 110 107 106 80 661 767 877 
128 127 116 110 107 106 80 829 861 979 
125 122 109 70 116 127 128 781 813 822 
125 122 109 70 116 127 128 852 866 883 
128 127 116 110 107 106 80 722 843 916 
128 127 116 110 107 106 80 603 785 835 
128 127 116 110 107 106 80 826 914 971 
125 122 109 70 116 127 128 614 716 930 
128 127 116 110 107 106 80 854 865 893 
125 122 109 70 116 127 128 888 902 999 
128 127 116 110 107 106 80 825 874 876 
128 127 116 110 107 106 80 689 866 950 
79 2 107 110 116 127 128 588 622 764 
125 122 109 70 116 127 128 715 889 929 
128 127 116 110 107 106 80 583 670 996 
128 127 116 110 107 106 80 618 654 862 
128 127 116 110 107 106 80 731 782 948 
128 127 116 110 107 106 80 453 496 850 
125 122 109 70 116 127 128 804 854 983 
125 122 109 70 116 127 128 832 880 954 
125 122 109 70 116 127 128 828 862 883 
128 127 116 110 107 106 80 767 858 871 
125 122 109 70 116 127 128 834 873 933 
125 122 109 70 116 127 128 849 858 968 
128 127 116 110 107 106 80 627 656 805 
128 127 116 110 107 106 80 663 807 936 
125 122 109 70 116 127 128 746 747 967 
125 122 109 70 116 127 128 823 835 904 
128 127 116 110 107 106 80 632 817 889 
87 71 45 125 116 127 128 665 776 897 
125 122 109 70 116 127 128 790 877 977 
125 122 109 70 116 127 128 627 904 985 
125 122 109 70 116 127 128 583 701 798 
128 127 116 110 107 106 80 849 967 980 
125 122 109 70 116 127 128 851 894 958 
125 122 109 70 116 127 128 927 946 993 
125 122 109 70 116 127 128 813 899 1000 
128 127 116 110 107 106 80 848 934 966 
125 122 109 70 116 127 128 580 823 992 
128 127 116 110 107 106 80 971 984 986 
125 122 109 70 116 127 128 699 848 965 
125 122 109 70 116 127 128 960 965 973 
128 127 116 110 107 106 80 776 811 947 
128 127 116 110 107 106 80 854 942 977 
125 122 109 70 116 127 128 928 938 1000 
125 122 109 70 116 127 128 353 665 893 
128 127 116 110 107 106 80 866 921 966 
125 122 109 70 116 127 128 681 847 955 
128 127 116 110 107 106 80 462 591 701 
125 122 109 70 116 127 128 909 964 977 
125 122 109 70 116 127 128 636 830 914 
125 122 109 70 116 127 128 414 570 835 
125 122 109 70 116 127 128 499 867 954 
128 127 116 110 107 106 80 644 731 944 
128 127 116 110 107 106 80 815 902 909 
125 122 109 70 116 127 128 821 900 977 
125 122 109 70 116 127 128 923 947 996 
128 127 116 110 107 106 80 689 855 909 
128 127 116 110 107 106 80 863 960 993 
128 127 116 110 107 106 80 400 579 975 
125 122 109 70 116 127 128 650 727 864 
128 127 116 110 107 106 80 578 639 998 
125 122 109 70 116 127 128 636 692 932 
125 122 109 70 116 127 128 627 864 897 
125 122 109 70 116 127 128 584 832 899 
79 2 122 125 116 127 128 639 761 993 
79 2 122 125 116 127 128 745 846 954 
125 122 109 70 116 127 128 807 872 988 
124 115 104 125 116 127 128 784 896 958 
125 122 109 70 116 127 128 569 579 1000 
125 122 109 70 116 127 128 677 687 835 
125 122 109 70 116 127 128 534 570 989 
125 122 109 70 116 127 128 797 849 991 
125 122 109 70 116 127 128 391 721 845 
125 122 109 70 116 127 128 845 862 900 
125 122 109 70 116 127 128 846 927 943 
125 122 109 70 116 127 128 682 799 989 
125 122 109 70 116 127 128 836 935 951 
125 122 109 70 116 127 128 771 861 942 
125 122 109 70 116 127 128 708 860 930 
125 122 109 70 116 127 128 591 645 963 
125 122 109 70 116 127 128 885 915 926 
79 2 87 125 116 127 128 774 775 938 
125 122 109 70 116 127 128 806 903 952 
125 122 109 70 116 127 128 901 918 945 
125 122 109 70 116 127 128 729 750 924 
79 2 101 125 116 127 128 421 621 741 
124 115 104 125 116 127 128 710 714 830 
125 122 109 70 116 127 128 693 957 986 
125 122 109 70 116 127 128 707 770 875 
125 122 109 70 116 127 128 855 954 986 
125 122 109 70 116 127 128 889 892 925 
125 122 109 70 116 127 128 659 681 925 
113 109 122 125 116 127 128 822 836 927 
125 122 109 70 116 127 128 745 855 978 
125 122 109 70 116 127 128 750 886 923 
79 2 107 110 116 127 128 674 716 814 
125 122 109 70 116 127 128 737 800 915 
125 122 109 70 116 127 128 853 857 878 
79 2 122 125 116 127 128 889 890 934 
125 122 109 70 116 127 128 852 893 958 
125 122 109 70 116 127 128 740 742 985 
125 122 109 70 116 127 128 846 916 984 
125 122 109 70 116 127 128 825 932 966 
125 122 109 70 116 127 128 790 860 984 
125 122 109 70 116 127 128 850 865 919 
125 122 109 70 116 127 128 828 891 932 
79 2 122 125 116 127 128 493 611 830 
125 122 109 70 116 127 128 670 706 859 
125 122 109 70 116 127 128 673 860 869 
125 122 109 70 116 127 128 732 773 983 
125 122 109 70 116 127 128 842 946 960 
125 122 109 70 116 127 128 533 892 916 
125 122 109 70 116 127 128 891 907 970 
125 122 109 70 116 127 128 861 946 980 
125 122 109 70 116 127 128 808 903 920 
125 122 109 70 116 127 128 675 838 852 
125 122 109 70 116 127 128 816 876 952 
125 122 109 70 116 127 128 685 708 985 
124 115 104 110 116 127 128 877 913 978 
125 122 109 70 116 127 128 792 877 942 
125 122 109 70 116 127 128 963 974 980 
125 122 109 70 116 127 128 850 853 879 
125 122 109 70 116 127 128 704 757 986 
125 122 109 70 116 127 128 855 907 990 
125 122 109 70 116 127 128 672 825 982 
125 122 109 70 116 127 128 747 818 968 
87 71 45 125 116 127 128 580 699 880 
125 122 109 70 116 127 128 491 835 983 
79 2 122 125 116 127 128 519 606 645 
79 2 122 125 116 127 128 871 886 999 
125 122 109 70 116 127 128 680 818 849 
79 2 122 125 116 127 128 904 977 1000 
79 2 122 125 116 127 128 630 753 977 
125 122 109 70 116 127 128 912 946 954 
125 122 109 70 116 127 128 810 954 969 
125 122 109 70 116 127 128 772 810 922 
125 122 109 70 116 127 128 535 644 871 
125 122 109 70 116 127 128 333 392 567 
125 122 109 70 116 127 128 673 811 920 
125 122 109 70 116 127 128 610 633 807 
125 122 109 70 116 127 128 645 742 886 
125 122 109 70 116 127 128 735 795 963 
124 115 104 125 116 127 128 911 934 973 
125 122 109 70 116 127 128 874 880 911 
125 122 109 70 116 127 128 851 875 947 
125 122 109 70 116 127 128 607 645 853 
125 122 109 70 116 127 128 871 911 919 
125 122 109 70 116 127 128 566 710 747 
125 122 109 70 116 127 128 717 856 863 
125 122 109 70 116 127 128 316 402 468 
125 122 109 70 116 127 128 693 918 972 
125 122 109 70 116 127 128 810 845 879 
125 122 109 70 116 127 128 726 758 866 
125 122 109 70 116 127 128 808 875 908 
125 122 109 70 116 127 128 695 751 963 
79 2 124 125 116 127 128 665 890 931 
125 122 109 70 116 127 128 816 925 943 
125 122 109 70 116 127 128 716 868 988 
125 122 109 70 116 127 128 656 951 996 
125 122 109 70 116 127 128 658 673 805 
125 122 109 70 116 127 128 898 967 988 
125 122 109 70 116 127 128 801 816 896 
125 122 109 70 116 127 128 919 923 928 
125 122 109 70 116 127 128 841 887 978 
87 71 45 125 116 127 128 774 926 991 
87 71 45 125 116 127 128 726 733 907 
79 2 122 125 116 127 128 708 752 936 
79 2 124 125 116 127 128 654 661 685 
79 2 87 125 116 127 128 681 969 998 
79 2 87 125 116 127 128 766 931 940 
79 2 122 125 116 127 128 765 928 955 
79 2 122 125 116 127 128 868 877 937 
79 2 87 125 116 127 128 828 858 895 
79 2 122 125 116 127 128 710 891 989 
124 115 104 125 116 127 128 745 756 861 
79 2 122 125 116 127 128 871 914 928 
79 2 122 125 116 127 128 762 807 920 
79 2 122 125 116 127 128 807 856 930 
124 115 104 125 116 127 128 729 942 948 
79 2 107 110 116 127 128 673 763 979 
87 71 45 125 116 127 128 711 712 772 
79 2 124 125 116 127 128 795 879 949 
79 2 87 125 116 127 128 772 893 918 
79 2 122 125 116 127 128 488 613 712 
79 2 122 125 116 127 128 720 881 900 
79 2 122 125 116 127 128 798 835 996 
79 2 122 125 116 127 128 808 831 886 
124 115 104 125 116 127 128 713 863 910 
87 71 45 125 116 127 128 590 683 760 
79 2 122 125 116 127 128 788 873 875 
124 115 104 125 116 127 128 690 719 975 
124 115 104 125 116 127 128 852 898 963 
124 115 104 125 116 127 128 694 906 981 
124 115 104 125 116 127 128 417 651 708 
79 2 122 125 116 127 128 872 877 912 
79 2 124 125 116 127 128 615 828 872 
79 2 122 125 116 127 128 747 818 840 
79 2 124 125 116 127 128 904 953 978 
124 115 104 125 116 127 128 667 870 914 
79 2 122 125 116 127 128 764 935 991 
87 71 45 125 116 127 128 864 918 960 
124 115 104 125 116 127 128 883 967 997 
79 2 122 125 116 127 128 740 805 949 
79 2 124 125 116 127 128 547 663 949 
79 2 122 125 116 127 128 754 913 940 
79 2 87 125 116 127 128 618 690 972 
87 71 45 125 116 127 128 606 726 933 
124 115 104 125 116 127 128 924 933 980 
79 2 124 125 116 127 128 727 905 996 
79 2 87 110 116 127 128 623 638 686 
79 2 122 125 116 127 128 656 715 833 
79 2 122 125 116 127 128 908 977 1000 
79 2 122 125 116 127 128 721 777 965 
108 7 122 125 116 127 128 697 811 883 
79 2 124 125 116 127 128 817 919 925 
79 2 122 125 116 127 128 649 791 942 
79 2 87 125 116 127 128 747 896 988 
79 2 122 125 116 127 128 571 592 643 
79 2 124 125 116 127 128 889 910 995 
79 2 122 125 116 127 128 491 919 987 
87 71 45 125 116 127 128 871 899 951 
124 115 104 125 116 127 128 785 799 816 
124 115 104 125 116 127 128 782 884 931 
124 115 104 125 116 127 128 685 869 934 
79 2 122 125 116 127 128 743 891 914 
79 2 122 125 116 127 128 781 844 967 
79 2 122 125 116 127 128 707 930 959 
79 2 124 125 116 127 128 557 722 848 
79 2 122 125 116 127 128 739 756 1000 
124 115 104 125 116 127 128 699 938 974 
79 2 122 125 116 127 128 819 937 974 
79 2 122 125 116 127 128 852 866 940 
124 115 104 125 116 127 128 599 648 762 
124 115 104 125 116 127 128 469 588 857 
124 115 104 125 116 127 128 929 940 980 
79 2 122 125 116 127 128 883 921 958 
79 2 122 125 116 127 128 607 706 838 
79 2 124 125 116 127 128 733 836 971 
79 2 122 125 116 127 128 671 727 940 
79 2 124 125 116 127 128 768 912 995 
79 2 124 125 116 127 128 671 749 841 
79 2 122 125 116 127 128 878 936 1000 
79 2 101 125 116 127 128 874 896 977 
79 2 122 125 116 127 128 807 938 953 
79 2 87 125 116 127 128 824 841 905 
124 115 104 125 116 127 128 646 773 810 
124 115 104 125 116 127 128 932 953 977 
79 2 124 125 116 127 128 912 934 998 
124 115 104 125 116 127 128 830 837 996 
79 2 122 125 116 127 128 381 622 845 
79 2 122 125 116 127 128 737 766 926 
124 115 104 125 116 127 128 860 935 940 
79 2 122 125 116 127 128 840 851 921 
79 2 122 125 116 127 128 760 773 983 
79 2 122 125 116 127 128 655 821 912 
79 2 122 125 116 127 128 625 661 979 
124 115 104 125 116 127 128 761 851 893 
79 2 122 125 116 127 128 815 836 943 
79 2 87 125 116 127 128 871 959 965 
124 115 104 125 116 127 128 568 735 999 
79 2 87 125 116 127 128 773 794 915 
79 2 122 125 116 127 128 703 867 910 
79 2 124 125 116 127 128 734 791 857 
124 115 104 125 116 127 128 769 782 906 
124 115 104 126 116 127 128 696 786 839 
87 71 45 125 116 127 128 672 744 926 
124 115 104 125 116 127 128 807 889 982 
87 71 45 125 116 127 128 907 910 921 
108 7 122 125 116 127 128 906 937 967 
124 115 104 125 116 127 128 666 748 884 
124 115 104 125 116 127 128 507 647 669 
124 115 104 125 116 127 128 764 806 975 
124 115 104 125 116 127 128 770 853 949 
124 115 104 125 116 127 128 754 845 861 
124 115 104 125 116 127 128 812 908 960 
124 115 104 125 116 127 128 740 887 900 
124 115 104 125 116 127 128 809 850 882 
124 115 104 125 116 127 128 855 872 945 
124 115 104 125 116 127 128 793 866 934 
87 71 45 125 116 127 128 796 865 895 
124 115 104 125 116 127 128 691 902 932 
124 115 104 125 116 127 128 888 984 992 
124 115 104 125 116 127 128 750 766 910 
124 115 104 125 116 127 128 553 616 846 
124 115 104 125 116 127 128 700 820 884 
124 115 104 125 116 127 128 755 895 966 
87 71 45 125 116 127 128 660 703 797 
124 115 104 125 116 127 128 772 951 998 
124 115 104 125 116 127 128 581 629 731 
124 115 104 125 116 127 128 713 766 996 
124 115 104 125 116 127 128 712 895 993 
124 115 104 125 116 127 128 790 868 885 
124 115 104 125 116 127 128 759 773 902 
87 71 45 125 116 127 128 716 735 806 
124 115 104 125 116 127 128 584 835 957 
70 109 122 125 116 127 128 856 863 927 
70 109 122 125 116 127 128 743 889 992 
87 71 45 125 116 127 128 887 918 936 
87 71 45 125 116 127 128 721 756 870 
87 71 45 125 116 127 128 867 902 977 
124 115 104 125 116 127 128 679 770 937 
124 115 104 125 116 127 128 672 783 907 
87 71 45 125 116 127 128 966 990 995 
124 115 104 125 116 127 128 955 970 1000 
125 122 109 70 116 127 128 670 702 975 
125 122 109 70 116 127 128 852 867 983 
124 115 104 125 116 127 128 850 932 941 
124 115 104 125 116 127 128 616 670 735 
124 115 104 125 116 127 128 834 907 1000 
125 122 109 70 116 127 128 769 788 814 
124 115 104 125 116 127 128 717 746 781 
87 71 45 125 116 127 128 757 968 977 
124 115 104 125 116 127 128 694 786 887 
2 79 122 125 116 127 128 696 829 994 
124 115 104 125 116 127 128 731 774 962 
101 83 13 125 116 127 128 717 850 960 
124 115 104 125 116 127 128 665 888 894 
124 115 104 125 116 127 128 625 724 997 
124 115 104 125 116 127 128 625 716 738 
124 115 104 125 116 127 128 559 600 851 
124 115 104 125 116 127 128 407 486 982 
124 115 104 125 116 127 128 626 731 860 
87 71 45 125 116 127 128 489 716 852 
124 115 104 125 116 127 128 599 666 903 
124 115 104 125 116 127 128 726 826 873 
124 115 104 125 116 127 128 666 736 974 
124 115 104 125 116 127 128 686 792 916 
124 115 104 125 116 127 128 830 838 999 
87 71 45 125 116 127 128 743 809 866 
124 115 104 125 116 127 128 822 842 907 
124 115 104 125 116 127 128 527 717 825 
87 71 45 125 116 127 128 820 966 976 
70 109 122 125 116 127 128 727 883 892 
124 115 104 125 116 127 128 827 929 930 
124 115 104 125 116 127 128 780 913 962 
87 71 45 125 116 127 128 643 718 958 
124 115 104 125 116 127 128 765 826 926 
87 71 45 125 116 127 128 703 783 833 
87 71 45 125 116 127 128 822 874 914 
87 71 45 125 116 127 128 676 745 783 
124 115 104 125 116 127 128 637 708 971 
124 115 104 125 116 127 128 817 850 853 
79 2 122 125 116 127 128 716 730 733 
124 115 104 125 116 127 128 722 794 890 
124 115 104 125 116 127 128 789 848 880 
87 71 45 125 116 127 128 753 770 872 
90 77 122 125 116 127 128 712 755 860 
124 115 104 125 116 127 128 791 820 997 
108 7 122 125 116 127 128 517 778 856 
124 115 104 125 116 127 128 881 958 962 
124 115 104 125 116 127 128 558 705 908 
125 122 109 70 116 127 128 750 926 936 
124 115 104 125 116 127 128 750 781 862 
87 71 45 125 116 127 128 877 949 955 
124 115 104 125 116 127 128 721 847 868 
124 115 104 125 116 127 128 862 945 982 
124 115 104 125 116 127 128 655 753 917 
124 115 104 125 116 127 128 870 916 951 
87 71 45 125 116 127 128 557 580 670 
124 115 104 125 116 127 128 505 543 837 
124 115 104 125 116 127 128 531 611 768 
124 115 104 125 116 127 128 559 732 961 
124 115 104 125 116 127 128 802 854 890 
124 115 104 125 116 127 128 887 978 990 
87 71 45 125 116 127 128 898 934 998 
87 71 45 125 444 448 526 643 648 980 
87 71 45 125 116 127 128 795 885 911 
108 7 122 125 116 127 128 584 675 919 
108 7 122 125 116 127 128 679 733 881 
113 79 122 125 116 127 128 851 949 966 
79 2 87 125 116 127 128 723 871 978 
87 71 45 125 116 127 128 735 863 891 
79 2 122 125 116 127 128 612 757 953 
2 79 124 125 116 127 128 755 758 837 
104 115 124 125 116 127 128 847 863 876 
79 2 122 125 116 127 128 941 945 977 
124 115 104 125 116 127 128 817 923 950 
87 71 45 125 116 127 128 564 878 893 
113 109 122 125 116 127 128 708 738 903 
45 71 87 125 116 127 128 911 979 996 
79 2 124 125 116 127 128 662 891 960 
79 2 122 125 116 127 128 694 729 940 
113 109 122 125 116 127 128 619 711 744 
108 7 87 125 116 127 128 824 856 961 
87 71 45 125 116 127 128 470 588 805 
104 115 124 125 116 127 128 656 661 760 
125 122 109 70 116 127 128 930 960 1000 
87 71 45 125 116 127 128 754 819 951 
2 79 122 125 116 127 128 760 778 998 
79 2 124 125 116 127 128 703 806 922 
79 2 87 125 116 127 128 815 820 841 
70 109 122 125 116 127 128 967 987 997 
2 79 122 125 116 127 128 472 551 717 
79 2 124 125 116 127 128 673 712 904 
87 71 45 125 116 127 128 652 778 873 
108 7 124 125 116 127 128 836 898 988 
87 71 45 125 116 127 128 602 842 867 
87 71 45 125 116 127 128 663 693 861 
113 79 87 125 116 127 128 677 727 770 
2 79 122 125 116 127 128 627 891 903 
87 71 45 125 116 127 128 599 866 902 
87 71 45 125 116 127 128 616 627 780 
87 71 45 125 116 127 128 654 700 884 
2 79 122 125 116 127 128 760 771 868 
79 2 87 125 116 127 128 635 725 779 
79 2 122 125 116 127 128 568 648 887 
2 79 124 125 116 127 128 914 935 936 
87 71 45 125 116 127 128 674 692 866 
2 79 122 125 116 127 128 645 820 860 
87 71 45 125 116 127 128 728 740 921 
87 71 45 125 116 127 128 510 870 963 
124 115 104 125 116 127 128 891 900 906 
79 2 122 125 116 127 128 817 894 987 
87 71 45 125 116 127 128 684 816 937 
79 2 122 125 116 127 128 823 888 971 
87 71 45 125 116 127 128 594 912 941 
79 2 122 125 116 127 128 849 896 993 
79 2 124 125 116 127 128 868 922 998 
87 71 45 125 116 127 128 483 718 907 
124 115 104 125 116 127 128 726 810 901 
7 108 122 125 116 127 128 610 845 893 
113 79 122 125 116 127 128 840 921 936 
87 71 45 125 116 127 128 489 870 975 
104 115 124 125 116 127 128 865 866 950 
108 7 124 125 116 127 128 571 748 992 
79 2 107 110 116 127 128 776 833 884 
87 71 45 125 116 127 128 621 655 938 
79 2 87 125 116 127 128 742 796 891 
108 7 124 125 116 127 128 901 908 929 
79 2 87 125 116 127 128 806 885 967 
125 122 109 70 116 127 128 616 722 806 
125 122 109 70 116 127 128 632 870 952 
2 79 122 125 623 647 753 761 854 952 
79 2 122 125 116 127 128 764 883 957 
87 71 45 125 116 127 128 856 958 985 
45 71 87 125 116 127 128 943 949 966 
87 71 45 125 116 127 128 550 709 882 
87 71 45 125 116 127 128 777 785 843 
2 79 124 125 116 127 128 504 806 844 
87 71 45 125 116 127 128 833 898 951 
87 71 45 126 116 127 128 668 670 859 
79 2 122 125 116 127 128 587 663 706 
2 79 122 125 116 127 128 768 782 893 
79 2 122 125 116 127 128 704 841 883 
79 2 87 125 116 127 128 731 935 981 
79 2 122 125 116 127 128 701 860 926 
79 2 122 125 116 127 128 665 752 936 
87 71 45 125 116 127 128 750 753 900 
79 2 122 125 116 127 128 727 746 988 
87 71 45 125 116 127 128 717 835 884 
125 122 109 70 116 127 128 825 868 932 
87 71 45 125 116 127 128 526 547 549 
87 71 45 125 116 127 128 669 675 822 
124 115 104 125 116 127 128 769 852 853 
79 2 87 125 116 127 128 626 636 662 
87 71 45 125 116 127 128 797 874 922 
79 2 122 125 116 127 128 777 885 928 
2 79 87 125 116 127 128 636 866 991 
87 71 45 125 116 127 128 822 847 848 
108 7 124 125 116 127 128 849 927 942 
79 2 122 125 116 127 128 736 807 969 
79 2 122 125 116 127 128 587 708 747 
87 71 45 125 490 657 732 809 819 852 
79 2 122 125 116 127 128 816 888 904 
