122 128 299 399 428 447 610 705 771 898 
227 355 367 377 448 670 750 846 850 941 
122 128 98 101 119 219 223 237 725 820 
75 122 128 743 763 923 939 944 949 981 
238 122 487 128 742 744 764 773 904 906 
122 128 188 272 311 463 531 702 783 833 
64 97 99 108 117 124 538 581 650 831 
122 122 128 339 538 594 695 736 795 920 
142 24 87 98 494 101 658 119 910 954 
122 348 128 597 631 658 675 790 808 885 
122 128 281 419 504 633 686 787 805 977 
15 24 209 87 98 446 101 119 961 971 
3 122 128 339 437 448 505 693 981 993 
13 42 177 365 514 597 607 725 859 922 
39 122 162 128 228 280 476 627 965 988 
69 28 100 123 127 354 515 553 700 984 
5 172 241 244 261 317 388 576 579 975 
12 24 87 98 439 101 735 119 764 798 
202 534 564 591 614 733 798 805 889 928 
131 125 203 126 276 321 368 406 787 910 
74 122 128 256 328 376 431 449 657 826 
167 122 128 336 349 506 657 712 717 912 
122 128 98 101 119 518 526 562 820 832 
16 122 211 128 310 673 738 746 960 985 
192 62 429 543 655 657 754 792 953 978 
95 122 320 128 412 432 529 762 824 950 
52 24 87 98 306 101 690 119 906 934 
24 388 87 98 101 680 119 771 970 983 
3 122 128 160 253 306 437 447 769 918 
227 420 421 424 655 757 771 814 889 937 
24 87 98 101 119 324 538 588 865 956 
24 126 87 178 98 289 101 119 776 934 
62 173 183 481 548 719 737 780 807 909 
122 128 241 284 539 553 565 600 756 801 
122 128 584 631 636 758 872 912 956 989 
122 24 87 98 573 101 119 661 767 877 
97 329 351 523 539 655 768 829 861 979 
122 159 128 335 404 533 679 781 813 822 
122 128 566 574 618 641 688 852 866 883 
122 122 85 128 308 382 464 722 843 916 
96 122 128 400 436 446 556 603 785 835 
338 62 439 570 723 752 760 826 914 971 
122 128 296 497 580 587 602 614 716 930 
24 122 128 509 744 828 839 854 865 893 
10 15 142 189 776 829 877 888 902 999 
122 128 334 387 434 447 745 825 874 876 
59 28 100 123 430 127 475 689 866 950 
62 128 108 128 153 361 367 588 622 764 
2 122 280 128 407 573 697 715 889 929 
62 253 255 257 289 426 514 583 670 996 
24 149 87 329 98 101 553 119 654 862 
37 62 197 264 425 549 623 731 782 948 
51 122 128 185 252 272 366 453 496 850 
29 86 140 207 417 425 543 804 854 983 
23 112 263 302 439 511 544 832 880 954 
44 62 369 479 595 767 783 828 862 883 
56 122 128 136 137 203 633 767 858 871 
28 122 128 127 576 578 588 834 873 933 
122 108 128 741 755 768 811 849 858 968 
4 24 87 331 98 101 614 119 656 805 
122 128 456 464 509 532 625 663 807 936 
44 87 290 489 587 601 616 746 747 967 
66 92 146 308 458 616 649 823 835 904 
187 125 126 320 345 380 436 632 817 889 
103 113 182 215 381 383 461 665 776 897 
122 125 126 383 423 439 753 790 877 977 
53 122 128 251 340 470 574 627 904 985 
122 128 128 294 300 347 574 583 701 798 
37 88 197 353 371 427 592 849 967 980 
105 117 119 327 398 399 646 851 894 958 
121 122 128 244 284 545 775 927 946 993 
122 128 398 445 476 483 786 813 899 1000 
122 128 347 437 454 658 767 848 934 966 
24 93 87 98 101 119 574 580 823 992 
24 58 87 98 515 101 119 971 984 986 
78 122 128 461 533 559 641 699 848 965 
77 122 456 128 670 725 958 960 965 973 
24 87 164 98 358 101 673 119 811 947 
62 98 100 491 581 654 814 854 942 977 
122 128 541 793 814 852 874 928 938 1000 
122 63 128 241 243 274 279 353 665 893 
122 128 398 419 460 681 737 866 921 966 
10 57 155 195 443 486 633 681 847 955 
23 53 73 206 346 369 442 462 591 701 
122 131 128 285 395 828 877 909 964 977 
43 122 128 481 586 617 628 636 830 914 
122 122 158 128 189 291 348 414 570 835 
122 24 239 87 98 426 101 119 867 954 
81 122 447 128 507 567 596 644 731 944 
2 62 393 397 490 593 696 815 902 909 
24 128 87 98 101 659 119 821 900 977 
129 171 420 426 685 696 732 923 947 996 
179 328 329 404 594 637 685 689 855 909 
122 77 128 474 652 838 856 863 960 993 
30 59 153 188 190 199 208 400 579 975 
24 87 98 366 101 119 610 650 727 864 
62 205 290 320 410 416 421 578 639 998 
35 122 128 129 217 311 540 636 692 932 
22 112 233 277 458 460 553 627 864 897 
13 122 128 315 344 516 574 584 832 899 
122 115 128 355 422 423 495 639 761 993 
212 122 345 128 542 652 731 745 846 954 
24 57 87 146 98 510 101 119 872 988 
122 128 134 449 462 531 705 784 896 958 
88 133 232 297 342 536 558 569 579 1000 
23 131 112 419 501 550 557 677 687 835 
48 188 238 380 410 451 479 534 570 989 
122 128 573 688 714 731 739 797 849 991 
122 24 87 221 98 101 371 119 721 845 
10 72 158 514 545 609 677 845 862 900 
122 128 271 453 531 616 695 846 927 943 
24 87 98 101 119 349 353 682 799 989 
78 28 100 123 557 127 658 836 935 951 
133 122 246 128 273 361 728 771 861 942 
122 136 128 276 302 324 566 708 860 930 
24 209 87 412 98 101 534 119 645 963 
37 62 158 200 287 371 535 885 915 926 
125 128 126 387 512 679 700 774 775 938 
24 87 412 98 427 101 795 119 903 952 
28 122 123 128 634 730 823 901 918 945 
122 122 128 371 635 700 702 729 750 924 
122 227 128 263 333 342 405 421 621 741 
53 23 112 138 221 267 338 710 714 830 
104 122 128 594 655 657 670 693 957 986 
122 130 128 290 388 449 540 707 770 875 
28 100 460 123 634 127 804 855 954 986 
32 62 472 557 596 609 864 889 892 925 
62 162 220 394 470 584 640 659 681 925 
74 24 347 87 476 98 101 119 836 927 
122 113 128 408 463 645 668 745 855 978 
28 128 100 123 440 127 735 750 886 923 
52 122 128 390 422 533 626 674 716 814 
106 122 344 128 549 616 626 737 800 915 
62 368 411 437 467 688 761 853 857 878 
122 205 128 274 307 604 622 889 890 934 
40 122 128 450 587 751 777 852 893 958 
210 122 386 128 580 702 709 740 742 985 
2 62 272 364 379 480 577 846 916 984 
117 274 290 380 543 624 677 825 932 966 
75 28 100 630 123 127 781 790 860 984 
62 24 28 35 172 730 739 850 865 919 
24 190 87 98 101 119 814 828 891 932 
71 122 128 160 194 235 431 493 611 830 
302 122 323 128 542 577 661 670 706 859 
117 160 197 206 340 373 485 673 860 869 
125 126 197 404 479 574 644 732 773 983 
125 126 122 168 298 536 736 842 946 960 
122 24 148 87 98 101 119 533 892 916 
23 112 202 222 247 398 759 891 907 970 
122 165 128 305 412 784 818 861 946 980 
215 350 520 531 573 701 705 808 903 920 
24 87 356 98 101 119 619 675 838 852 
122 128 128 672 741 765 792 816 876 952 
106 395 401 416 523 537 641 685 708 985 
96 122 337 128 651 747 806 877 913 978 
95 183 206 294 416 721 729 792 877 942 
7 122 128 238 345 378 516 963 974 980 
21 24 87 98 101 119 692 850 853 879 
24 87 164 98 101 119 674 704 757 986 
70 122 128 474 530 647 703 855 907 990 
122 128 187 206 276 642 666 672 825 982 
62 128 193 209 493 615 715 747 818 968 
122 178 128 223 426 463 498 580 699 880 
51 122 143 128 218 292 469 491 835 983 
8 24 215 87 300 98 101 119 606 645 
142 317 491 582 663 739 821 871 886 999 
122 287 128 438 470 612 675 680 818 849 
40 125 180 126 605 823 838 904 977 1000 
117 122 128 357 472 598 609 630 753 977 
28 217 100 472 123 127 879 912 946 954 
122 83 128 190 535 604 755 810 954 969 
261 309 383 411 570 601 650 772 810 922 
122 128 115 117 129 205 308 535 644 871 
21 94 132 133 145 183 315 333 392 567 
191 233 302 347 412 445 637 673 811 920 
49 122 400 128 409 446 515 610 633 807 
62 60 69 182 200 234 344 645 742 886 
27 122 186 128 250 283 725 735 795 963 
122 232 308 475 773 780 855 911 934 973 
122 128 319 322 376 505 608 874 880 911 
28 122 123 128 321 441 470 851 875 947 
68 64 97 99 137 108 553 117 124 853 
10 122 128 252 403 504 535 871 911 919 
3 122 78 128 263 404 526 566 710 747 
23 112 458 471 530 627 710 717 856 863 
5 122 93 128 196 270 293 316 402 468 
180 241 329 488 562 625 652 693 918 972 
7 24 99 87 98 691 101 119 845 879 
36 62 228 252 326 381 427 726 758 866 
122 128 177 227 243 364 424 808 875 908 
122 196 128 356 446 514 653 695 751 963 
122 320 128 439 481 513 556 665 890 931 
24 87 98 318 101 443 119 816 925 943 
122 128 314 359 572 609 650 716 868 988 
25 122 235 128 316 331 504 656 951 996 
131 156 190 360 367 557 652 658 673 805 
127 280 465 476 488 720 836 898 967 988 
20 24 87 165 98 101 119 801 816 896 
111 24 87 98 661 101 892 119 923 928 
193 493 548 589 607 737 812 841 887 978 
160 62 297 335 353 408 451 774 926 991 
24 261 87 98 437 101 719 119 733 907 
130 237 324 361 624 687 688 708 752 936 
77 92 125 183 330 452 499 654 661 685 
62 72 93 146 154 225 338 681 969 998 
24 188 87 301 98 101 760 119 931 940 
122 62 362 422 529 607 659 765 928 955 
70 62 263 630 631 774 810 868 877 937 
122 128 523 649 676 751 818 828 858 895 
122 128 123 127 434 501 687 710 891 989 
29 24 87 98 101 585 119 745 756 861 
207 28 331 100 468 123 127 871 914 928 
24 323 87 98 509 101 119 762 807 920 
290 122 347 128 495 531 676 807 856 930 
122 128 189 254 517 594 642 729 942 948 
28 100 123 182 127 456 622 673 763 979 
94 122 286 128 585 599 641 711 712 772 
122 128 495 512 541 668 720 795 879 949 
282 122 576 128 674 736 745 772 893 918 
122 186 128 325 335 402 427 488 613 712 
122 122 273 128 572 675 683 720 881 900 
122 128 231 397 463 507 668 798 835 996 
158 122 175 128 444 596 800 808 831 886 
122 24 87 98 101 119 576 713 863 910 
29 137 184 219 314 369 473 590 683 760 
131 122 229 128 264 615 767 788 873 875 
62 218 257 378 386 618 689 690 719 975 
122 319 128 420 652 788 801 852 898 963 
179 122 128 475 502 530 616 694 906 981 
4 62 67 179 194 302 403 417 651 708 
38 122 128 666 677 738 821 872 877 912 
32 91 297 386 464 478 494 615 828 872 
50 24 87 98 397 101 669 119 818 840 
122 387 128 587 657 666 791 904 953 978 
122 244 128 508 559 596 621 667 870 914 
93 379 401 509 582 636 674 764 935 991 
95 248 336 470 485 746 810 864 918 960 
122 128 397 469 484 556 833 883 967 997 
62 459 590 655 689 712 722 740 805 949 
52 250 251 301 339 413 534 547 663 949 
24 87 232 98 411 101 119 754 913 940 
1 122 128 406 449 525 611 618 690 972 
122 128 435 448 451 467 592 606 726 933 
158 199 517 520 630 747 897 924 933 980 
122 128 197 321 322 478 710 727 905 996 
23 24 136 87 329 98 101 119 638 686 
185 24 395 87 98 101 576 119 715 833 
179 122 312 128 360 710 870 908 977 1000 
80 28 391 100 523 123 127 721 777 965 
24 87 98 133 101 119 626 697 811 883 
62 159 295 372 424 498 628 817 919 925 
59 122 137 128 161 363 419 649 791 942 
40 125 126 279 461 502 682 747 896 988 
39 215 232 240 329 437 454 571 592 643 
122 128 171 533 618 628 804 889 910 995 
24 119 87 98 101 343 119 491 919 987 
171 122 128 401 475 525 779 871 899 951 
265 333 379 486 598 603 680 785 799 816 
107 122 128 323 528 619 713 782 884 931 
122 174 128 271 382 401 452 685 869 934 
103 122 291 128 544 580 612 743 891 914 
24 136 87 280 98 101 514 119 844 967 
28 315 100 455 123 127 698 707 930 959 
24 87 98 101 296 119 524 557 722 848 
61 63 76 190 207 361 411 739 756 1000 
17 122 128 120 133 166 544 699 938 974 
122 128 250 304 333 735 743 819 937 974 
24 87 98 324 101 623 119 852 866 940 
28 24 123 87 401 98 101 119 648 762 
19 122 176 128 328 405 420 469 588 857 
125 126 62 211 308 381 658 929 940 980 
72 125 142 126 572 645 738 883 921 958 
229 122 447 128 467 480 535 607 706 838 
5 97 256 266 296 382 726 733 836 971 
14 122 128 119 423 462 471 671 727 940 
167 202 211 448 472 599 676 768 912 995 
15 101 245 304 436 483 626 671 749 841 
57 122 128 593 718 736 751 878 936 1000 
122 128 171 327 353 568 598 874 896 977 
24 94 87 98 445 101 119 807 938 953 
53 24 87 98 625 101 119 824 841 905 
184 286 287 395 435 552 585 646 773 810 
122 128 153 454 691 892 921 932 953 977 
247 122 128 637 649 795 889 912 934 998 
226 125 329 126 420 754 785 830 837 996 
125 42 126 78 89 259 338 381 622 845 
204 24 268 87 98 571 101 119 766 926 
122 128 307 370 498 609 825 860 935 940 
30 62 589 630 675 699 715 840 851 921 
125 126 311 319 330 349 688 760 773 983 
284 393 492 571 596 619 634 655 821 912 
28 199 100 123 469 127 571 625 661 979 
122 128 100 545 685 730 736 761 851 893 
351 433 563 579 698 734 779 815 836 943 
24 128 87 711 98 761 101 119 959 965 
24 79 203 267 384 537 551 568 735 999 
62 92 195 550 579 581 744 773 794 915 
122 281 128 466 597 622 679 703 867 910 
122 201 128 298 348 398 478 734 791 857 
122 228 128 325 362 497 517 769 782 906 
122 128 104 203 243 327 368 696 786 839 
54 70 128 138 271 329 526 672 744 926 
24 87 98 101 119 580 668 807 889 982 
148 199 272 358 423 508 679 907 910 921 
87 24 87 98 101 806 119 906 937 967 
94 122 357 128 494 577 648 666 748 884 
70 24 87 212 98 299 101 119 647 669 
122 128 123 127 364 603 675 764 806 975 
24 87 98 416 101 119 678 770 853 949 
58 62 319 328 467 608 750 754 845 861 
187 62 335 556 617 666 784 812 908 960 
11 28 138 100 123 127 712 740 887 900 
68 122 128 251 253 375 668 809 850 882 
33 243 406 509 522 768 845 855 872 945 
28 122 117 128 388 527 588 793 866 934 
62 312 355 535 553 675 687 796 865 895 
55 69 257 328 373 384 424 691 902 932 
24 156 87 211 98 101 583 119 984 992 
122 136 128 487 537 687 726 750 766 910 
3 122 128 368 431 478 494 553 616 846 
7 122 128 230 506 513 533 700 820 884 
92 122 128 364 491 526 563 755 895 966 
134 143 295 314 459 630 637 660 703 797 
6 122 128 260 384 448 501 772 951 998 
35 122 128 140 364 536 572 581 629 731 
8 24 230 87 98 101 119 713 766 996 
17 122 128 381 527 661 706 712 895 993 
122 128 149 219 516 634 690 790 868 885 
138 122 364 128 450 580 659 759 773 902 
122 122 153 128 215 563 658 716 735 806 
134 122 128 488 496 512 519 584 835 957 
17 122 71 128 294 687 692 856 863 927 
25 24 119 87 326 98 101 119 889 992 
257 346 553 645 669 780 818 887 918 936 
24 87 263 98 376 101 119 721 756 870 
125 28 345 100 512 123 127 867 902 977 
122 128 446 520 558 567 641 679 770 937 
18 122 221 128 255 581 586 672 783 907 
419 515 642 866 900 901 930 966 990 995 
62 406 598 718 789 815 864 955 970 1000 
25 132 237 329 422 497 558 670 702 975 
122 128 246 302 332 422 825 852 867 983 
20 133 177 301 311 695 746 850 932 941 
122 128 225 251 300 356 406 616 670 735 
39 122 460 128 699 746 758 834 907 1000 
34 62 208 367 377 432 519 769 788 814 
156 24 87 531 98 101 119 717 746 781 
5 26 75 223 293 408 694 757 968 977 
122 128 140 398 414 538 578 694 786 887 
86 91 345 365 409 540 595 696 829 994 
24 87 282 98 101 538 119 731 774 962 
122 128 63 199 203 372 436 717 850 960 
21 62 95 201 547 572 602 665 888 894 
57 166 195 398 484 518 598 625 724 997 
102 122 128 270 341 511 594 625 716 738 
122 62 180 269 329 352 457 559 600 851 
122 128 143 282 283 326 372 407 486 982 
65 122 212 128 473 571 604 626 731 860 
96 122 128 338 348 373 470 489 716 852 
122 128 222 305 376 446 554 599 666 903 
109 24 310 87 98 101 119 726 826 873 
34 122 217 128 340 443 547 666 736 974 
37 122 296 128 476 570 599 686 792 916 
131 174 262 408 499 608 734 830 838 999 
203 287 428 548 614 639 658 743 809 866 
122 204 128 449 557 625 732 822 842 907 
85 62 253 255 302 500 520 527 717 825 
122 87 128 101 119 715 737 820 966 976 
94 125 219 126 304 650 703 727 883 892 
13 122 181 128 529 569 637 827 929 930 
24 87 303 98 488 101 696 119 913 962 
46 58 70 147 220 227 629 643 718 958 
10 100 110 329 397 464 662 765 826 926 
113 122 128 399 564 676 692 703 783 833 
122 122 336 128 588 594 667 822 874 914 
50 122 128 214 385 612 626 676 745 783 
17 71 110 233 394 463 505 637 708 971 
28 122 123 128 587 667 744 817 850 853 
122 100 128 127 598 613 701 716 730 733 
230 274 374 469 602 613 694 722 794 890 
122 87 128 203 317 403 757 789 848 880 
1 193 298 343 395 408 538 753 770 872 
306 62 559 574 617 696 710 712 755 860 
122 366 128 521 594 736 760 791 820 997 
89 24 87 98 101 379 119 517 778 856 
28 100 123 127 337 772 880 881 958 962 
127 129 137 170 236 394 531 558 705 908 
122 128 256 333 412 676 726 750 926 936 
122 128 225 288 392 621 737 750 781 862 
24 43 227 265 451 713 867 877 949 955 
122 74 128 453 527 601 635 721 847 868 
122 128 311 530 584 731 759 862 945 982 
28 28 123 100 602 123 127 655 753 917 
239 412 473 609 733 747 808 870 916 951 
24 151 87 397 98 505 101 119 580 670 
122 202 128 283 325 407 425 505 543 837 
62 128 319 350 387 424 495 531 611 768 
52 28 100 215 123 127 450 559 732 961 
122 437 128 472 519 530 623 802 854 890 
122 128 395 415 516 557 569 887 978 990 
66 23 261 112 507 731 896 898 934 998 
35 122 128 404 444 448 526 643 648 980 
122 128 206 287 460 584 739 795 885 911 
35 122 128 424 431 455 524 584 675 919 
40 74 76 267 278 441 664 679 733 881 
135 206 216 367 468 699 715 851 949 966 
4 122 484 128 638 662 689 723 871 978 
4 122 250 128 373 398 526 735 863 891 
27 245 253 377 453 545 557 612 757 953 
122 128 305 412 481 491 659 755 758 837 
122 540 128 674 676 693 703 847 863 876 
113 122 128 390 681 799 938 941 945 977 
62 122 155 128 259 661 796 817 923 950 
122 122 128 172 226 313 536 564 878 893 
122 122 128 341 365 398 478 708 738 903 
28 100 100 127 123 738 127 911 979 996 
10 62 105 191 544 554 593 662 891 960 
115 196 216 301 466 530 673 694 729 940 
24 237 87 98 584 101 119 619 711 744 
18 293 296 523 537 681 709 824 856 961 
2 24 117 184 262 313 372 470 588 805 
62 107 228 416 442 528 584 656 661 760 
203 24 376 87 98 468 101 119 960 1000 
128 62 313 434 489 602 743 754 819 951 
22 122 128 234 366 440 505 760 778 998 
122 80 128 228 236 581 613 703 806 922 
24 146 87 98 101 119 729 815 820 841 
122 464 128 660 687 842 858 967 987 997 
32 24 174 87 225 98 101 119 551 717 
15 122 128 273 324 538 584 673 712 904 
29 122 164 128 573 592 611 652 778 873 
108 122 134 128 299 628 757 836 898 988 
173 205 316 326 467 471 601 602 842 867 
23 112 385 525 572 595 630 663 693 861 
23 156 112 320 350 497 560 677 727 770 
13 24 68 87 305 98 101 119 891 903 
122 24 87 98 357 101 561 119 866 902 
37 122 128 256 328 352 611 616 627 780 
122 198 128 394 450 569 625 654 700 884 
79 140 219 283 724 726 755 760 771 868 
75 122 142 128 485 556 562 635 725 779 
24 87 98 156 101 454 119 568 648 887 
69 341 579 646 665 789 912 914 935 936 
21 143 167 331 405 464 621 674 692 866 
4 55 60 210 368 526 632 645 820 860 
122 100 128 127 342 394 395 728 740 921 
20 122 128 408 421 466 484 510 870 963 
209 24 270 87 98 833 101 119 900 906 
6 23 99 112 290 390 462 817 894 987 
122 128 365 429 525 603 607 684 816 937 
21 157 212 279 560 693 793 823 888 971 
18 62 114 339 356 389 521 594 912 941 
122 95 128 226 254 357 748 849 896 993 
122 85 128 312 393 804 842 868 922 998 
122 128 212 264 353 437 438 483 718 907 
24 315 87 483 98 511 101 119 810 901 
58 122 128 335 451 492 534 610 845 893 
345 398 409 462 686 761 772 840 921 936 
62 163 185 219 221 321 400 489 870 975 
186 122 664 128 737 790 811 865 866 950 
205 122 128 420 434 449 475 571 748 992 
122 86 128 378 398 584 697 776 833 884 
171 176 312 335 342 528 549 621 655 938 
72 327 407 475 571 612 649 742 796 891 
70 202 526 537 685 770 895 901 908 929 
24 126 87 98 101 119 755 806 885 967 
106 122 128 388 478 490 510 616 722 806 
62 69 309 484 510 578 584 632 870 952 
121 122 128 599 623 647 753 761 854 952 
24 87 98 101 119 503 520 764 883 957 
11 62 169 209 221 640 747 856 958 985 
122 121 128 405 606 662 835 943 949 966 
36 122 95 128 325 366 447 550 709 882 
62 350 456 498 521 701 705 777 785 843 
122 128 172 231 289 309 359 504 806 844 
10 18 85 158 501 656 664 833 898 951 
116 142 308 330 477 479 647 668 670 859 
30 122 128 261 340 461 556 587 663 706 
122 243 128 443 547 706 748 768 782 893 
85 24 387 87 570 98 101 119 841 883 
179 122 471 128 674 679 700 731 935 981 
24 87 98 101 119 421 606 701 860 926 
54 24 331 87 376 98 101 119 752 936 
96 62 483 516 581 614 658 750 753 900 
197 122 448 128 517 608 694 727 746 988 
20 246 318 398 522 595 691 717 835 884 
93 24 185 87 215 98 101 119 868 932 
122 128 128 255 285 329 339 526 547 549 
62 103 346 362 390 449 651 669 675 822 
24 126 87 98 101 278 119 769 852 853 
24 96 87 267 98 379 101 119 636 662 
8 62 207 313 570 695 750 797 874 922 
97 191 217 323 396 627 661 777 885 928 
122 128 410 449 471 482 621 636 866 991 
24 87 98 101 713 119 808 822 847 848 
122 128 573 619 650 705 776 849 927 942 
36 28 259 100 504 123 127 736 807 969 
52 62 97 180 238 495 572 587 708 747 
49 122 128 410 490 657 732 809 819 852 
67 122 253 128 682 709 720 816 888 904 
