91 113 113 127 124 127 610 705 771 898 
28 69 69 128 123 128 750 846 850 941 
91 113 113 127 124 219 127 237 725 820 
91 113 124 127 763 923 939 944 949 981 
91 91 124 113 124 127 764 773 904 906 
28 91 123 113 124 463 127 702 783 833 
91 113 124 124 127 368 538 581 650 831 
28 35 46 47 90 594 695 736 795 920 
91 91 113 124 127 638 658 836 910 954 
28 91 113 124 631 127 675 790 808 885 
91 69 113 128 124 633 127 787 805 977 
28 91 123 113 338 124 127 827 961 971 
91 91 113 124 437 127 505 693 981 993 
28 69 123 127 128 597 607 725 859 922 
91 28 124 69 123 280 128 627 965 988 
28 113 69 123 296 128 515 553 700 984 
28 69 123 123 128 317 388 576 579 975 
28 69 123 128 439 584 735 736 764 798 
91 113 123 124 614 127 798 805 889 928 
86 113 126 127 276 321 368 406 787 910 
91 113 113 127 124 376 127 449 657 826 
91 91 113 124 349 127 657 712 717 912 
91 113 113 124 127 518 526 562 820 832 
91 69 113 124 127 673 738 746 960 985 
91 69 113 124 127 657 754 792 953 978 
28 69 123 128 412 432 529 762 824 950 
91 69 113 124 306 127 690 718 906 934 
91 91 113 124 674 127 698 771 970 983 
28 91 123 113 124 127 437 447 769 918 
91 91 124 113 124 127 771 814 889 937 
28 69 123 128 303 324 538 588 865 956 
28 91 123 113 124 289 127 651 776 934 
91 113 124 127 127 719 737 780 807 909 
86 113 126 127 539 553 565 600 756 801 
28 91 123 113 636 124 127 912 956 989 
91 113 124 128 127 628 658 661 767 877 
28 69 69 123 539 128 768 829 861 979 
91 28 69 127 123 533 128 781 813 822 
28 69 69 128 123 641 128 852 866 883 
91 28 69 123 128 382 464 722 843 916 
91 113 113 127 124 446 127 603 785 835 
86 126 124 127 723 752 760 826 914 971 
91 113 113 124 127 587 602 614 716 930 
28 91 123 113 124 127 839 854 865 893 
28 28 123 69 123 829 128 888 902 999 
91 28 69 123 434 128 745 825 874 876 
91 91 124 113 430 124 127 689 866 950 
28 28 69 123 128 361 367 588 622 764 
91 91 113 124 407 127 697 715 889 929 
28 91 123 113 124 127 514 583 670 996 
86 69 126 128 375 450 553 618 654 862 
91 28 124 69 425 123 128 731 782 948 
91 91 124 113 124 127 366 453 496 850 
35 46 47 90 417 425 543 804 854 983 
28 28 69 128 123 511 128 832 880 954 
28 69 123 128 595 767 783 828 862 883 
86 69 126 128 137 203 633 767 858 871 
91 91 113 124 127 578 588 834 873 933 
91 91 113 124 755 127 811 849 858 968 
28 69 123 123 373 128 614 627 656 805 
28 28 69 123 509 128 625 663 807 936 
28 91 113 128 124 127 616 746 747 967 
28 69 123 128 128 616 649 823 835 904 
28 69 123 128 128 380 436 632 817 889 
28 69 124 123 128 383 461 665 776 897 
91 91 113 127 124 127 753 790 877 977 
35 69 46 128 47 470 90 627 904 985 
28 91 123 113 300 124 127 583 701 798 
91 69 113 124 371 127 592 849 967 980 
28 28 123 69 123 399 128 851 894 958 
28 91 113 128 124 545 127 927 946 993 
28 69 69 123 128 483 786 813 899 1000 
91 113 123 124 454 127 767 848 934 966 
91 69 113 124 127 553 574 580 823 992 
28 69 69 123 128 658 766 971 984 986 
28 69 123 128 533 559 641 699 848 965 
28 69 123 127 128 725 958 960 965 973 
91 113 124 127 127 487 673 776 811 947 
91 113 113 127 124 127 814 854 942 977 
91 113 113 124 127 852 874 928 938 1000 
91 113 124 124 243 127 279 353 665 893 
91 113 124 127 460 681 737 866 921 966 
28 91 123 113 443 124 127 681 847 955 
91 91 124 113 346 124 127 462 591 701 
28 91 113 124 127 828 877 909 964 977 
28 69 124 123 586 128 628 636 830 914 
28 69 124 123 189 128 348 414 570 835 
28 69 124 123 403 128 491 499 867 954 
28 69 69 123 128 567 596 644 731 944 
28 91 123 113 124 127 696 815 902 909 
91 69 113 124 127 659 777 821 900 977 
28 69 69 123 685 128 732 923 947 996 
28 28 69 123 594 128 685 689 855 909 
91 91 124 113 124 127 856 863 960 993 
28 91 123 113 190 124 127 400 579 975 
28 69 69 123 444 128 610 650 727 864 
91 91 124 113 410 124 127 578 639 998 
28 28 123 69 217 123 128 636 692 932 
91 69 113 128 124 127 553 627 864 897 
28 91 123 113 344 124 127 584 832 899 
35 113 46 127 47 90 495 639 761 993 
91 113 124 124 127 652 731 745 846 954 
91 113 124 127 494 510 574 807 872 988 
91 91 124 113 462 124 127 784 896 958 
91 113 124 127 127 536 558 569 579 1000 
91 91 113 124 127 550 557 677 687 835 
91 113 124 124 410 127 479 534 570 989 
91 113 124 124 714 127 739 797 849 991 
91 91 124 113 256 124 127 391 721 845 
91 91 113 124 127 609 677 845 862 900 
86 113 126 127 531 616 695 846 927 943 
91 91 124 113 295 124 127 682 799 989 
91 91 124 113 124 127 658 836 935 951 
91 113 124 127 127 361 728 771 861 942 
91 91 113 124 302 127 566 708 860 930 
91 113 113 124 127 442 534 591 645 963 
91 91 113 124 127 371 535 885 915 926 
91 91 124 113 124 127 700 774 775 938 
91 113 124 124 127 700 795 806 903 952 
91 113 124 127 634 730 823 901 918 945 
91 86 124 126 635 700 702 729 750 924 
91 113 113 127 124 127 405 421 621 741 
91 91 124 113 221 124 127 710 714 830 
91 113 124 124 127 657 670 693 957 986 
91 91 124 113 388 124 127 707 770 875 
91 113 124 127 634 791 804 855 954 986 
91 113 113 124 596 127 864 889 892 925 
91 91 124 113 470 124 127 659 681 925 
35 46 124 47 476 90 809 822 836 927 
91 91 124 113 124 645 127 745 855 978 
91 113 113 127 124 705 127 750 886 923 
91 113 113 127 124 127 626 674 716 814 
91 113 113 124 549 127 626 737 800 915 
91 91 113 124 127 688 761 853 857 878 
91 113 47 124 307 127 622 889 890 934 
91 86 124 126 587 751 777 852 893 958 
86 126 124 127 580 702 709 740 742 985 
91 91 113 124 379 127 577 846 916 984 
91 113 124 124 127 624 677 825 932 966 
91 113 124 124 127 759 781 790 860 984 
91 91 124 113 124 127 739 850 865 919 
91 113 113 127 124 127 814 828 891 932 
91 113 124 124 194 127 431 493 611 830 
91 113 124 124 542 127 661 670 706 859 
91 113 124 124 127 373 485 673 860 869 
91 91 124 113 479 124 127 732 773 983 
91 91 113 124 298 127 736 842 946 960 
91 113 113 127 124 340 127 533 892 916 
91 91 113 127 124 398 127 891 907 970 
91 113 113 127 124 127 818 861 946 980 
91 91 113 124 573 127 705 808 903 920 
91 91 113 124 127 513 619 675 838 852 
91 113 124 124 741 127 792 816 876 952 
91 91 113 124 127 537 641 685 708 985 
91 91 124 113 651 124 127 877 913 978 
91 113 124 124 127 721 729 792 877 942 
86 113 126 127 345 378 516 963 974 980 
91 91 113 124 124 127 692 850 853 879 
91 113 124 127 127 642 674 704 757 986 
91 91 124 113 124 127 703 855 907 990 
91 91 113 127 124 642 127 672 825 982 
91 86 126 127 493 615 715 747 818 968 
35 46 124 47 90 463 498 580 699 880 
91 91 113 127 124 127 469 491 835 983 
86 113 126 127 300 356 436 519 606 645 
91 91 113 124 663 127 821 871 886 999 
91 86 126 127 470 612 675 680 818 849 
91 91 113 127 124 823 127 904 977 1000 
91 91 113 127 124 598 127 630 753 977 
91 91 124 113 124 127 879 912 946 954 
91 91 113 124 535 127 755 810 954 969 
91 91 113 124 570 127 650 772 810 922 
91 113 124 124 127 205 308 535 644 871 
91 91 124 113 124 127 315 333 392 567 
91 35 46 127 47 90 637 673 811 920 
91 113 124 127 127 446 515 610 633 807 
91 113 124 124 127 234 344 645 742 886 
91 113 124 127 250 283 725 735 795 963 
86 91 113 127 124 127 855 911 934 973 
91 113 124 127 376 505 608 874 880 911 
91 113 124 124 321 127 470 851 875 947 
91 113 124 127 137 352 553 607 645 853 
91 113 113 127 124 127 535 871 911 919 
91 91 113 124 127 404 526 566 710 747 
91 91 124 113 530 124 127 717 856 863 
91 113 113 127 124 127 293 316 402 468 
91 86 126 127 562 625 652 693 918 972 
91 113 113 124 127 691 789 810 845 879 
91 91 124 113 326 124 127 726 758 866 
91 91 124 113 243 124 127 808 875 908 
86 113 126 127 446 514 653 695 751 963 
91 91 124 113 124 513 127 665 890 931 
91 91 124 113 436 124 127 816 925 943 
91 91 124 113 124 609 127 716 868 988 
91 91 124 113 124 127 504 656 951 996 
91 91 113 127 124 127 652 658 673 805 
91 113 113 124 127 720 836 898 967 988 
91 91 113 124 127 578 740 801 816 896 
91 113 113 127 124 809 127 919 923 928 
91 91 113 124 607 127 812 841 887 978 
86 125 47 90 353 408 451 774 926 991 
86 126 126 394 437 575 719 726 733 907 
130 237 324 361 624 687 688 708 752 936 
35 86 47 126 330 452 499 654 661 685 
35 86 126 146 154 225 338 681 969 998 
35 35 46 90 47 90 760 766 931 940 
86 126 100 90 529 607 659 765 928 955 
70 86 263 126 631 774 810 868 877 937 
86 126 126 649 676 751 818 828 858 895 
86 196 126 368 434 501 687 710 891 989 
35 46 113 47 396 90 661 745 756 861 
86 227 126 407 468 619 738 871 914 928 
1 86 100 126 509 633 714 762 807 920 
86 46 126 90 495 531 676 807 856 930 
101 86 189 126 517 594 642 729 942 948 
86 83 126 182 349 456 622 673 763 979 
86 126 47 90 585 599 641 711 712 772 
86 1 62 90 100 668 720 795 879 949 
35 86 126 90 674 736 745 772 893 918 
34 86 291 126 335 402 427 488 613 712 
86 126 273 357 572 675 683 720 881 900 
1 35 46 397 47 507 90 798 835 996 
86 86 47 126 444 596 800 808 831 886 
92 35 182 46 361 47 90 713 863 910 
86 35 46 47 90 369 473 590 683 760 
86 126 47 90 264 615 767 788 873 875 
86 218 126 378 386 618 689 690 719 975 
35 86 126 90 652 788 801 852 898 963 
86 126 414 475 502 530 616 694 906 981 
86 126 47 90 194 302 403 417 651 708 
38 35 46 666 47 90 821 872 877 912 
32 35 46 47 90 478 494 615 828 872 
86 126 47 90 397 506 669 747 818 840 
35 86 126 90 657 666 791 904 953 978 
86 126 126 90 559 596 621 667 870 914 
35 86 47 126 582 636 674 764 935 991 
35 86 47 126 485 746 810 864 918 960 
86 46 126 90 484 556 833 883 967 997 
1 86 100 126 689 712 722 740 805 949 
86 86 126 90 339 413 534 547 663 949 
86 126 100 257 411 499 679 754 913 940 
86 126 281 406 449 525 611 618 690 972 
86 86 126 448 451 467 592 606 726 933 
86 126 47 90 630 747 897 924 933 980 
32 126 83 321 322 478 710 727 905 996 
35 86 126 90 329 578 593 623 638 686 
86 126 100 90 497 554 576 656 715 833 
86 35 46 90 47 90 870 908 977 1000 
86 86 126 90 523 595 718 721 777 965 
86 126 47 90 545 621 626 697 811 883 
35 86 126 90 424 498 628 817 919 925 
32 86 47 126 161 363 419 649 791 942 
40 86 143 126 461 502 682 747 896 988 
35 86 47 126 329 437 454 571 592 643 
86 126 171 533 618 628 804 889 910 995 
86 86 137 126 311 343 400 491 919 987 
35 46 396 47 475 90 779 871 899 951 
35 333 46 47 90 603 680 785 799 816 
86 126 47 90 528 619 713 782 884 931 
86 126 47 90 382 401 452 685 869 934 
1 86 126 303 544 580 612 743 891 914 
86 126 126 280 289 439 514 781 844 967 
86 126 346 455 544 614 698 707 930 959 
1 35 100 46 47 90 524 557 722 848 
86 46 126 90 207 361 411 739 756 1000 
86 35 47 46 133 47 90 699 938 974 
86 35 46 90 47 735 90 819 937 974 
86 86 234 126 522 623 650 852 866 940 
19 1 47 62 100 527 564 599 648 762 
1 86 126 198 328 405 420 469 588 857 
35 86 126 90 308 381 658 929 940 980 
86 86 126 90 572 645 738 883 921 958 
86 126 47 90 467 480 535 607 706 838 
35 86 126 90 296 382 726 733 836 971 
86 126 118 119 423 462 471 671 727 940 
86 202 126 448 472 599 676 768 912 995 
86 35 46 47 90 483 626 671 749 841 
86 126 126 90 718 736 751 878 936 1000 
86 86 126 90 353 568 598 874 896 977 
86 86 47 126 445 618 679 807 938 953 
1 86 100 126 625 705 787 824 841 905 
86 46 126 90 435 552 585 646 773 810 
35 86 126 90 691 892 921 932 953 977 
86 126 588 637 649 795 889 912 934 998 
86 126 126 90 420 754 785 830 837 996 
86 126 126 90 89 259 338 381 622 845 
35 237 46 47 90 571 603 737 766 926 
1 86 126 370 498 609 825 860 935 940 
86 174 126 630 675 699 715 840 851 921 
86 126 47 90 330 349 688 760 773 983 
86 86 126 571 596 619 634 655 821 912 
86 126 47 90 469 515 571 625 661 979 
35 126 46 90 47 730 90 761 851 893 
1 1 62 579 100 734 779 815 836 943 
1 86 100 126 724 761 796 871 959 965 
35 46 47 47 384 90 551 568 735 999 
1 62 47 100 579 581 744 773 794 915 
1 86 126 466 597 622 679 703 867 910 
86 86 100 126 348 398 478 734 791 857 
31 62 59 90 362 497 517 769 782 906 
9 22 104 203 243 327 368 696 786 839 
35 46 128 47 271 90 526 672 744 926 
35 53 68 90 542 580 668 807 889 982 
35 199 46 358 47 508 90 907 910 921 
35 105 46 47 704 90 858 906 937 967 
1 35 46 47 90 577 648 666 748 884 
1 94 62 100 219 299 489 507 647 669 
1 35 46 90 47 603 90 764 806 975 
35 46 332 47 90 573 678 770 853 949 
1 62 100 328 467 608 750 754 845 861 
1 249 62 100 617 666 784 812 908 960 
35 46 138 47 237 90 712 740 887 900 
68 32 83 251 253 375 668 809 850 882 
1 62 47 100 522 768 845 855 872 945 
1 35 100 46 388 47 90 793 866 934 
232 312 355 535 553 675 687 796 865 895 
55 35 257 46 47 384 90 691 902 932 
35 71 47 77 115 122 583 888 984 992 
35 62 46 487 47 687 90 750 766 910 
35 46 82 47 90 478 494 553 616 846 
35 123 46 47 90 513 533 700 820 884 
92 35 159 46 47 90 563 755 895 966 
35 46 46 90 47 90 637 660 703 797 
32 83 100 260 384 448 501 772 951 998 
35 35 47 46 47 90 572 581 629 731 
35 46 46 47 90 444 543 713 766 996 
35 46 47 47 90 661 706 712 895 993 
22 35 46 47 90 634 690 790 868 885 
138 231 364 378 450 580 659 759 773 902 
35 62 46 203 47 563 90 716 735 806 
35 62 46 90 47 512 90 584 835 957 
35 46 47 90 294 687 692 856 863 927 
35 46 46 90 47 90 556 743 889 992 
35 46 46 90 47 90 818 887 918 936 
97 1 62 271 100 607 640 721 756 870 
35 326 46 470 47 90 699 867 902 977 
35 46 46 47 558 90 641 679 770 937 
35 46 47 251 90 581 586 672 783 907 
35 35 47 46 47 90 930 966 990 995 
35 35 47 46 789 47 90 955 970 1000 
35 62 46 329 47 90 558 670 702 975 
35 46 47 90 90 422 825 852 867 983 
35 35 47 46 47 695 90 850 932 941 
32 1 47 62 300 100 406 616 670 735 
35 46 47 47 699 90 758 834 907 1000 
32 46 83 90 377 432 519 769 788 814 
35 32 83 90 536 673 703 717 746 781 
35 35 46 47 90 408 694 757 968 977 
35 1 62 90 100 538 578 694 786 887 
35 35 46 90 47 540 90 696 829 994 
35 35 46 90 47 538 90 731 774 962 
1 62 100 199 203 372 436 717 850 960 
35 35 47 46 47 572 90 665 888 894 
1 1 100 62 484 100 598 625 724 997 
102 35 46 270 47 511 90 625 716 738 
13 35 180 46 47 352 90 559 600 851 
35 35 46 90 47 90 372 407 486 982 
1 35 46 47 90 571 604 626 731 860 
96 172 195 338 348 373 470 489 716 852 
152 35 46 305 47 446 90 599 666 903 
109 35 46 47 90 610 620 726 826 873 
1 35 46 47 90 443 547 666 736 974 
35 46 100 47 90 570 599 686 792 916 
131 32 262 83 499 608 734 830 838 999 
35 46 428 47 614 90 658 743 809 866 
35 83 46 47 90 625 732 822 842 907 
85 1 62 100 302 500 520 527 717 825 
35 35 46 90 47 715 90 820 966 976 
35 46 47 90 304 650 703 727 883 892 
13 38 181 316 529 569 637 827 929 930 
99 35 46 323 47 90 696 780 913 962 
35 35 46 47 90 227 629 643 718 958 
35 46 46 47 90 464 662 765 826 926 
35 46 47 399 90 676 692 703 783 833 
122 35 336 46 47 594 90 822 874 914 
35 35 47 46 47 90 626 676 745 783 
17 35 46 233 47 90 505 637 708 971 
35 46 47 242 90 667 744 817 850 853 
281 338 410 589 598 613 701 716 730 733 
1 62 374 100 602 613 694 722 794 890 
35 87 91 203 317 403 757 789 848 880 
35 46 298 47 90 408 538 753 770 872 
306 358 559 574 617 696 710 712 755 860 
35 35 47 46 47 90 760 791 820 997 
35 46 47 90 346 379 447 517 778 856 
35 46 47 90 90 772 880 881 958 962 
32 129 83 170 236 394 531 558 705 908 
32 46 83 90 412 676 726 750 926 936 
1 183 62 288 100 621 737 750 781 862 
24 43 227 265 451 713 867 877 949 955 
35 35 46 47 527 90 635 721 847 868 
73 122 311 530 584 731 759 862 945 982 
180 35 46 47 90 615 624 655 753 917 
35 62 46 47 90 747 808 870 916 951 
32 35 47 46 447 47 90 557 580 670 
35 35 46 90 47 90 425 505 543 837 
35 46 47 47 387 90 495 531 611 768 
52 1 62 215 100 438 450 559 732 961 
227 35 46 472 47 90 623 802 854 890 
158 35 395 46 516 47 90 887 978 990 
1 62 100 427 507 731 896 898 934 998 
35 338 363 404 444 448 526 643 648 980 
1 32 100 83 460 584 739 795 885 911 
35 39 58 424 431 455 524 584 675 919 
1 74 62 267 100 441 664 679 733 881 
1 62 62 100 468 699 715 851 949 966 
4 481 484 615 638 662 689 723 871 978 
1 62 250 100 373 398 526 735 863 891 
1 32 83 377 453 545 557 612 757 953 
56 183 305 412 481 491 659 755 758 837 
430 540 637 674 676 693 703 847 863 876 
113 188 376 390 681 799 938 941 945 977 
62 88 155 210 259 661 796 817 923 950 
7 32 83 172 226 313 536 564 878 893 
1 290 62 100 365 398 478 708 738 903 
1 62 590 100 716 738 806 911 979 996 
10 33 105 191 544 554 593 662 891 960 
115 196 216 301 466 530 673 694 729 940 
1 62 100 427 584 595 602 619 711 744 
18 293 296 523 537 681 709 824 856 961 
1 62 117 100 262 313 372 470 588 805 
41 107 228 416 442 528 584 656 661 760 
203 348 376 410 451 468 735 930 960 1000 
128 1 62 100 489 602 743 754 819 951 
1 62 100 234 366 440 505 760 778 998 
32 80 83 228 236 581 613 703 806 922 
112 1 330 62 100 542 729 815 820 841 
300 464 568 660 687 842 858 967 987 997 
32 51 174 181 225 427 449 472 551 717 
15 36 117 273 324 538 584 673 712 904 
1 32 100 83 573 592 611 652 778 873 
108 115 134 142 299 628 757 836 898 988 
1 62 100 100 467 471 601 602 842 867 
198 251 385 525 572 595 630 663 693 861 
91 156 204 320 350 497 560 677 727 770 
1 62 100 100 305 310 577 627 891 903 
47 1 62 334 100 526 561 599 866 902 
37 62 85 256 328 352 611 616 627 780 
32 83 100 394 450 569 625 654 700 884 
1 140 62 100 724 726 755 760 771 868 
75 56 142 109 485 556 562 635 725 779 
21 114 131 156 451 454 547 568 648 887 
1 341 62 100 665 789 912 914 935 936 
1 62 100 331 405 464 621 674 692 866 
4 55 60 210 368 526 632 645 820 860 
51 65 100 267 342 394 395 728 740 921 
1 62 100 408 421 466 484 510 870 963 
1 223 62 100 387 833 849 891 900 906 
1 62 99 100 290 390 462 817 894 987 
70 159 365 429 525 603 607 684 816 937 
21 157 212 279 560 693 793 823 888 971 
18 91 114 339 356 389 521 594 912 941 
39 95 222 226 254 357 748 849 896 993 
35 85 121 312 393 804 842 868 922 998 
1 62 100 264 353 437 438 483 718 907 
190 315 420 483 490 511 553 726 810 901 
58 64 268 335 451 492 534 610 845 893 
345 398 409 462 686 761 772 840 921 936 
27 163 185 219 221 321 400 489 870 975 
186 343 664 681 737 790 811 865 866 950 
205 1 357 62 434 100 475 571 748 992 
1 62 100 378 398 584 697 776 833 884 
171 1 62 335 100 528 549 621 655 938 
72 327 407 475 571 612 649 742 796 891 
1 1 62 537 100 770 895 901 908 929 
28 126 193 257 318 523 755 806 885 967 
1 62 271 100 478 490 510 616 722 806 
10 1 309 62 100 578 584 632 870 952 
121 156 255 599 623 647 753 761 854 952 
15 1 260 62 483 100 520 764 883 957 
11 13 169 209 221 640 747 856 958 985 
125 121 343 405 606 662 835 943 949 966 
36 70 95 206 325 366 447 550 709 882 
1 350 62 100 521 701 705 777 785 843 
47 1 62 231 100 309 359 504 806 844 
10 18 85 158 501 656 664 833 898 951 
116 142 308 330 477 479 647 668 670 859 
32 83 200 261 340 461 556 587 663 706 
100 1 258 62 547 100 748 768 782 893 
1 62 62 100 570 695 702 704 841 883 
179 367 471 672 674 679 700 731 935 981 
32 26 83 306 342 421 606 701 860 926 
54 62 331 361 376 444 601 665 752 936 
96 132 483 516 581 614 658 750 753 900 
1 62 448 100 517 608 694 727 746 988 
1 62 100 398 522 595 691 717 835 884 
93 145 185 187 215 454 541 825 868 932 
56 1 231 62 100 329 339 526 547 549 
62 103 346 362 390 449 651 669 675 822 
1 126 62 197 100 278 691 769 852 853 
1 71 77 267 115 379 122 626 636 662 
8 203 207 313 570 695 750 797 874 922 
1 191 62 323 100 627 661 777 885 928 
1 62 100 100 471 482 621 636 866 991 
94 1 62 100 713 733 808 822 847 848 
1 400 62 100 650 705 776 849 927 942 
32 83 259 345 504 568 670 736 807 969 
52 1 62 100 238 495 572 587 708 747 
32 31 59 410 490 657 732 809 819 852 
1 1 100 62 100 709 720 816 888 904 
