130 131 132 133 134 135 136 137 138 
130 131 132 133 134 135 136 137 138 
10 5 33 128 44 56 128 179 180 
90 17 118 122 126 164 192 193 194 
90 5 122 33 44 56 128 179 180 
96 81 101 110 128 118 127 128 134 
119 123 122 128 128 147 148 149 150 
98 122 121 128 208 184 185 186 187 
47 81 127 128 141 145 142 143 144 
70 51 81 117 131 127 128 145 146 
98 124 122 127 128 184 185 186 187 
118 70 127 98 105 130 131 132 133 
47 81 126 128 188 189 190 137 191 
90 122 118 122 185 126 192 193 194 
30 38 106 103 159 160 165 161 162 
113 124 125 127 128 145 199 137 200 
70 90 99 107 131 117 127 128 178 
22 96 74 107 118 195 196 197 198 
102 47 81 127 128 188 189 190 191 
30 38 103 124 159 211 160 161 162 
128 113 123 127 128 138 139 140 138 
96 114 107 118 195 153 196 197 198 
96 107 115 118 215 195 196 197 198 
90 119 122 126 128 147 148 149 150 
82 50 82 128 119 125 126 127 128 
96 172 107 174 118 195 196 197 198 
10 70 106 98 105 130 131 132 133 
102 79 121 99 103 123 124 126 128 
41 114 108 115 128 214 215 216 217 
47 110 127 131 128 141 142 143 144 
22 71 74 117 155 128 156 157 158 
90 99 107 117 127 127 128 137 178 
119 122 123 128 135 147 148 149 150 
47 90 99 141 107 117 127 128 178 
9 89 130 91 122 127 128 151 152 
50 48 114 125 125 126 128 153 154 
10 17 115 106 128 163 217 164 165 
90 38 118 108 122 126 192 193 194 
119 172 122 128 147 148 149 150 138 
50 98 119 117 120 124 128 211 212 
50 116 82 119 167 125 126 127 128 
9 110 130 128 131 182 132 133 134 
119 122 128 147 128 148 212 149 150 
82 111 123 126 128 135 136 137 138 
90 118 122 126 192 193 194 137 138 
94 102 102 104 126 128 127 128 218 
51 89 117 91 122 127 128 151 152 
119 47 81 147 128 188 189 190 191 
30 38 126 103 128 159 160 161 162 
96 118 110 123 127 128 181 182 183 
69 172 120 174 126 127 128 201 202 
90 99 125 107 128 117 127 128 178 
51 98 117 120 124 145 128 211 212 
94 102 104 126 109 127 128 137 218 
94 102 104 126 181 127 128 137 218 
51 48 117 114 125 126 128 153 154 
113 98 127 117 120 124 128 211 212 
47 81 125 128 188 189 154 190 191 
118 51 127 81 117 127 128 145 146 
90 99 128 107 185 117 127 128 178 
113 124 125 128 127 128 137 199 200 
119 98 122 147 128 184 185 186 187 
82 69 120 126 127 128 136 201 202 
70 5 33 44 128 56 128 179 180 
96 107 123 118 135 195 196 197 198 
51 96 117 107 118 195 196 197 198 
47 89 128 91 122 127 128 151 152 
94 47 117 127 128 141 142 143 144 
90 99 107 128 117 136 127 128 178 
128 79 99 174 103 123 124 126 128 
82 117 111 123 128 211 135 136 137 
5 81 33 188 44 56 128 179 180 
119 122 128 141 147 143 148 149 150 
89 113 122 124 125 127 128 199 200 
98 51 128 81 117 127 128 145 146 
51 99 81 117 117 127 128 145 146 
1 44 107 125 126 128 170 171 138 
128 47 127 128 141 142 177 143 144 
119 113 128 124 125 127 128 199 200 
47 81 128 188 181 189 190 191 138 
48 99 114 125 126 128 178 153 154 
98 117 121 120 124 209 128 211 212 
25 89 74 91 122 127 128 151 152 
98 71 122 128 156 184 185 186 187 
128 25 35 74 175 117 125 127 213 
47 123 127 128 128 141 142 143 144 
102 90 121 99 107 117 127 128 178 
48 30 38 103 159 153 160 161 162 
5 82 111 56 123 128 135 136 137 
79 99 128 103 123 124 187 126 128 
113 113 123 127 128 128 138 139 140 
48 22 125 71 74 155 156 157 158 
30 119 103 122 128 147 148 149 150 
90 123 99 128 107 117 127 128 178 
79 50 82 123 119 125 126 127 128 
47 127 118 128 141 142 143 144 138 
47 124 81 128 188 189 200 190 191 
90 99 118 123 122 126 192 193 194 
82 98 111 130 123 128 135 136 137 
25 70 98 117 105 130 131 132 133 
96 122 107 147 118 195 196 197 198 
102 112 117 121 127 145 208 209 210 
89 9 122 110 130 131 132 133 134 
1 44 126 107 126 201 128 170 171 
89 91 105 122 131 127 128 151 152 
102 98 121 122 128 184 185 186 187 
89 91 123 122 127 128 151 152 138 
79 99 103 118 123 128 124 126 128 
96 51 81 195 117 127 128 145 146 
70 33 98 105 130 131 132 137 133 
118 44 123 127 128 170 181 182 183 
96 48 110 114 125 126 128 153 154 
22 81 71 127 74 155 156 157 158 
113 107 123 127 196 128 138 139 140 
128 99 172 173 124 174 175 176 177 
98 113 123 124 127 128 138 139 140 
48 71 114 155 125 126 128 153 154 
48 113 124 126 125 127 128 199 200 
94 102 173 104 126 127 128 218 138 
48 111 114 125 135 126 128 153 154 
30 38 107 103 127 159 160 161 162 
69 1 126 44 107 126 128 170 171 
89 102 112 121 128 127 208 209 210 
94 102 104 155 126 157 127 128 218 
82 111 173 123 128 176 135 136 137 
82 113 123 127 128 136 138 139 140 
70 98 105 128 130 182 131 132 133 
9 98 122 131 128 184 185 186 187 
89 41 122 108 115 214 215 216 217 
118 82 111 123 181 128 135 136 137 
89 35 91 122 125 127 128 151 152 
96 51 81 195 117 127 128 145 146 
118 48 114 125 181 126 128 153 154 
9 94 116 117 166 133 167 168 169 
90 90 118 122 126 128 192 193 194 
51 81 118 117 127 197 128 145 146 
98 47 81 128 188 189 187 190 191 
102 90 99 107 117 209 127 128 178 
126 47 127 128 141 142 207 143 144 
96 112 107 127 118 195 196 197 198 
25 50 74 82 119 125 126 127 128 
47 47 81 141 128 188 189 190 191 
96 113 123 127 127 128 138 139 140 
51 110 81 117 132 127 128 145 146 
98 82 128 111 123 128 135 136 137 
113 102 125 112 121 127 208 209 210 
47 81 121 128 188 189 190 137 191 
5 33 125 44 56 153 128 179 180 
90 89 91 122 127 128 194 151 152 
69 113 124 127 125 127 128 199 200 
48 119 122 126 128 147 148 149 150 
98 122 128 184 185 151 186 137 187 
30 118 38 103 159 160 161 137 162 
1 44 44 126 107 126 128 170 171 
5 114 33 44 128 56 128 179 180 
28 5 33 44 109 56 128 179 180 
113 123 127 204 128 138 139 140 138 
94 116 117 131 166 133 167 168 169 
47 119 122 188 128 147 148 149 150 
51 71 81 155 117 127 128 145 146 
126 113 203 124 125 127 128 199 200 
48 114 125 126 128 128 171 153 154 
113 123 107 127 128 170 138 139 140 
119 90 128 118 122 126 192 193 194 
94 98 117 120 124 168 128 211 212 
10 81 17 106 189 128 163 164 165 
89 91 122 131 127 128 134 151 152 
119 122 123 128 147 148 149 137 150 
102 112 118 121 127 197 208 209 210 
69 172 120 126 175 127 128 201 202 
47 81 125 128 128 188 189 190 191 
1 44 173 107 126 176 128 170 171 
119 47 127 147 128 141 142 143 144 
128 172 128 173 174 175 176 137 177 
94 1 44 107 127 126 128 170 171 
96 94 102 104 127 126 127 128 218 
48 114 127 125 181 126 128 153 154 
89 91 110 122 127 127 128 151 152 
82 118 111 126 123 128 135 136 137 
70 82 111 130 123 128 135 136 137 
70 99 98 105 130 131 132 137 133 
50 30 38 103 159 127 160 161 162 
128 10 173 17 106 128 163 164 165 
113 96 107 127 118 195 196 197 198 
94 102 128 104 126 127 128 218 138 
47 120 81 127 128 188 189 190 191 
51 69 117 120 126 127 128 201 202 
113 111 124 125 135 127 128 199 200 
90 96 107 107 118 195 196 197 198 
30 81 38 103 189 159 160 161 162 
119 48 128 114 125 126 128 153 154 
94 113 117 123 127 128 138 139 140 
47 81 103 128 160 188 189 190 191 
113 17 123 127 163 128 138 139 140 
10 17 128 106 128 163 164 165 138 
89 91 122 127 127 145 128 151 152 
10 17 106 124 128 211 163 164 165 
48 114 117 125 128 126 128 153 154 
51 47 81 128 128 188 189 190 191 
47 99 127 117 128 141 142 143 144 
28 30 59 38 103 159 160 161 162 
126 128 126 203 128 204 205 206 207 
10 113 124 125 163 127 128 199 200 
89 101 91 118 122 127 128 151 152 
47 117 127 128 141 211 142 143 144 
10 99 17 106 128 163 164 165 138 
51 81 123 117 127 136 128 145 146 
82 47 127 128 128 141 142 143 144 
70 119 105 122 128 147 148 149 150 
94 120 102 104 128 126 127 128 218 
113 123 130 127 128 138 134 139 140 
1 113 124 126 125 127 128 199 200 
79 118 103 123 127 128 181 182 183 
1 44 120 107 126 128 170 171 138 
82 119 123 122 128 147 148 149 150 
48 82 114 125 126 126 128 153 154 
96 25 118 35 74 117 125 127 213 
90 90 118 126 122 126 192 193 194 
90 47 107 81 128 188 189 190 191 
1 116 44 107 126 128 170 171 138 
90 172 99 107 117 176 127 128 178 
10 17 106 56 128 163 164 165 138 
47 90 128 118 122 126 192 193 194 
51 47 117 81 128 188 189 190 191 
79 98 122 128 184 185 128 186 187 
48 114 128 125 126 128 191 153 154 
90 112 99 107 117 209 127 128 178 
90 98 122 126 128 184 185 186 187 
119 122 122 147 128 147 148 149 150 
51 79 99 127 103 123 124 126 128 
126 94 203 102 104 126 127 128 218 
51 81 121 117 127 209 128 145 146 
90 90 99 126 107 117 127 128 178 
47 128 128 172 173 174 175 176 177 
47 71 81 128 188 189 190 191 138 
5 79 44 99 103 123 124 126 128 
30 113 124 159 125 127 128 199 200 
79 98 103 122 128 184 185 186 187 
25 35 74 204 117 206 125 127 213 
98 122 122 147 128 184 185 186 187 
47 33 127 56 128 141 142 143 144 
79 90 99 123 107 117 127 128 178 
113 82 111 123 128 128 135 136 137 
94 113 123 126 127 128 138 139 140 
79 102 103 112 121 127 208 209 210 
1 90 107 118 122 126 192 193 194 
113 96 107 127 118 195 196 197 198 
94 47 127 126 128 141 142 143 144 
96 51 81 117 127 197 128 145 146 
98 96 128 107 118 195 196 197 198 
41 128 172 214 173 174 175 176 177 
126 70 203 98 105 130 131 132 133 
51 172 81 174 117 127 128 145 146 
70 41 105 108 115 214 215 216 217 
79 107 99 103 196 123 124 126 128 
113 123 127 128 124 138 139 140 138 
79 41 103 108 115 214 215 216 217 
102 122 112 147 121 127 208 209 210 
90 17 118 128 122 126 192 193 194 
113 122 124 125 127 128 199 137 200 
102 90 118 127 122 126 192 193 194 
98 120 117 127 120 124 128 211 212 
102 98 122 127 128 184 185 186 187 
82 118 111 123 192 128 135 136 137 
22 71 44 74 155 156 180 157 158 
70 128 98 105 130 206 131 132 133 
47 114 81 128 188 153 189 190 191 
119 102 112 147 121 127 208 209 210 
98 82 128 111 123 128 135 136 137 
47 81 125 128 128 188 189 190 191 
119 122 127 128 138 147 148 149 150 
118 123 128 127 189 128 181 182 183 
79 126 128 123 203 204 205 206 207 
96 47 127 195 128 141 142 143 144 
98 47 128 127 128 141 142 143 144 
69 47 126 81 128 188 189 190 191 
25 70 74 98 105 130 131 132 133 
118 113 127 124 125 127 128 199 200 
89 44 91 126 122 127 128 151 152 
96 122 101 110 118 149 127 128 134 
41 102 112 214 121 127 208 209 210 
70 98 105 204 130 206 131 132 133 
98 117 120 128 124 128 137 211 212 
119 10 128 17 106 128 163 164 165 
30 38 103 117 159 128 160 161 162 
70 99 98 123 105 130 131 132 133 
96 71 107 118 195 196 158 197 198 
48 51 125 81 117 127 128 145 146 
70 98 127 105 130 182 131 132 133 
48 114 125 126 208 128 210 153 154 
9 102 130 112 121 127 208 209 210 
98 127 122 128 142 184 185 186 187 
9 102 112 131 121 127 208 209 210 
70 47 105 81 128 188 189 190 191 
48 114 125 131 126 133 128 153 154 
96 47 127 195 128 141 142 143 144 
5 33 110 44 56 128 128 179 180 
1 44 107 166 126 168 128 170 171 
79 99 103 123 128 124 154 126 128 
98 117 120 123 124 128 128 211 212 
10 9 106 110 130 131 132 133 134 
119 70 128 98 105 130 131 132 133 
98 122 125 128 184 199 185 186 187 
10 47 106 127 128 141 142 143 144 
90 126 107 128 203 204 205 206 207 
126 96 101 204 110 118 127 128 134 
28 113 124 108 125 127 128 199 200 
5 48 44 114 125 126 128 153 154 
96 51 110 81 117 127 128 145 146 
90 117 118 122 128 126 192 193 194 
5 33 107 44 56 128 179 137 180 
96 51 81 117 127 197 128 145 146 
10 94 102 104 163 126 127 128 218 
90 118 122 195 126 197 192 193 194 
30 123 38 128 103 159 160 161 162 
126 123 128 128 203 204 205 206 207 
10 22 71 128 74 155 156 157 158 
5 113 124 125 128 127 128 199 200 
69 1 44 127 107 126 128 170 171 
90 44 99 126 107 117 127 128 178 
30 107 38 195 103 159 160 161 162 
96 48 114 125 126 197 128 153 154 
47 81 81 127 128 188 189 190 191 
113 118 125 123 127 128 181 182 183 
50 96 107 118 126 195 196 197 198 
96 101 125 110 128 118 127 128 134 
94 25 35 74 167 117 125 127 213 
5 123 33 44 56 182 128 179 180 
90 118 122 123 127 128 181 182 183 
50 81 82 119 128 125 126 127 128 
98 118 120 123 127 128 181 182 183 
41 108 74 115 214 215 216 137 217 
90 90 107 118 122 126 192 193 194 
90 102 112 117 121 127 208 209 210 
119 123 122 128 181 147 148 149 150 
47 123 81 128 181 188 189 190 191 
48 81 114 188 125 126 128 153 154 
98 5 33 124 44 56 128 179 180 
98 122 128 184 208 185 186 187 138 
79 47 127 128 124 141 142 143 144 
25 48 114 117 125 126 128 153 154 
10 79 99 103 123 164 124 126 128 
126 128 103 203 160 204 205 206 207 
1 44 128 107 126 128 144 170 171 
82 22 123 71 74 155 156 157 158 
79 99 107 103 128 123 124 126 128 
96 47 118 81 128 188 189 190 191 
119 90 128 99 107 117 127 128 178 
96 107 118 128 195 196 183 197 198 
5 33 130 44 56 128 134 179 180 
94 102 118 104 196 126 127 128 218 
79 172 99 174 103 123 124 126 128 
90 118 119 122 126 127 192 193 194 
90 111 118 128 122 126 192 193 194 
102 90 121 118 122 126 192 193 194 
48 9 110 126 130 131 132 133 134 
47 127 128 141 141 142 144 143 144 
5 122 33 44 185 56 128 179 180 
113 114 124 126 125 127 128 199 200 
113 47 127 127 128 141 142 143 144 
96 10 17 106 128 128 163 164 165 
90 118 110 122 126 192 134 193 194 
69 47 127 127 128 141 142 143 144 
119 44 122 128 147 170 148 149 150 
113 124 125 127 192 128 194 199 200 
10 51 106 81 117 127 128 145 146 
10 30 38 103 159 164 160 161 162 
47 120 127 128 128 141 142 143 144 
118 96 127 107 118 195 196 197 198 
96 70 98 105 130 197 131 132 133 
118 123 127 124 128 211 181 182 183 
1 44 126 107 128 126 128 170 171 
94 111 102 128 104 126 127 128 218 
30 38 119 103 126 159 160 161 162 
82 116 111 123 167 128 135 136 137 
96 99 107 117 118 195 196 197 198 
22 79 99 103 123 157 124 126 128 
94 71 102 155 104 126 127 128 218 
96 112 107 127 118 195 196 197 198 
102 119 121 122 128 147 148 149 150 
113 123 127 128 126 138 128 139 140 
1 44 121 107 126 128 170 137 171 
96 90 118 122 127 126 192 193 194 
119 122 122 184 128 147 148 149 150 
118 113 123 128 127 128 138 139 140 
96 79 118 99 103 123 124 126 128 
118 123 122 127 192 128 181 182 183 
113 102 127 112 121 127 208 209 210 
79 128 172 123 173 174 175 176 177 
5 119 44 122 128 147 148 149 150 
79 126 103 128 203 204 205 206 207 
22 71 74 155 156 157 180 158 138 
94 113 124 126 125 127 128 199 200 
70 102 112 121 127 208 209 137 210 
30 102 112 159 121 127 208 209 210 
102 110 112 131 121 127 208 209 210 
119 50 82 119 148 125 126 127 128 
118 69 120 128 126 127 128 201 202 
22 17 71 74 155 164 156 157 158 
41 122 108 115 148 214 215 216 217 
10 99 17 106 124 128 163 164 165 
96 112 107 127 118 195 196 197 198 
119 124 122 127 128 147 148 149 150 
70 98 74 105 130 131 132 137 133 
48 102 112 126 121 127 208 209 210 
90 69 120 126 127 128 128 201 202 
89 117 91 124 122 127 128 151 152 
9 47 130 81 128 188 189 190 191 
41 48 114 125 126 128 217 153 154 
30 38 103 128 159 136 160 161 162 
9 82 111 131 123 128 135 136 137 
96 114 101 126 110 118 127 128 134 
1 30 38 103 159 160 161 137 162 
118 25 35 74 181 117 125 127 213 
70 113 123 127 128 138 133 139 140 
96 107 118 195 196 197 198 137 138 
119 35 122 128 147 148 213 149 150 
79 107 99 103 196 123 124 126 128 
51 81 118 117 127 197 128 145 146 
96 1 118 44 107 126 128 170 171 
102 112 128 121 127 190 208 209 210 
102 110 112 121 132 127 208 209 210 
10 82 106 111 123 128 135 136 137 
22 91 71 127 74 155 156 157 158 
128 127 172 173 142 174 175 176 177 
51 81 117 127 131 128 133 145 146 
30 90 103 99 107 117 127 128 178 
94 82 117 111 123 128 135 136 137 
90 1 44 126 107 126 128 170 171 
70 120 98 127 105 130 131 132 133 
128 128 172 174 173 174 175 176 177 
69 94 126 116 117 166 167 168 169 
25 35 119 74 117 125 127 137 213 
51 107 81 195 117 127 128 145 146 
96 82 101 110 126 118 127 128 134 
50 117 82 124 119 125 126 127 128 
82 111 128 123 148 128 135 136 137 
48 98 125 117 120 124 128 211 212 
113 124 107 125 127 170 128 199 200 
113 44 123 127 128 128 138 139 140 
96 127 107 118 142 195 196 197 198 
70 101 98 105 130 131 132 137 133 
47 89 128 91 122 127 128 151 152 
9 79 99 131 103 123 124 126 128 
89 99 91 123 122 127 128 151 152 
89 91 127 122 181 127 128 151 152 
113 48 125 114 125 126 128 153 154 
22 71 74 131 155 156 134 157 158 
9 119 122 131 128 147 148 149 150 
90 120 118 127 122 126 192 193 194 
9 82 130 111 123 128 135 136 137 
30 122 38 184 103 159 160 161 162 
79 127 99 103 142 123 124 126 128 
118 123 203 127 205 128 181 182 183 
9 94 116 117 132 166 167 168 169 
82 102 123 112 121 127 208 209 210 
96 101 110 126 118 128 127 128 134 
90 17 118 122 163 126 192 193 194 
94 91 116 127 117 166 167 168 169 
94 90 117 99 107 117 127 128 178 
1 126 128 203 204 205 171 206 207 
90 99 118 122 127 126 192 193 194 
50 48 119 114 125 126 128 153 154 
79 99 103 127 123 151 124 126 128 
96 107 103 118 195 196 197 137 198 
98 5 33 124 44 56 128 179 180 
128 96 173 107 118 195 196 197 198 
118 123 122 127 128 151 181 182 183 
30 124 38 103 128 159 160 161 162 
90 82 99 107 117 127 128 128 178 
9 114 110 130 131 153 132 133 134 
48 118 114 125 126 128 153 137 154 
98 113 124 125 127 186 128 199 200 
69 94 126 102 104 126 127 128 218 
102 50 121 82 119 125 126 127 128 
30 38 203 103 205 159 160 161 162 
48 114 130 125 126 133 128 153 154 
69 51 81 117 127 128 145 137 146 
1 122 44 147 107 126 128 170 171 
119 102 112 147 121 127 208 209 210 
30 38 74 103 156 159 160 161 162 
30 38 173 103 159 176 160 161 162 
28 25 35 74 117 115 125 127 213 
128 172 130 173 174 175 134 176 177 
9 90 130 118 122 126 192 193 194 
47 113 123 141 127 128 138 139 140 
82 123 111 123 128 135 136 137 137 
79 30 103 38 103 159 160 161 162 
90 99 125 107 128 117 127 128 178 
25 101 35 74 127 117 125 127 213 
94 126 117 128 203 204 205 206 207 
28 25 35 74 109 117 125 127 213 
102 90 121 118 122 126 192 193 194 
119 90 99 147 107 117 127 128 178 
94 117 102 124 104 126 127 128 218 
128 50 82 174 119 125 126 127 128 
98 116 122 166 128 184 185 186 187 
102 112 119 121 126 127 208 209 210 
25 35 119 74 117 125 128 127 213 
113 107 123 127 196 128 138 139 140 
