101 101 117 107 117 126 118 705 771 898 
101 18 28 118 120 122 750 125 126 128 
18 18 120 28 120 122 128 125 126 128 
101 101 107 117 118 126 128 944 949 981 
101 107 107 117 125 118 128 773 904 906 
18 28 28 122 120 126 122 125 126 128 
29 101 92 107 114 117 118 581 650 831 
101 18 28 118 120 126 122 125 126 128 
18 28 120 120 122 126 125 126 128 954 
18 18 28 120 122 126 125 126 128 885 
101 18 117 28 120 122 128 125 126 128 
101 107 120 117 125 118 128 827 961 971 
18 18 120 28 120 122 128 125 126 128 
101 18 117 28 514 120 122 125 126 128 
101 101 117 107 228 117 118 627 965 988 
101 107 107 118 117 354 118 553 700 984 
18 101 120 107 117 126 118 576 579 975 
119 127 117 118 439 584 735 736 764 798 
101 107 117 117 125 118 128 805 889 928 
101 107 117 117 118 321 368 406 787 910 
101 101 117 107 117 118 431 449 657 826 
101 18 117 28 125 120 122 125 126 128 
101 107 107 118 117 118 526 562 820 832 
101 101 117 107 125 117 118 746 960 985 
101 107 107 118 117 126 118 792 953 978 
18 101 120 107 117 126 118 762 824 950 
18 28 117 120 114 122 690 125 126 128 
119 107 127 118 125 126 128 771 970 983 
101 18 117 28 120 122 437 125 126 128 
14 28 82 122 91 126 116 814 889 937 
101 28 107 122 117 126 118 588 865 956 
18 18 120 28 120 126 122 125 126 128 
18 28 117 120 122 719 125 126 807 128 
18 28 117 120 539 122 125 600 126 128 
101 18 117 28 120 122 125 126 956 128 
119 127 120 122 125 126 128 661 767 877 
18 28 117 120 114 122 768 125 126 128 
101 107 107 118 117 118 128 781 813 822 
101 101 107 118 117 641 118 852 866 883 
18 101 120 107 125 117 118 722 843 916 
119 101 107 117 436 118 556 603 785 835 
101 18 28 118 120 122 125 826 126 128 
101 127 107 118 117 118 128 614 716 930 
18 101 107 117 125 118 128 854 865 893 
101 14 117 82 91 126 116 888 902 999 
101 101 107 117 434 118 745 825 874 876 
101 107 120 117 125 118 128 689 866 950 
101 107 107 118 117 118 128 588 622 764 
18 107 28 120 122 125 697 126 889 128 
101 28 107 122 117 118 128 583 670 996 
101 101 117 107 117 450 118 618 654 862 
101 107 117 117 425 118 623 731 782 948 
101 107 107 117 252 118 366 453 496 850 
18 101 120 107 117 126 118 804 854 983 
119 18 28 118 120 122 544 125 126 128 
101 101 117 107 595 117 118 828 862 883 
18 18 120 28 120 122 128 125 126 128 
101 101 117 107 117 126 118 834 873 933 
119 127 117 118 125 126 128 849 858 968 
119 127 120 122 125 126 128 627 656 805 
119 18 28 118 120 122 125 663 126 128 
119 107 127 118 587 601 616 746 747 967 
101 107 117 117 118 126 128 823 835 904 
101 107 107 117 125 118 128 632 817 889 
18 28 120 122 122 126 125 665 126 128 
101 107 107 118 117 118 128 790 877 977 
101 107 107 117 125 118 128 627 904 985 
18 107 28 120 122 125 126 583 128 798 
101 119 127 118 125 126 128 849 967 980 
101 18 117 28 120 122 646 125 126 128 
18 107 28 120 122 125 126 927 128 993 
101 119 127 118 476 483 786 813 899 1000 
101 101 107 118 117 118 128 848 934 966 
18 101 107 122 117 118 128 580 823 992 
18 28 117 120 122 658 125 126 128 986 
119 127 117 118 533 559 641 699 848 965 
101 107 117 117 118 725 958 960 965 973 
101 101 117 107 125 117 118 776 811 947 
101 101 117 107 581 117 118 854 942 977 
101 18 117 28 814 120 122 125 126 128 
101 101 117 107 243 117 118 353 665 893 
101 101 107 118 117 681 118 866 921 966 
101 18 117 28 125 120 122 125 126 128 
101 107 107 118 117 118 128 462 591 701 
18 14 120 82 125 91 116 909 964 977 
101 101 117 107 125 117 118 636 830 914 
101 107 117 118 189 291 348 414 570 835 
18 28 28 122 120 126 122 125 126 128 
18 107 28 120 507 122 596 125 126 128 
18 28 117 120 490 122 125 815 126 128 
18 101 120 107 125 117 118 821 900 977 
119 101 107 118 117 118 732 923 947 996 
18 28 92 120 114 122 128 125 126 128 
101 119 117 127 125 126 128 863 960 993 
18 18 120 28 125 120 122 125 126 128 
18 101 120 107 117 118 128 650 727 864 
101 101 107 118 117 118 128 578 639 998 
101 18 28 118 120 122 125 126 692 128 
18 28 120 122 125 125 126 128 864 897 
101 101 107 118 117 126 118 584 832 899 
101 101 107 117 422 118 495 639 761 993 
18 28 28 122 120 122 125 745 126 128 
119 101 120 107 125 117 118 807 872 988 
101 18 28 120 462 122 125 784 126 128 
101 101 117 107 342 117 118 569 579 1000 
101 101 117 107 117 118 557 677 687 835 
101 107 117 118 125 126 128 534 570 989 
101 107 117 117 125 118 128 797 849 991 
101 101 117 107 117 118 371 391 721 845 
119 101 107 117 125 118 128 845 862 900 
101 107 117 118 118 126 128 846 927 943 
119 127 120 122 125 126 128 682 799 989 
18 107 28 118 120 641 122 125 126 128 
101 107 107 117 118 126 128 771 861 942 
101 101 117 107 117 126 118 708 860 930 
101 101 117 107 117 442 118 591 645 963 
101 107 120 117 118 126 128 885 915 926 
18 28 120 122 512 125 700 126 775 128 
101 107 117 117 118 126 128 806 903 952 
18 107 28 120 122 730 125 126 918 128 
18 28 117 120 125 122 128 125 126 128 
101 107 117 118 118 342 405 421 621 741 
18 101 120 107 125 117 118 710 714 830 
18 119 120 127 125 126 128 693 957 986 
18 101 107 122 117 118 128 707 770 875 
18 101 120 107 125 117 118 855 954 986 
101 107 107 117 125 118 128 889 892 925 
18 18 120 28 120 122 125 126 128 925 
101 18 28 118 120 516 122 125 126 128 
101 107 117 117 125 118 128 745 855 978 
101 107 107 117 440 118 735 750 886 923 
101 29 117 73 422 92 98 114 716 814 
101 18 28 118 120 616 122 125 126 128 
119 101 117 107 467 117 118 853 857 878 
18 18 120 28 120 122 125 126 890 128 
18 107 28 120 122 751 125 126 893 128 
18 101 120 107 117 126 118 740 742 985 
101 101 117 107 117 118 577 846 916 984 
101 107 117 117 125 118 128 825 932 966 
18 28 117 120 698 122 125 126 128 984 
101 107 120 117 118 126 128 850 865 919 
101 101 117 107 125 117 118 828 891 932 
101 107 117 118 194 235 431 493 611 830 
101 18 117 28 120 126 122 125 126 128 
119 101 107 117 118 126 128 673 860 869 
101 107 120 117 125 118 128 732 773 983 
101 3 95 118 298 536 736 842 946 960 
101 101 107 117 125 118 128 533 892 916 
101 18 117 28 120 126 122 125 126 128 
101 107 117 118 125 126 128 861 946 980 
18 18 28 122 120 126 122 125 126 128 
101 101 107 118 117 126 118 675 838 852 
119 18 28 122 120 126 122 125 126 128 
18 18 120 28 125 120 122 125 126 128 
101 107 120 117 118 126 128 877 913 978 
101 28 107 117 118 126 128 792 877 942 
18 107 28 120 345 122 516 125 126 128 
101 18 28 120 122 442 125 126 128 879 
101 18 28 120 425 122 125 126 128 986 
101 14 82 118 91 126 116 855 907 990 
18 107 28 120 276 122 125 126 825 128 
119 127 117 118 125 126 128 747 818 968 
101 107 117 118 125 126 128 580 699 880 
18 107 28 118 120 292 122 125 126 128 
18 28 117 120 122 356 125 126 606 128 
101 18 117 28 125 120 122 125 126 128 
18 101 107 122 117 118 128 680 818 849 
18 107 28 120 125 122 125 126 128 1000 
18 28 120 122 125 126 128 128 753 977 
101 18 117 28 120 122 128 125 126 128 
101 107 107 118 117 118 128 810 954 969 
18 28 120 120 122 126 125 126 810 128 
101 101 107 117 118 205 308 535 644 871 
101 107 117 118 145 183 315 333 392 567 
18 107 28 120 122 445 125 673 126 128 
18 28 28 120 122 126 125 126 128 807 
18 28 28 120 122 125 128 126 128 886 
101 29 117 73 250 92 98 114 795 963 
119 18 28 120 773 122 125 911 126 128 
14 82 91 118 116 505 608 874 880 911 
101 107 117 117 118 441 470 851 875 947 
18 101 120 107 125 117 118 607 645 853 
101 101 107 118 117 504 118 871 911 919 
101 107 107 117 263 118 526 566 710 747 
18 28 28 122 120 126 122 125 126 128 
101 101 117 107 125 117 118 316 402 468 
18 18 120 28 120 126 122 125 126 128 
18 28 120 118 122 691 125 126 845 128 
101 28 107 122 117 118 128 726 758 866 
101 119 127 118 125 126 128 808 875 908 
101 119 127 118 446 514 653 695 751 963 
101 107 107 118 117 118 556 665 890 931 
101 119 117 127 436 443 486 816 925 943 
18 107 28 118 120 126 122 125 126 128 
101 107 107 117 316 118 504 656 951 996 
119 127 117 118 367 557 652 658 673 805 
101 107 117 122 118 126 128 898 967 988 
101 107 117 117 118 578 740 801 816 896 
101 119 117 127 661 809 892 919 923 928 
18 107 28 120 122 125 126 841 128 978 
18 14 82 91 125 116 128 774 926 991 
101 18 28 118 120 575 122 125 126 128 
18 18 28 120 125 122 128 125 126 128 
101 107 117 117 118 452 499 654 661 685 
18 107 28 120 154 122 338 125 126 128 
29 28 73 122 92 126 98 114 931 940 
18 28 120 120 122 125 128 126 928 128 
18 28 120 120 125 122 125 868 126 128 
18 107 28 120 676 122 818 125 126 128 
18 107 28 118 120 501 122 125 126 128 
18 28 120 118 122 125 126 128 756 861 
18 18 28 122 120 126 122 125 126 128 
18 107 28 118 120 122 125 762 126 128 
101 18 28 120 122 125 126 807 128 930 
18 18 28 120 122 125 128 126 128 948 
101 107 107 117 125 118 128 673 763 979 
18 107 28 120 122 599 125 711 126 128 
119 107 127 118 125 126 128 795 879 949 
18 28 117 120 674 122 745 125 126 128 
18 28 120 122 125 125 128 126 128 712 
101 18 117 28 120 126 122 125 126 128 
18 107 28 120 122 125 126 798 128 996 
158 101 175 107 444 117 118 808 831 886 
119 18 117 28 125 120 122 125 126 128 
18 28 28 122 120 126 122 125 126 128 
101 18 28 118 120 615 122 125 126 128 
119 127 120 122 125 126 128 690 719 975 
18 107 28 120 652 122 801 125 126 128 
18 28 117 120 502 122 125 126 128 981 
101 18 117 28 194 120 122 125 126 128 
18 28 120 122 125 126 821 128 877 912 
119 107 127 118 125 126 128 615 828 872 
18 107 28 120 125 122 128 125 126 128 
101 18 28 120 122 125 126 904 128 978 
101 119 117 127 559 596 621 667 870 914 
18 18 28 120 125 122 125 126 128 991 
101 18 28 118 120 122 125 864 126 128 
101 101 107 117 118 556 833 883 967 997 
18 18 120 28 120 122 125 740 126 128 
101 18 117 28 120 122 128 125 126 128 
18 28 28 122 120 122 125 126 913 128 
101 107 117 118 118 525 611 618 690 972 
18 28 117 120 125 122 128 125 126 128 
18 28 28 120 125 122 128 125 126 128 
101 18 117 28 125 120 122 125 126 128 
18 107 28 120 122 578 125 126 128 686 
101 107 120 117 118 126 128 656 715 833 
101 107 117 117 118 710 870 908 977 1000 
119 18 391 28 523 120 122 125 126 128 
18 28 117 120 122 125 126 697 128 883 
18 28 120 120 122 125 128 126 919 128 
119 18 28 141 120 122 419 125 126 128 
18 28 143 120 461 122 682 125 126 128 
119 127 232 240 329 437 454 571 592 643 
18 18 120 28 120 126 122 125 126 128 
18 18 120 28 120 122 125 126 128 987 
18 18 120 28 120 126 122 125 126 128 
119 18 28 120 125 122 128 125 126 128 
119 119 127 323 528 619 713 782 884 931 
18 18 28 120 125 122 125 126 869 128 
18 28 28 120 125 122 125 126 128 914 
18 18 28 122 120 126 122 125 126 128 
119 315 127 455 544 614 698 707 930 959 
18 28 28 120 125 122 125 126 128 848 
18 28 120 122 125 361 126 128 756 1000 
18 127 28 120 120 122 125 126 938 128 
18 28 120 122 125 125 128 126 937 128 
29 18 92 28 114 120 122 125 126 128 
29 18 28 98 120 126 122 125 126 128 
18 28 176 120 328 122 420 125 126 128 
18 119 127 122 125 126 128 929 940 980 
18 28 120 122 122 126 125 883 126 128 
18 18 120 28 120 122 125 607 126 128 
18 18 120 28 120 126 122 125 126 128 
119 18 28 119 120 462 122 125 126 128 
119 119 120 127 125 126 128 768 912 995 
18 18 28 122 120 122 125 671 126 128 
57 119 127 593 718 736 751 878 936 1000 
18 28 120 120 122 126 125 126 128 977 
18 29 120 73 92 126 98 114 938 953 
119 18 28 120 625 122 787 125 126 128 
119 127 287 395 435 552 585 646 773 810 
18 28 120 454 122 892 125 126 953 128 
247 18 28 637 120 122 889 125 126 128 
18 18 120 28 120 126 122 125 126 128 
18 28 28 120 122 125 126 381 128 845 
18 18 28 120 125 122 125 126 128 926 
18 28 120 122 122 126 125 126 935 128 
18 18 120 28 120 122 125 840 126 128 
18 18 28 120 125 122 128 125 126 128 
18 28 28 120 125 122 125 655 126 128 
18 18 120 28 125 120 122 125 126 128 
18 78 28 545 120 122 125 126 128 893 
119 18 120 28 125 120 122 125 126 128 
119 18 28 120 114 122 125 871 126 128 
18 79 28 120 384 122 551 125 126 128 
18 28 120 120 125 122 128 125 126 128 
18 18 120 28 120 122 125 126 128 910 
18 28 120 120 125 122 128 125 126 128 
119 18 28 325 120 122 125 126 782 128 
18 18 28 122 120 126 122 125 126 128 
18 28 120 120 125 122 128 125 126 128 
18 119 120 127 125 126 128 807 889 982 
119 127 127 358 423 508 679 907 910 921 
18 127 28 120 125 122 128 125 126 128 
18 28 120 122 125 126 126 128 748 884 
18 119 127 122 125 126 128 507 647 669 
119 28 127 122 125 126 128 764 806 975 
18 18 120 28 120 122 125 126 128 949 
29 28 73 122 92 98 114 754 845 861 
18 18 28 120 122 125 128 126 908 128 
18 18 28 122 120 126 122 125 126 128 
119 18 28 120 122 375 125 126 850 128 
18 243 28 120 122 125 126 128 872 945 
119 127 120 122 125 126 128 793 866 934 
18 18 120 28 120 122 125 126 128 895 
18 28 257 120 122 125 424 126 128 932 
119 18 120 28 125 120 122 125 126 128 
18 14 82 122 91 116 128 750 766 910 
18 18 28 120 125 122 128 125 126 128 
18 28 120 230 122 513 125 126 820 128 
18 18 120 28 125 120 122 125 126 128 
119 28 127 122 125 126 128 660 703 797 
119 18 28 260 120 122 501 125 126 128 
35 18 28 140 120 122 572 125 126 128 
18 28 120 122 396 125 126 128 766 996 
119 18 120 28 120 122 128 125 126 128 
18 28 28 122 120 122 125 790 126 128 
18 119 127 122 125 126 128 759 773 902 
18 18 28 122 120 126 122 125 126 128 
18 28 28 122 120 126 122 125 126 128 
18 28 28 122 120 126 122 125 126 128 
18 127 28 120 326 122 125 743 126 128 
119 18 553 28 669 120 122 125 126 128 
18 73 28 120 122 125 640 126 128 870 
18 28 120 122 122 126 125 126 902 128 
18 28 28 122 120 126 122 125 126 128 
18 28 28 120 122 125 126 128 783 907 
18 28 120 122 125 126 128 966 990 995 
18 28 28 122 120 122 128 125 126 128 
18 28 120 120 125 122 128 125 126 128 
18 18 28 122 120 122 128 125 126 128 
18 28 28 122 120 126 122 125 126 128 
18 18 28 120 125 122 125 126 670 128 
119 18 120 28 120 122 128 125 126 128 
14 58 82 91 116 432 519 769 788 814 
18 28 386 120 122 673 125 717 126 128 
18 18 28 122 120 122 125 126 128 977 
119 18 28 120 122 125 128 126 786 128 
18 28 120 365 122 125 126 696 128 994 
119 28 127 122 125 126 128 731 774 962 
119 18 63 28 120 122 125 717 126 128 
18 18 120 28 125 120 122 125 126 128 
18 18 120 28 125 120 122 125 126 128 
18 28 28 122 120 126 122 125 126 128 
18 28 120 120 122 126 125 559 126 128 
18 73 28 98 120 122 372 125 126 128 
65 18 212 28 120 122 604 125 126 128 
18 18 120 28 120 122 128 125 126 128 
18 28 28 122 120 122 125 126 128 903 
18 18 28 120 122 125 126 726 128 873 
34 18 217 28 120 122 125 666 126 128 
18 119 120 127 125 126 128 686 792 916 
18 28 120 122 125 126 126 128 838 999 
18 28 28 122 120 126 122 125 126 128 
18 28 28 122 120 126 122 125 126 128 
18 18 28 122 120 122 125 527 126 128 
18 18 28 122 120 126 122 125 126 128 
94 200 219 255 304 650 703 727 883 892 
18 28 28 120 122 125 126 827 128 930 
18 28 28 122 120 122 125 780 126 128 
29 14 92 82 91 116 629 643 718 958 
119 18 120 28 125 120 122 125 126 128 
18 28 120 120 125 122 128 125 126 128 
119 127 127 364 588 594 667 822 874 914 
18 18 28 122 120 122 125 126 745 128 
17 71 110 233 394 463 505 637 708 971 
18 18 28 120 122 125 126 817 128 853 
18 119 120 127 125 126 128 716 730 733 
18 274 28 120 602 122 125 722 126 128 
18 18 120 28 125 120 122 125 126 128 
18 18 120 28 125 120 122 125 126 128 
119 18 120 28 125 120 122 125 126 128 
18 28 28 120 122 125 126 128 820 997 
18 28 120 122 125 126 128 517 778 856 
18 18 28 120 125 122 125 126 128 962 
18 28 28 120 122 126 125 126 128 908 
18 28 120 122 122 126 125 750 126 128 
119 28 127 122 125 126 128 750 781 862 
18 18 28 122 120 126 122 125 126 128 
18 28 120 120 122 125 126 721 128 868 
18 28 28 120 122 126 125 862 126 128 
18 18 28 122 120 122 125 655 126 128 
18 28 120 120 125 122 128 125 126 128 
18 28 120 120 122 125 128 126 128 670 
18 18 120 28 125 120 122 125 126 128 
119 18 28 122 120 122 125 531 126 128 
119 119 92 127 114 438 450 559 732 961 
18 127 28 472 120 530 122 125 126 128 
119 18 120 28 125 120 122 125 126 128 
18 119 127 122 125 126 128 898 934 998 
119 119 127 404 444 448 526 643 648 980 
18 18 120 28 125 120 122 125 126 128 
18 18 28 120 125 122 128 125 126 128 
40 74 76 267 278 441 664 679 733 881 
18 119 127 122 125 126 128 851 949 966 
119 127 484 615 638 662 689 723 871 978 
119 127 250 360 373 398 526 735 863 891 
18 18 120 28 120 126 122 125 126 128 
119 127 120 122 125 126 128 755 758 837 
119 29 73 92 125 98 128 114 863 876 
119 18 28 120 681 122 125 941 126 128 
14 119 91 127 259 661 796 817 923 950 
119 119 127 122 125 126 128 564 878 893 
18 119 120 127 125 126 128 708 738 903 
29 119 92 127 114 738 806 911 979 996 
18 127 28 120 125 122 128 125 126 128 
119 127 120 122 125 126 128 694 729 940 
18 119 120 127 125 126 128 619 711 744 
18 18 296 28 537 120 122 125 126 128 
2 18 28 184 120 313 122 125 126 128 
18 29 120 73 125 92 98 114 661 760 
18 28 28 122 120 122 128 125 126 128 
119 18 28 120 125 122 128 125 126 128 
22 18 28 234 120 122 505 125 126 128 
119 127 120 122 125 126 128 703 806 922 
18 28 28 122 120 122 125 126 820 128 
119 127 92 98 114 842 858 967 987 997 
18 28 120 122 122 126 125 126 128 717 
119 127 120 122 125 126 128 673 712 904 
18 18 120 28 125 120 122 125 126 128 
18 18 28 122 120 126 122 125 126 128 
119 18 316 28 467 120 122 125 126 128 
119 127 120 122 125 126 128 663 693 861 
91 18 28 320 120 497 122 125 126 128 
14 28 82 122 91 116 128 627 891 903 
18 28 332 120 357 122 125 599 126 128 
18 18 28 120 122 126 125 126 128 780 
29 119 92 127 114 569 625 654 700 884 
14 127 82 122 91 116 128 760 771 868 
18 119 120 127 125 126 128 635 725 779 
18 119 120 127 125 126 128 568 648 887 
69 119 127 646 665 789 912 914 935 936 
18 75 121 122 125 126 128 674 692 866 
4 55 60 210 368 526 632 645 820 860 
18 28 28 122 120 122 125 126 128 921 
18 316 28 408 120 122 125 510 126 128 
209 223 270 340 387 833 849 891 900 906 
18 28 120 120 122 125 128 126 894 128 
119 127 120 122 125 126 128 684 816 937 
119 119 127 279 560 693 793 823 888 971 
18 91 114 339 356 389 521 594 912 941 
18 28 28 120 125 122 128 125 126 128 
35 85 121 312 393 804 842 868 922 998 
18 119 127 122 125 126 128 483 718 907 
190 119 420 127 490 511 553 726 810 901 
18 28 120 120 122 125 126 128 845 893 
29 398 73 92 686 98 114 840 921 936 
18 119 120 127 125 126 128 489 870 975 
18 119 120 127 125 126 128 865 866 950 
14 82 91 122 116 126 128 571 748 992 
3 119 120 127 125 126 128 776 833 884 
18 18 28 120 125 122 125 621 126 128 
18 127 28 120 571 122 649 125 126 128 
18 119 127 122 125 126 128 901 908 929 
28 18 28 257 120 523 122 125 126 128 
18 119 127 122 125 126 128 616 722 806 
10 3 95 484 510 578 584 632 870 952 
119 119 127 122 125 126 128 761 854 952 
119 18 28 293 120 122 125 126 883 128 
119 119 127 209 221 640 747 856 958 985 
18 119 120 127 125 126 128 943 949 966 
29 18 92 28 114 120 122 125 126 128 
119 119 120 127 125 126 128 777 785 843 
18 28 28 120 125 122 125 126 806 128 
119 18 85 28 501 120 122 125 126 128 
47 28 72 122 125 126 128 668 670 859 
119 127 120 122 125 126 128 587 663 706 
119 28 127 122 125 126 128 768 782 893 
119 127 120 122 125 126 128 704 841 883 
119 18 28 672 120 122 125 731 126 128 
18 14 120 82 91 116 128 701 860 926 
54 62 331 361 376 444 601 665 752 936 
119 18 483 28 581 120 122 125 126 128 
18 28 28 122 120 126 122 125 126 128 
119 127 120 122 125 126 128 717 835 884 
18 18 120 28 120 126 122 125 126 128 
56 119 231 127 285 329 339 526 547 549 
18 28 120 122 390 125 651 126 128 822 
119 127 120 122 125 126 128 769 852 853 
18 18 120 28 120 122 125 126 636 128 
37 81 97 113 125 126 128 797 874 922 
14 28 82 91 125 116 128 777 885 928 
119 127 410 449 471 482 621 636 866 991 
94 168 395 429 713 733 808 822 847 848 
29 400 573 619 650 705 776 849 927 942 
36 18 28 120 122 568 125 126 807 128 
119 28 127 122 125 126 128 587 708 747 
119 73 127 98 114 657 732 809 819 852 
119 127 120 122 125 126 128 816 888 904 
