14 28 72 399 110 447 115 705 771 898 
28 72 110 115 448 670 750 846 850 941 
14 28 57 72 110 219 115 237 725 820 
14 61 319 743 763 923 939 944 949 981 
21 61 79 719 87 744 122 126 128 906 
14 21 79 272 87 463 122 126 128 833 
14 14 260 61 336 368 538 581 650 831 
28 61 72 110 115 594 695 736 795 920 
14 61 257 351 494 638 658 836 910 954 
28 28 72 110 631 115 675 790 808 885 
14 14 61 419 504 633 686 787 805 977 
14 61 209 273 338 446 816 827 961 971 
14 61 61 339 437 448 505 693 981 993 
14 14 177 61 514 597 607 725 859 922 
14 28 72 182 110 280 115 627 965 988 
14 61 127 234 296 354 515 553 700 984 
14 14 241 61 261 317 388 576 579 975 
14 61 61 429 439 584 735 736 764 798 
28 61 72 110 614 115 798 805 889 928 
14 28 72 110 276 115 368 406 787 910 
14 14 61 256 328 376 431 449 657 826 
28 72 277 110 115 506 657 712 717 912 
14 14 61 222 279 518 526 562 820 832 
28 72 110 115 310 673 738 746 960 985 
28 72 110 115 655 657 754 792 953 978 
14 28 72 110 412 115 529 762 824 950 
14 28 244 72 306 110 115 718 906 934 
14 61 556 640 674 680 698 771 970 983 
14 61 153 160 253 306 437 447 769 918 
28 72 110 115 655 757 771 814 889 937 
14 61 175 228 303 324 538 588 865 956 
14 61 134 178 240 289 311 651 776 934 
14 28 72 110 548 115 737 780 807 909 
14 61 241 284 539 553 565 600 756 801 
14 61 584 631 636 758 872 912 956 989 
14 21 79 87 573 122 658 126 128 877 
14 14 61 523 539 655 768 829 861 979 
14 28 72 110 115 533 679 781 813 822 
28 61 72 110 618 115 688 852 866 883 
14 14 61 188 308 382 464 722 843 916 
14 28 341 72 110 446 115 603 785 835 
14 14 61 570 723 752 760 826 914 971 
14 14 61 497 580 587 602 614 716 930 
14 14 61 509 744 828 839 854 865 893 
28 72 110 189 115 829 877 888 902 999 
14 61 334 387 434 447 745 825 874 876 
14 14 61 394 430 447 475 689 866 950 
28 72 110 115 153 361 367 588 622 764 
14 14 61 314 407 573 697 715 889 929 
28 72 110 115 289 426 514 583 670 996 
14 14 208 61 375 450 553 618 654 862 
14 14 61 264 425 549 623 731 782 948 
28 61 72 110 252 115 366 453 496 850 
14 28 140 72 110 115 543 804 854 983 
14 14 61 302 439 511 544 832 880 954 
14 14 369 61 595 767 783 828 862 883 
28 61 72 136 110 115 633 767 858 871 
14 61 61 536 576 578 588 834 873 933 
14 61 61 741 755 768 811 849 858 968 
14 61 61 331 373 385 614 627 656 805 
14 61 456 464 509 532 625 663 807 936 
28 61 72 489 110 115 616 746 747 967 
14 21 146 79 458 87 122 126 128 904 
28 61 72 110 345 115 436 632 817 889 
14 61 61 215 381 383 461 665 776 897 
14 14 61 383 423 439 753 790 877 977 
21 79 245 87 122 470 126 128 904 985 
28 72 110 294 115 347 574 583 701 798 
28 72 197 110 115 427 592 849 967 980 
14 28 119 72 110 399 115 851 894 958 
14 14 61 244 284 545 775 927 946 993 
14 61 398 445 476 483 786 813 899 1000 
14 14 61 437 454 658 767 848 934 966 
14 28 72 110 445 115 574 580 823 992 
14 14 290 61 515 658 766 971 984 986 
14 61 412 461 533 559 641 699 848 965 
14 61 61 613 670 725 958 960 965 973 
14 61 61 292 358 487 673 776 811 947 
14 61 100 491 581 654 814 854 942 977 
28 72 110 793 115 852 874 928 938 1000 
14 28 72 241 110 274 115 353 665 893 
14 28 72 419 110 681 115 866 921 966 
28 61 72 195 110 486 115 681 847 955 
14 14 73 61 346 369 442 462 591 701 
28 28 72 115 110 115 877 909 964 977 
14 14 61 481 586 617 628 636 830 914 
28 72 110 163 115 291 348 414 570 835 
14 61 61 355 403 426 491 499 867 954 
14 14 447 61 507 567 596 644 731 944 
14 14 393 61 490 593 696 815 902 909 
14 61 61 551 656 659 777 821 900 977 
14 14 61 426 685 696 732 923 947 996 
14 61 61 404 594 637 685 689 855 909 
14 61 444 474 652 838 856 863 960 993 
14 61 153 188 190 199 208 400 579 975 
14 14 61 366 444 572 610 650 727 864 
14 14 290 61 410 416 421 578 639 998 
14 61 61 129 217 311 540 636 692 932 
14 28 72 110 458 115 553 627 864 897 
14 14 61 315 344 516 574 584 832 899 
28 72 87 110 115 128 495 639 761 993 
212 28 345 72 542 110 115 745 846 954 
55 28 74 72 494 110 115 807 872 988 
28 79 72 122 110 128 115 784 896 958 
21 21 79 87 122 126 558 128 579 1000 
107 21 79 87 122 126 557 128 687 835 
28 188 72 110 115 451 479 534 570 989 
21 28 72 110 126 115 739 797 849 991 
28 28 110 72 256 110 115 391 721 845 
28 28 72 110 126 115 677 845 862 900 
105 28 271 72 531 110 115 846 927 943 
21 79 87 265 122 126 353 128 799 989 
28 72 72 110 115 641 658 836 935 951 
125 28 72 272 110 115 728 771 861 942 
107 28 72 127 110 115 566 708 860 930 
28 72 110 122 115 128 534 591 645 963 
28 72 110 110 115 371 535 885 915 926 
28 28 110 72 110 679 115 774 775 938 
28 72 110 115 115 128 795 806 903 952 
28 28 110 72 126 110 115 901 918 945 
28 28 72 110 115 700 702 729 750 924 
28 72 110 122 115 128 405 421 621 741 
28 72 72 115 110 267 115 710 714 830 
21 28 72 110 115 128 670 693 957 986 
99 28 162 72 110 115 540 707 770 875 
129 28 460 72 110 791 115 855 954 986 
28 80 72 110 115 609 864 889 892 925 
28 79 72 122 110 115 640 659 681 925 
28 72 347 110 476 115 809 822 836 927 
28 112 72 110 115 645 668 745 855 978 
21 28 72 122 110 128 115 750 886 923 
28 79 72 122 110 128 115 674 716 814 
21 28 87 72 110 128 115 737 800 915 
23 368 411 437 467 688 761 853 857 878 
28 72 87 110 115 128 622 889 890 934 
28 130 72 450 110 751 115 852 893 958 
28 72 72 115 110 702 115 740 742 985 
21 28 72 110 126 115 577 846 916 984 
21 21 87 79 126 87 122 126 128 966 
28 79 72 110 115 128 781 790 860 984 
21 79 79 87 122 126 739 128 865 919 
28 72 72 110 749 115 814 828 891 932 
21 28 72 110 115 128 431 493 611 830 
28 72 323 110 542 115 661 670 706 859 
117 21 79 206 87 373 122 126 128 869 
28 28 110 72 110 574 115 732 773 983 
21 79 122 87 298 122 736 126 128 960 
54 28 72 110 279 115 487 533 892 916 
28 28 110 72 247 110 115 891 907 970 
21 28 87 72 126 110 115 861 946 980 
21 28 87 72 110 128 115 808 903 920 
28 79 72 110 115 128 619 675 838 852 
28 72 110 115 741 765 792 816 876 952 
28 28 72 110 115 537 641 685 708 985 
28 72 110 122 115 128 806 877 913 978 
21 28 72 110 126 115 729 792 877 942 
28 28 110 72 110 115 516 963 974 980 
21 28 87 72 126 110 115 850 853 879 
107 112 87 120 127 128 674 704 757 986 
28 79 72 110 115 128 703 855 907 990 
28 72 187 110 276 115 666 672 825 982 
28 72 87 110 126 115 715 747 818 968 
21 28 87 72 110 128 115 580 699 880 
21 28 87 72 110 115 469 491 835 983 
21 28 72 110 115 128 436 519 606 645 
28 112 72 127 110 739 115 871 886 999 
28 287 72 438 110 612 115 680 818 849 
40 28 180 72 110 115 838 904 977 1000 
28 28 110 72 110 115 609 630 753 977 
28 28 110 72 575 110 115 912 946 954 
28 72 72 110 535 115 755 810 954 969 
21 28 72 122 110 128 115 772 810 922 
21 28 87 72 126 110 115 535 644 871 
21 28 132 72 110 115 315 333 392 567 
28 72 110 115 412 445 637 673 811 920 
28 382 72 405 110 446 115 610 633 807 
21 28 87 72 126 110 115 645 742 886 
28 60 72 98 110 115 725 735 795 963 
21 79 87 475 122 126 128 911 934 973 
21 21 87 79 126 87 122 126 128 911 
68 28 72 110 321 115 470 851 875 947 
28 72 72 110 137 115 553 607 645 853 
10 28 72 252 110 115 535 871 911 919 
28 28 72 115 110 404 115 566 710 747 
28 112 72 127 110 627 115 717 856 863 
21 79 93 87 122 270 126 128 402 468 
21 241 79 488 87 122 652 126 128 972 
7 28 72 110 286 115 789 810 845 879 
28 72 87 110 126 115 427 726 758 866 
28 79 72 110 126 115 424 808 875 908 
28 72 72 110 115 514 653 695 751 963 
28 72 72 115 110 128 115 665 890 931 
28 72 87 110 115 128 486 816 925 943 
221 28 72 110 115 609 650 716 868 988 
28 72 110 127 115 331 504 656 951 996 
28 72 190 110 115 557 652 658 673 805 
28 280 72 110 488 115 836 898 967 988 
21 28 87 72 126 110 115 801 816 896 
28 28 72 110 661 115 892 919 923 928 
21 28 72 110 126 115 812 841 887 978 
21 79 297 87 122 126 128 774 926 991 
105 21 79 394 87 575 122 126 128 907 
107 21 79 87 122 126 688 128 752 936 
77 21 125 79 330 87 122 126 128 685 
35 21 93 79 87 225 122 126 128 998 
107 21 120 79 559 87 122 126 128 940 
21 79 362 87 122 607 126 128 928 955 
21 79 79 87 126 122 126 128 877 937 
21 21 87 79 87 122 126 128 858 895 
21 79 87 87 122 126 687 128 891 989 
21 79 87 122 122 126 661 128 756 861 
207 21 331 79 87 122 738 126 128 928 
21 21 79 122 87 128 122 126 128 920 
21 342 79 87 122 531 126 128 856 930 
101 135 189 254 517 594 642 729 942 948 
21 60 79 87 114 122 126 128 763 979 
94 170 286 575 585 599 641 711 712 772 
55 107 495 112 541 120 127 795 879 949 
282 21 576 79 674 87 122 126 128 918 
21 21 79 122 87 128 122 126 128 712 
54 92 273 357 572 675 683 720 881 900 
21 79 79 87 126 122 126 128 835 996 
21 21 87 79 87 122 800 126 128 886 
21 21 79 87 122 126 576 128 863 910 
21 21 87 79 87 122 473 126 128 760 
131 21 229 79 87 615 122 126 128 875 
107 21 79 127 87 618 122 126 128 975 
21 79 87 122 126 128 128 852 898 963 
21 79 87 122 126 530 128 694 906 981 
21 52 79 87 122 302 126 128 651 708 
38 105 460 666 677 738 821 872 877 912 
32 91 297 386 464 478 494 615 828 872 
50 21 79 87 397 122 669 126 128 840 
21 79 79 122 87 128 122 126 128 978 
125 107 112 120 127 596 621 667 870 914 
21 79 87 122 122 126 128 764 935 991 
21 21 79 87 126 122 810 126 128 960 
21 79 87 469 122 126 833 128 967 997 
21 21 87 79 126 87 122 126 128 949 
21 21 87 79 87 122 126 547 128 949 
107 21 120 79 87 499 122 126 128 940 
21 21 79 122 87 122 611 126 128 972 
21 79 87 87 126 122 126 606 128 933 
158 107 112 120 630 127 897 924 933 980 
50 61 197 321 322 478 710 727 905 996 
23 21 136 79 87 578 122 126 128 686 
21 79 87 486 122 554 126 656 128 833 
21 79 79 87 126 122 870 126 128 1000 
80 21 79 479 87 595 122 126 128 965 
107 21 79 87 545 122 626 126 128 883 
21 79 87 87 126 122 126 128 919 925 
21 21 79 122 87 122 126 128 791 942 
40 79 143 279 461 502 682 747 896 988 
21 79 79 87 126 122 126 571 128 643 
21 79 87 87 126 122 126 128 910 995 
21 112 79 87 311 122 400 126 128 987 
21 79 87 122 126 126 128 871 899 951 
265 21 379 79 598 87 122 126 128 816 
107 21 79 323 87 122 713 126 128 931 
21 112 79 127 87 122 126 128 869 934 
21 79 79 87 126 122 126 128 891 914 
21 79 87 122 289 126 514 128 844 967 
21 79 346 87 122 614 126 128 930 959 
109 21 252 79 87 303 122 126 128 848 
61 21 76 79 87 361 122 126 128 1000 
17 67 100 120 133 166 544 699 938 974 
125 21 250 79 87 735 122 126 128 974 
21 79 87 87 122 128 126 852 128 940 
21 21 87 79 126 87 122 126 128 762 
19 34 176 198 328 405 420 469 588 857 
21 79 87 122 122 126 128 929 940 980 
105 120 142 353 572 645 738 883 921 958 
229 361 447 459 467 480 535 607 706 838 
5 97 256 266 296 382 726 733 836 971 
107 21 79 87 122 462 126 128 727 940 
107 21 79 87 122 599 126 128 912 995 
21 79 87 87 122 126 626 128 749 841 
21 79 87 87 126 122 126 128 936 1000 
107 21 120 79 353 87 122 126 128 977 
21 79 87 307 122 126 128 807 938 953 
53 21 79 458 87 122 787 126 128 905 
21 286 79 87 122 552 126 128 773 810 
21 21 79 122 87 122 921 126 128 977 
21 21 87 79 87 122 126 128 934 998 
226 260 329 377 420 754 785 830 837 996 
107 21 120 79 89 87 122 126 128 845 
21 237 79 273 87 571 122 126 128 926 
21 280 79 370 87 609 122 126 128 940 
21 79 87 122 122 126 128 840 851 921 
21 112 79 127 87 349 122 126 128 983 
107 21 120 79 596 87 122 126 128 912 
21 79 388 87 122 126 571 128 661 979 
107 112 120 127 685 730 736 761 851 893 
21 21 87 79 87 122 779 126 128 943 
21 79 87 122 724 126 796 128 959 965 
24 21 79 87 384 122 551 126 128 999 
62 92 195 550 579 581 744 773 794 915 
21 21 79 87 122 126 679 128 867 910 
107 21 79 127 87 122 126 128 791 857 
21 79 87 87 126 122 517 126 128 906 
107 112 120 203 127 327 368 696 786 839 
54 107 128 112 271 120 127 672 744 926 
16 125 76 179 542 580 668 807 889 982 
148 199 272 358 423 508 679 907 910 921 
87 105 342 457 704 806 858 906 937 967 
94 107 112 416 120 577 127 666 748 884 
70 94 201 212 219 299 489 507 647 669 
42 189 275 325 364 603 675 764 806 975 
86 224 332 416 419 573 678 770 853 949 
58 107 112 328 120 127 750 754 845 861 
187 107 335 112 617 120 127 812 908 960 
11 46 138 209 237 528 712 740 887 900 
68 179 201 251 253 375 668 809 850 882 
125 243 406 509 522 768 845 855 872 945 
28 107 112 232 120 527 127 793 866 934 
232 312 355 535 553 675 687 796 865 895 
55 69 257 328 373 384 424 691 902 932 
107 107 112 120 336 127 583 888 984 992 
50 136 211 487 537 687 726 750 766 910 
3 107 82 112 431 120 127 553 616 846 
7 123 140 230 506 513 533 700 820 884 
92 135 159 364 491 526 563 755 895 966 
134 143 295 314 459 630 637 660 703 797 
6 107 221 260 384 448 501 772 951 998 
35 107 132 112 120 127 572 581 629 731 
8 95 230 270 396 444 543 713 766 996 
17 125 237 381 527 661 706 712 895 993 
22 51 149 219 516 634 690 790 868 885 
138 125 364 378 450 580 659 759 773 902 
10 72 153 203 215 563 658 716 735 806 
134 180 323 488 496 512 519 584 835 957 
107 49 112 120 127 687 692 856 863 927 
107 112 119 120 326 127 556 743 889 992 
257 346 553 645 669 780 818 887 918 936 
97 107 112 271 120 127 640 721 756 870 
125 326 345 470 512 594 699 867 902 977 
107 112 446 120 558 127 641 679 770 937 
18 161 221 251 255 581 586 672 783 907 
125 112 120 127 900 901 930 966 990 995 
107 112 120 127 789 815 864 955 970 1000 
25 132 237 329 422 497 558 670 702 975 
65 232 246 302 332 422 825 852 867 983 
20 123 177 301 311 695 746 850 932 941 
78 146 225 251 300 356 406 616 670 735 
39 107 460 112 699 120 127 834 907 1000 
34 107 112 367 120 127 519 769 788 814 
107 107 120 112 536 120 127 717 746 781 
125 26 75 223 293 408 694 757 968 977 
24 105 140 398 414 538 578 694 786 887 
86 91 345 365 409 540 595 696 829 994 
15 213 282 353 494 538 703 731 774 962 
11 48 63 199 203 372 436 717 850 960 
21 66 95 201 547 572 602 665 888 894 
57 166 195 398 484 518 598 625 724 997 
102 138 144 270 341 511 594 625 716 738 
107 112 120 269 127 352 457 559 600 851 
107 104 112 282 120 127 372 407 486 982 
65 193 212 366 473 571 604 626 731 860 
107 112 120 338 127 373 470 489 716 852 
107 107 120 112 376 120 127 599 666 903 
109 168 310 430 581 610 620 726 826 873 
34 86 217 272 340 443 547 666 736 974 
37 285 296 474 476 570 599 686 792 916 
125 174 262 408 499 608 734 830 838 999 
203 287 428 548 614 639 658 743 809 866 
198 204 325 449 557 625 732 822 842 907 
85 213 253 255 302 500 520 527 717 825 
103 116 312 375 648 715 737 820 966 976 
94 200 219 255 304 650 703 727 883 892 
13 107 112 120 127 569 637 827 929 930 
99 107 303 112 488 120 127 780 913 962 
46 107 112 120 220 127 629 643 718 958 
10 100 110 329 397 464 662 765 826 926 
113 107 112 399 120 127 692 703 783 833 
122 218 336 364 588 594 667 822 874 914 
107 59 112 120 385 127 626 676 745 783 
17 71 110 233 394 463 505 637 708 971 
40 71 114 242 587 667 744 817 850 853 
281 107 410 112 598 120 127 716 730 733 
230 107 112 120 127 613 694 722 794 890 
107 112 91 120 317 127 757 789 848 880 
1 193 298 343 395 408 538 753 770 872 
306 358 559 574 617 696 710 712 755 860 
279 125 477 521 594 736 760 791 820 997 
89 104 126 313 346 379 447 517 778 856 
157 159 199 255 337 772 880 881 958 962 
127 107 137 112 120 127 531 558 705 908 
149 167 256 333 412 676 726 750 926 936 
35 183 225 288 392 621 737 750 781 862 
24 43 227 265 451 713 867 877 949 955 
53 74 432 453 527 601 635 721 847 868 
73 123 311 530 584 731 759 862 945 982 
180 272 273 444 602 615 624 655 753 917 
239 412 473 609 733 747 808 870 916 951 
18 151 256 397 447 505 547 557 580 670 
91 202 245 283 325 407 425 505 543 837 
41 301 319 350 387 424 495 531 611 768 
123 68 178 215 237 438 450 559 732 961 
227 437 448 472 519 530 623 802 854 890 
158 107 112 415 120 557 127 887 978 990 
66 139 261 427 507 731 896 898 934 998 
35 338 363 404 444 448 526 643 648 980 
84 131 206 287 460 584 739 795 885 911 
105 39 58 424 431 455 524 584 675 919 
40 105 76 267 278 441 664 679 733 881 
123 206 216 367 468 699 715 851 949 966 
4 481 484 615 638 662 689 723 871 978 
4 119 250 360 373 398 526 735 863 891 
27 245 253 377 453 545 557 612 757 953 
56 183 305 412 481 491 659 755 758 837 
430 540 637 674 676 693 703 847 863 876 
113 188 376 390 681 799 938 941 945 977 
62 125 155 210 259 661 796 817 923 950 
105 55 59 172 226 313 536 564 878 893 
125 290 306 341 365 398 478 708 738 903 
304 415 590 687 716 738 806 911 979 996 
10 125 105 191 544 554 593 662 891 960 
115 196 216 301 466 530 673 694 729 940 
125 237 268 427 584 595 602 619 711 744 
18 293 296 523 537 681 709 824 856 961 
2 24 117 184 262 313 372 470 588 805 
41 107 228 416 442 528 584 656 661 760 
203 348 376 410 451 468 735 930 960 1000 
128 213 313 434 489 602 743 754 819 951 
22 173 226 234 366 440 505 760 778 998 
63 80 92 228 236 581 613 703 806 922 
9 146 60 75 98 114 729 815 820 841 
300 464 568 660 687 842 858 967 987 997 
32 51 174 181 225 427 449 472 551 717 
15 36 117 273 324 538 584 673 712 904 
29 135 164 312 573 592 611 652 778 873 
108 115 134 142 299 628 757 836 898 988 
173 205 316 326 467 471 601 602 842 867 
74 83 385 525 572 595 630 663 693 861 
91 125 204 320 350 497 560 677 727 770 
13 41 68 150 305 310 577 627 891 903 
47 125 332 334 357 526 561 599 866 902 
37 62 85 256 328 352 611 616 627 780 
94 198 348 394 450 569 625 654 700 884 
79 140 219 283 724 726 755 760 771 868 
75 97 142 355 485 556 562 635 725 779 
21 114 131 156 451 454 547 568 648 887 
69 341 579 646 665 789 912 914 935 936 
105 143 167 331 405 464 621 674 692 866 
4 55 60 210 368 526 632 645 820 860 
51 65 100 267 342 394 395 728 740 921 
20 316 354 408 421 466 484 510 870 963 
209 223 270 340 387 833 849 891 900 906 
6 56 99 256 290 390 462 817 894 987 
70 159 365 429 525 603 607 684 816 937 
125 157 212 279 560 693 793 823 888 971 
18 91 114 339 356 389 521 594 912 941 
39 95 222 226 254 357 748 849 896 993 
35 85 121 312 393 804 842 868 922 998 
116 139 212 264 353 437 438 483 718 907 
190 315 420 483 490 511 553 726 810 901 
58 64 268 335 451 492 534 610 845 893 
345 398 409 462 686 761 772 840 921 936 
27 163 185 219 221 321 400 489 870 975 
186 343 664 681 737 790 811 865 866 950 
205 105 357 420 434 449 475 571 748 992 
62 86 281 378 398 584 697 776 833 884 
171 176 312 335 342 528 549 621 655 938 
72 327 407 475 571 612 649 742 796 891 
70 125 526 537 685 770 895 901 908 929 
105 126 193 257 318 523 755 806 885 967 
106 233 271 388 478 490 510 616 722 806 
10 69 309 484 510 578 584 632 870 952 
121 156 255 599 623 647 753 761 854 952 
15 153 260 293 483 503 520 764 883 957 
11 13 169 209 221 640 747 856 958 985 
75 121 343 405 606 662 835 943 949 966 
36 123 95 206 325 366 447 550 709 882 
40 350 456 498 521 701 705 777 785 843 
47 59 172 231 289 309 359 504 806 844 
10 18 85 158 501 656 664 833 898 951 
116 142 308 330 477 479 647 668 670 859 
30 88 200 261 340 461 556 587 663 706 
100 243 258 443 547 706 748 768 782 893 
85 131 387 454 570 695 702 704 841 883 
105 367 471 672 674 679 700 731 935 981 
3 26 170 306 342 421 606 701 860 926 
54 62 331 361 376 444 601 665 752 936 
96 132 483 516 581 614 658 750 753 900 
197 218 448 508 517 608 694 727 746 988 
20 246 318 398 522 595 691 717 835 884 
93 125 185 187 215 454 541 825 868 932 
56 127 231 255 285 329 339 526 547 549 
105 103 346 362 390 449 651 669 675 822 
23 126 156 197 253 278 691 769 852 853 
38 96 184 267 361 379 391 626 636 662 
8 125 207 313 570 695 750 797 874 922 
97 191 217 323 396 627 661 777 885 928 
122 316 410 449 471 482 621 636 866 991 
94 9 395 60 75 733 98 114 847 848 
105 400 573 619 650 705 776 849 927 942 
36 63 259 345 504 568 670 736 807 969 
52 75 97 180 238 495 572 587 708 747 
49 152 208 410 490 657 732 809 819 852 
105 227 253 533 682 709 720 816 888 904 
