130 131 132 133 134 135 136 137 138 
130 131 132 133 134 135 136 137 138 
10 17 106 128 163 127 164 165 138 
10 17 17 128 106 128 163 164 165 
90 118 122 117 126 128 192 193 194 
51 17 81 117 163 127 128 145 146 
113 107 123 195 127 128 138 139 140 
82 102 112 128 121 127 208 209 210 
51 128 81 204 117 127 128 145 146 
98 70 128 98 105 130 131 132 133 
126 113 203 124 125 127 128 199 200 
118 123 127 128 128 181 182 137 183 
69 69 126 120 126 127 128 201 202 
98 117 122 128 128 184 185 186 187 
113 10 17 128 106 128 163 164 165 
51 107 81 117 196 127 128 145 146 
5 70 44 98 105 130 131 137 138 
69 22 71 127 74 155 156 157 158 
128 102 173 112 121 127 208 209 210 
98 38 117 159 120 124 128 211 212 
128 122 172 147 173 174 175 176 177 
48 122 114 125 185 126 128 153 154 
41 108 117 115 167 214 215 216 217 
118 90 127 118 122 126 192 193 194 
51 82 111 123 128 145 135 136 137 
10 128 172 128 173 174 175 176 177 
1 10 17 126 106 128 163 164 165 
102 44 112 121 128 127 208 209 210 
48 114 114 126 125 126 128 153 154 
47 110 127 131 128 141 142 143 144 
119 90 99 147 107 117 127 128 178 
82 25 123 35 74 117 125 127 213 
47 82 111 123 189 128 135 136 137 
90 47 127 128 141 142 143 137 144 
98 9 110 130 131 186 132 133 134 
50 71 82 119 125 126 136 127 128 
119 41 108 115 214 135 215 216 217 
28 38 127 59 108 109 140 115 135 
47 128 172 188 173 174 175 176 177 
113 50 82 119 128 125 126 127 128 
50 116 82 119 167 125 126 127 128 
47 118 128 123 127 128 181 182 183 
98 123 117 120 138 124 128 211 212 
30 48 114 159 125 126 128 153 154 
79 111 99 103 135 123 124 126 128 
10 94 106 102 104 126 127 128 218 
51 81 120 117 128 127 128 145 146 
119 122 128 214 147 148 217 149 150 
69 123 120 126 127 128 201 202 138 
96 17 101 128 110 118 127 128 134 
47 128 172 173 174 190 175 176 177 
48 114 125 159 126 161 128 153 154 
51 38 81 117 160 127 128 145 146 
28 35 38 59 125 108 109 115 135 
118 110 123 127 128 133 181 182 183 
9 51 81 117 127 128 145 146 138 
5 113 123 56 127 128 138 139 140 
48 108 114 214 125 126 128 153 154 
90 118 123 127 192 128 181 182 183 
98 112 122 128 208 184 185 186 187 
47 82 111 141 123 128 135 136 137 
119 114 122 126 128 147 148 149 150 
82 111 132 123 128 135 136 136 138 
98 70 120 98 105 130 212 137 138 
118 82 127 111 123 128 135 136 137 
82 51 123 81 117 127 128 145 146 
47 91 81 128 128 188 189 190 191 
82 94 123 116 117 166 167 168 169 
113 82 111 128 123 128 135 136 137 
128 131 172 173 134 174 175 176 177 
9 98 117 120 132 124 128 211 212 
130 47 81 133 128 188 189 190 191 
47 127 128 117 141 142 143 137 144 
118 89 127 91 122 127 128 151 152 
98 123 122 128 128 184 185 186 187 
90 99 126 107 128 117 127 128 178 
118 50 82 128 119 125 126 127 128 
128 102 172 126 173 174 175 176 177 
119 116 122 128 147 168 148 149 150 
118 81 123 127 128 190 181 182 183 
47 90 99 188 107 117 127 128 178 
102 112 121 56 127 179 208 209 210 
25 35 127 74 117 125 127 137 213 
47 22 128 71 74 155 156 157 158 
128 91 172 127 173 174 175 176 177 
128 118 173 123 127 128 181 182 183 
1 102 112 126 121 127 208 209 210 
48 114 74 125 125 126 128 153 154 
5 33 128 44 56 128 150 179 180 
113 98 122 128 128 184 185 186 187 
113 131 124 125 127 135 128 199 200 
69 48 126 114 125 126 128 153 154 
1 30 38 126 103 159 160 161 162 
118 123 120 127 128 181 212 182 183 
79 123 99 103 138 123 124 126 128 
41 96 107 118 195 196 197 137 198 
113 124 121 125 208 127 128 199 200 
51 79 117 99 103 123 124 126 128 
1 70 98 105 130 170 131 132 133 
1 25 107 35 74 117 125 127 213 
119 119 122 147 128 147 148 149 150 
47 51 81 141 117 127 128 145 146 
48 89 125 91 122 127 128 151 152 
69 107 120 126 196 127 128 201 202 
47 70 98 105 130 131 144 132 133 
102 131 112 133 121 127 208 209 210 
82 107 111 195 123 128 135 136 137 
89 96 101 110 128 118 127 128 134 
96 81 107 118 128 195 196 197 198 
119 5 33 147 44 56 128 179 180 
1 131 44 133 107 126 128 170 171 
96 96 118 101 110 118 127 128 134 
128 51 81 133 117 127 128 145 146 
96 38 107 118 195 161 196 197 198 
94 79 99 103 123 124 218 126 128 
10 98 106 117 120 124 128 211 212 
118 22 127 71 74 155 156 157 158 
48 114 125 126 128 153 154 137 138 
47 128 128 172 173 174 175 176 177 
89 82 122 111 123 128 135 136 137 
119 90 128 99 107 117 127 128 178 
47 69 120 126 127 128 201 137 202 
98 89 120 91 122 127 128 151 152 
126 22 71 204 74 155 156 157 158 
10 128 106 172 173 174 175 176 177 
118 82 111 123 128 182 135 136 137 
130 118 132 123 127 128 181 182 183 
82 9 110 130 131 132 133 134 138 
48 89 91 122 127 153 128 151 152 
126 118 203 123 127 128 181 182 183 
9 25 130 35 74 117 125 127 213 
96 124 107 127 118 195 196 197 198 
118 111 123 128 127 128 181 182 183 
9 110 74 130 131 132 213 133 134 
90 99 106 107 163 117 127 128 178 
96 81 107 127 118 195 196 197 198 
98 117 122 128 128 184 185 186 187 
10 102 112 121 163 127 208 209 210 
126 128 203 127 204 199 205 206 207 
102 172 112 121 175 127 208 209 210 
90 25 35 74 192 117 125 127 213 
98 47 127 128 185 141 142 143 144 
118 96 101 128 110 118 127 128 134 
98 9 110 130 128 131 132 133 134 
113 98 125 122 128 184 185 186 187 
113 117 124 124 125 127 128 199 200 
128 102 173 112 121 127 208 209 210 
48 114 127 125 126 139 128 153 154 
90 124 118 122 126 192 200 193 194 
47 69 128 120 126 127 128 201 202 
48 119 122 126 128 147 148 149 150 
47 89 128 91 122 127 128 151 152 
90 118 122 126 192 199 193 137 194 
47 1 44 107 189 126 128 170 171 
118 48 114 128 125 126 128 153 154 
47 28 128 38 59 108 109 115 135 
126 128 203 147 204 149 205 206 207 
9 81 110 130 128 131 132 133 134 
130 47 81 128 134 188 189 190 191 
96 22 71 195 74 155 156 157 158 
126 107 128 195 203 204 205 206 207 
1 44 127 107 126 139 128 170 171 
10 1 44 128 107 126 128 170 171 
98 119 122 184 128 147 148 149 150 
94 107 116 195 117 166 167 168 169 
22 47 81 128 188 189 158 190 191 
128 9 173 110 130 131 132 133 134 
113 82 111 123 138 128 135 136 137 
96 107 117 118 195 168 196 197 198 
128 172 125 173 174 175 154 176 177 
48 91 114 127 125 126 128 153 154 
98 128 128 172 173 174 175 176 177 
119 17 122 128 128 147 148 149 150 
94 47 117 127 128 141 142 143 144 
47 94 128 102 104 126 127 128 218 
89 96 101 127 110 118 127 128 134 
130 118 123 133 127 128 181 182 183 
96 101 110 126 118 193 127 128 134 
90 172 118 122 175 126 192 193 194 
119 70 98 147 105 130 131 132 133 
94 90 99 166 107 117 127 128 178 
50 108 82 214 119 125 126 127 128 
128 172 122 173 174 193 175 176 177 
90 113 107 124 125 127 128 199 200 
130 47 132 81 128 188 189 190 191 
9 69 120 126 132 127 128 201 202 
51 122 81 184 117 127 128 145 146 
126 82 203 111 123 128 135 136 137 
90 91 99 127 107 117 127 128 178 
47 81 128 128 188 149 189 190 191 
47 119 128 122 128 147 148 149 150 
94 116 117 166 134 167 168 169 138 
51 30 117 38 103 159 160 161 162 
47 10 17 188 106 128 163 164 165 
126 47 81 204 128 188 189 190 191 
51 35 81 117 125 127 128 145 146 
48 98 117 126 120 124 128 211 212 
130 51 132 81 117 127 128 145 146 
51 107 81 195 117 127 128 145 146 
90 102 99 126 107 117 127 128 178 
28 38 125 59 108 153 109 115 135 
69 120 126 127 135 128 201 202 138 
10 122 17 184 106 128 163 164 165 
82 96 101 128 110 118 127 128 134 
9 98 117 131 120 124 128 211 212 
119 79 128 99 103 123 124 126 128 
82 111 123 128 128 135 136 137 138 
82 122 111 123 185 128 135 136 137 
70 98 117 105 167 130 131 132 138 
69 127 120 141 126 127 128 201 202 
22 9 74 110 130 131 132 133 134 
1 44 106 107 126 164 128 170 171 
96 79 99 195 103 123 124 126 128 
98 81 117 120 124 190 128 211 212 
47 82 111 123 142 128 135 136 137 
1 50 82 119 125 126 171 127 128 
96 107 118 195 196 186 197 198 138 
47 90 128 118 122 126 192 193 194 
118 90 127 99 107 117 127 128 178 
102 94 121 116 117 166 167 168 169 
128 128 172 173 175 174 175 176 177 
41 5 33 44 56 128 179 180 138 
47 17 127 128 128 141 142 143 144 
69 51 81 117 128 127 128 145 146 
30 79 103 99 103 123 124 126 128 
47 131 81 133 128 188 189 190 191 
48 102 112 126 121 127 208 209 210 
90 107 118 195 122 126 192 193 194 
89 119 122 122 128 147 148 149 150 
51 99 81 117 117 127 128 145 146 
126 128 123 203 135 204 205 206 207 
102 112 173 121 134 127 208 209 210 
90 90 118 122 126 192 193 137 194 
47 110 127 128 141 133 142 143 144 
1 22 107 71 74 155 156 157 158 
102 5 121 33 44 56 128 179 180 
30 128 38 103 205 159 160 161 162 
94 79 99 103 123 168 124 126 128 
126 128 128 203 204 190 205 206 207 
119 122 117 128 128 147 148 149 150 
50 5 33 125 44 56 128 179 180 
79 172 99 174 103 123 124 126 128 
113 124 124 125 128 127 128 199 200 
94 94 102 104 126 127 169 128 218 
1 79 107 99 103 123 124 126 128 
47 1 128 44 107 126 128 170 171 
113 91 124 125 127 151 128 199 200 
94 122 102 184 104 126 127 128 218 
90 96 107 118 195 196 178 197 198 
48 98 122 126 128 184 185 186 187 
69 41 108 115 214 215 136 216 217 
126 70 203 98 105 130 131 132 133 
1 128 107 172 173 174 175 176 177 
70 172 98 174 105 130 131 132 133 
48 96 107 118 128 195 196 197 198 
102 79 99 127 103 123 124 126 128 
98 79 99 184 103 123 124 126 128 
119 122 106 128 163 147 148 149 150 
10 122 17 106 128 186 163 164 165 
98 17 122 128 163 184 185 186 187 
102 124 112 127 121 127 208 209 210 
119 69 120 126 148 127 128 201 202 
102 112 127 121 181 127 208 209 210 
9 90 130 118 122 126 192 193 194 
48 5 125 33 44 56 128 179 180 
47 126 128 128 203 204 205 206 207 
48 114 107 125 128 126 128 153 154 
119 122 128 147 185 148 187 149 150 
94 98 122 128 127 184 185 186 187 
48 114 107 125 127 126 128 153 154 
113 123 127 127 138 128 138 139 140 
47 118 81 128 192 188 189 190 191 
79 127 99 141 103 123 124 126 128 
1 96 107 107 118 195 196 197 198 
47 98 122 141 128 184 185 186 187 
69 107 120 195 126 127 128 201 202 
25 112 35 74 117 125 127 213 138 
98 118 120 123 127 128 181 182 183 
98 1 44 124 107 126 128 170 171 
47 119 122 128 189 147 148 149 150 
41 44 108 126 115 214 215 216 217 
113 126 127 128 203 204 205 206 207 
118 82 127 111 123 128 135 136 137 
119 10 128 17 106 128 163 164 165 
90 44 99 126 107 117 127 128 178 
79 99 173 103 175 123 124 126 128 
119 22 71 147 74 155 156 157 158 
69 48 126 114 125 126 128 153 154 
82 118 123 123 127 128 181 182 183 
102 112 121 127 208 209 210 137 138 
9 111 110 128 130 131 132 133 134 
130 47 127 128 134 141 142 143 144 
89 9 110 127 130 131 132 133 134 
70 114 98 126 105 130 131 132 133 
113 9 110 128 130 131 132 133 134 
47 96 128 107 118 195 196 197 198 
47 96 128 101 110 118 127 128 134 
94 116 120 117 166 211 167 168 169 
118 48 114 128 125 126 128 153 154 
1 79 99 126 103 123 124 126 128 
9 10 130 17 106 128 163 164 165 
119 123 122 128 128 147 148 149 150 
94 113 117 124 125 127 128 199 200 
94 10 17 106 167 128 163 164 165 
128 90 99 174 107 117 127 128 178 
41 126 128 203 204 216 205 206 207 
28 172 38 59 108 176 109 115 135 
5 172 33 174 44 56 128 179 180 
96 123 101 110 181 118 127 128 134 
90 117 118 122 128 126 192 193 194 
1 44 122 107 126 128 170 137 171 
96 107 127 118 138 195 196 197 198 
9 10 17 131 106 128 163 164 165 
96 107 122 118 128 195 196 197 198 
94 118 117 123 127 128 181 182 183 
113 131 123 133 127 128 138 139 138 
10 123 17 106 138 128 163 164 165 
96 5 118 33 44 56 128 179 180 
69 44 120 126 126 127 128 201 202 
1 44 123 107 126 136 128 170 171 
96 128 107 118 195 135 196 197 198 
96 107 118 184 195 186 196 197 198 
51 82 81 117 127 127 128 145 146 
113 110 124 125 127 128 199 137 200 
98 50 128 82 119 125 126 127 128 
22 113 124 125 127 128 136 199 200 
94 116 123 117 135 166 167 168 169 
118 123 127 133 128 181 136 182 183 
90 118 122 127 126 199 192 193 194 
51 81 107 117 128 127 128 145 146 
98 44 117 126 120 124 128 211 212 
22 71 74 147 155 149 156 157 158 
98 90 99 124 107 117 127 128 178 
90 81 99 107 117 190 127 128 178 
48 118 125 123 127 128 181 182 183 
98 118 120 123 127 128 181 182 183 
126 47 81 204 128 188 189 190 191 
98 117 120 128 124 164 128 211 212 
128 102 173 112 121 127 208 209 210 
79 122 99 147 103 123 124 126 128 
69 25 126 35 74 117 125 127 213 
10 131 17 106 128 135 163 164 165 
90 30 122 38 103 159 160 161 162 
48 47 127 128 141 153 142 143 144 
98 82 111 124 123 128 135 136 137 
89 1 122 44 107 126 128 170 171 
96 38 107 159 118 195 196 197 198 
119 122 128 147 148 149 150 137 138 
118 123 127 204 128 181 182 137 183 
119 9 128 110 130 131 132 133 134 
118 96 127 107 118 195 196 197 198 
128 172 128 173 174 175 176 177 138 
50 172 82 174 119 125 126 127 128 
25 82 74 111 123 128 135 136 137 
102 112 122 121 127 151 208 209 210 
47 48 114 188 125 126 128 153 154 
47 44 127 126 128 141 142 143 144 
94 98 117 122 128 184 185 186 187 
48 91 114 127 125 126 128 153 154 
94 113 117 123 127 128 138 139 140 
96 91 101 110 118 127 128 134 138 
10 96 101 110 163 118 127 128 134 
69 117 120 124 126 127 128 201 202 
113 1 44 107 138 126 128 170 171 
90 118 125 122 126 192 154 193 194 
9 10 17 131 106 128 163 164 165 
48 10 125 17 106 128 163 164 165 
69 127 120 141 126 127 128 201 202 
118 123 74 127 128 181 182 183 138 
9 96 107 118 195 196 197 137 198 
69 98 117 120 128 124 128 211 212 
89 69 122 120 126 127 128 201 202 
96 82 111 123 128 197 135 136 137 
50 50 82 119 125 126 128 127 128 
94 116 103 117 160 166 167 168 169 
94 90 99 107 127 117 127 128 178 
9 22 130 71 74 155 156 157 158 
89 22 122 71 74 155 156 157 158 
41 102 112 214 121 127 208 209 210 
90 102 107 112 121 127 208 209 210 
30 50 82 119 125 126 127 137 128 
102 108 112 121 127 208 209 137 210 
96 101 119 110 118 127 127 128 134 
98 111 122 128 135 184 185 186 187 
126 118 203 123 127 128 181 182 183 
96 107 118 195 128 196 152 197 198 
5 90 44 118 122 126 192 193 194 
113 102 127 112 121 127 208 209 210 
79 99 103 123 124 164 126 137 128 
5 33 132 44 134 56 128 179 180 
79 99 125 103 123 124 126 128 138 
22 71 74 155 156 157 180 158 138 
94 102 104 126 138 127 140 128 218 
70 128 98 105 130 131 132 133 138 
30 38 106 103 159 160 161 162 138 
9 110 130 131 132 164 133 134 138 
119 50 82 119 148 125 126 127 128 
118 81 123 127 128 145 181 182 183 
10 17 106 128 163 163 164 137 165 
126 119 203 122 128 147 148 149 150 
30 79 103 99 103 123 124 126 128 
98 102 112 184 121 127 208 209 210 
98 113 128 124 125 127 128 199 200 
25 35 120 74 128 117 125 127 213 
48 114 125 126 128 127 153 154 138 
90 99 107 117 127 128 178 137 138 
98 98 120 117 120 124 128 211 212 
48 9 110 130 128 131 132 133 134 
41 108 128 115 214 215 150 216 217 
113 82 111 123 128 139 135 136 137 
9 110 122 130 131 151 132 133 134 
48 114 126 125 128 126 128 153 154 
50 1 44 125 107 126 128 170 171 
1 118 107 123 127 128 181 182 183 
70 98 121 105 130 131 210 132 133 
128 82 111 174 123 128 135 136 137 
25 118 35 126 74 117 125 127 213 
96 107 122 118 128 195 196 197 198 
69 96 107 118 128 195 196 197 198 
96 118 107 118 195 196 197 137 198 
119 47 128 81 128 188 189 190 191 
119 9 128 110 130 131 132 133 134 
47 10 128 17 106 128 163 164 165 
126 89 91 122 205 127 128 151 152 
47 123 127 128 128 141 142 143 144 
96 70 98 195 105 130 131 132 133 
30 38 103 141 159 160 161 162 138 
102 94 116 127 117 166 167 168 169 
90 118 125 122 126 192 200 193 194 
9 69 120 131 126 127 128 201 202 
96 128 118 172 173 174 175 176 177 
119 69 128 120 126 127 128 201 202 
94 50 82 119 125 126 127 128 138 
51 107 81 195 117 127 128 145 146 
50 82 119 119 126 125 126 127 128 
50 117 82 124 119 125 126 127 128 
119 122 203 128 147 148 149 150 138 
48 114 125 128 126 128 153 154 138 
1 71 44 107 156 126 128 170 171 
47 1 128 44 107 126 128 170 171 
47 127 128 128 141 186 142 143 144 
96 101 122 110 118 127 128 137 134 
47 127 126 128 141 201 142 143 144 
47 9 110 188 130 131 132 133 134 
69 79 126 99 103 123 124 126 128 
118 99 123 127 128 181 178 182 183 
113 124 125 127 148 128 150 199 200 
9 102 110 126 130 131 132 133 134 
9 110 122 130 192 131 132 133 134 
69 110 120 126 127 133 128 201 202 
9 102 110 130 127 131 132 133 134 
98 122 128 128 184 185 140 186 187 
79 127 99 103 142 123 124 126 128 
126 110 128 131 203 204 205 206 207 
1 9 110 130 128 131 132 133 134 
128 82 111 123 134 128 135 136 137 
94 91 102 104 126 151 127 128 218 
10 10 17 106 128 164 163 164 165 
98 89 120 91 122 127 128 151 152 
94 127 116 141 117 166 167 168 169 
98 1 128 44 107 126 128 170 171 
90 99 107 117 196 127 198 128 178 
50 48 119 114 125 126 128 153 154 
79 99 103 127 123 151 124 126 128 
47 30 128 38 103 159 160 161 162 
69 98 126 117 120 124 128 211 212 
48 128 125 172 173 174 175 176 177 
89 116 91 122 127 168 128 151 152 
113 127 124 141 125 127 128 199 200 
130 50 82 133 119 125 126 127 128 
98 48 114 125 128 126 128 153 154 
90 118 118 122 126 192 193 194 138 
96 98 118 122 128 184 185 186 187 
69 107 120 195 126 127 128 201 202 
90 102 122 112 121 127 208 209 210 
126 128 203 204 215 205 206 207 138 
94 9 104 110 130 131 132 133 134 
98 69 128 120 126 127 128 201 202 
119 123 122 128 147 148 149 137 150 
30 119 103 122 128 147 148 149 150 
118 22 127 71 74 155 156 157 158 
22 128 172 173 174 157 175 176 177 
28 38 118 59 196 108 109 115 135 
30 9 110 159 130 131 132 133 134 
47 9 110 130 131 135 132 133 134 
47 127 121 128 208 141 142 143 144 
113 123 125 127 128 128 138 139 140 
79 107 99 195 103 123 124 126 128 
113 124 125 127 128 127 199 137 200 
96 101 121 110 118 135 127 128 134 
94 116 117 124 166 211 167 168 169 
48 28 125 38 59 108 109 115 135 
1 102 112 121 127 170 208 209 210 
119 44 122 126 128 147 148 149 150 
98 17 117 128 120 124 128 211 212 
102 128 121 172 173 174 175 176 177 
47 94 116 141 117 166 167 168 169 
50 108 82 119 215 125 126 127 128 
96 50 118 82 119 125 126 127 128 
128 96 107 118 175 195 196 197 198 
