28 69 69 128 123 128 610 705 771 898 
28 28 123 69 123 128 750 846 850 941 
28 69 69 123 128 219 223 237 725 820 
28 28 69 123 763 128 939 944 949 981 
28 69 69 128 123 128 764 773 904 906 
28 28 123 69 311 123 128 702 783 833 
28 69 123 128 128 368 538 581 650 831 
28 69 123 128 538 594 695 736 795 920 
28 69 69 123 494 128 658 836 910 954 
28 28 123 69 123 128 675 790 808 885 
28 69 69 123 504 128 686 787 805 977 
28 69 69 128 123 128 816 827 961 971 
28 28 123 69 123 128 505 693 981 993 
28 69 123 123 514 128 607 725 859 922 
28 28 69 128 123 280 128 627 965 988 
28 69 123 128 296 354 515 553 700 984 
28 69 123 123 261 128 388 576 579 975 
28 28 123 69 123 128 735 736 764 798 
28 28 69 123 614 128 798 805 889 928 
28 28 69 123 128 321 368 406 787 910 
28 28 69 123 128 376 431 449 657 826 
28 28 123 69 123 128 657 712 717 912 
28 69 69 123 128 518 526 562 820 832 
28 69 123 128 128 673 738 746 960 985 
28 28 123 69 655 123 128 792 953 978 
28 28 69 128 123 128 529 762 824 950 
28 69 69 123 306 128 690 718 906 934 
28 28 69 128 123 128 698 771 970 983 
28 69 123 123 128 306 437 447 769 918 
28 28 123 69 123 757 128 814 889 937 
28 28 123 69 303 123 128 588 865 956 
28 28 69 123 128 289 311 651 776 934 
28 28 69 128 123 719 128 780 807 909 
28 69 69 123 128 553 565 600 756 801 
28 28 69 123 128 758 872 912 956 989 
28 28 123 69 123 128 658 661 767 877 
28 28 123 69 123 655 128 829 861 979 
28 69 69 128 123 533 128 781 813 822 
28 69 123 128 618 641 688 852 866 883 
28 28 123 69 123 382 128 722 843 916 
28 28 123 69 123 446 128 603 785 835 
28 69 123 123 723 128 760 826 914 971 
28 28 123 69 123 128 602 614 716 930 
28 69 69 123 128 828 839 854 865 893 
28 28 69 123 776 128 877 888 902 999 
28 28 69 128 123 447 128 825 874 876 
28 69 123 123 430 128 475 689 866 950 
28 28 69 123 128 361 367 588 622 764 
28 69 123 123 128 573 697 715 889 929 
28 28 123 69 123 128 514 583 670 996 
28 69 123 123 375 128 553 618 654 862 
28 69 123 123 128 549 623 731 782 948 
28 69 123 123 252 128 366 453 496 850 
28 69 69 123 128 425 543 804 854 983 
28 28 69 128 123 128 544 832 880 954 
28 28 69 128 123 767 128 828 862 883 
28 69 69 123 128 203 633 767 858 871 
28 69 123 128 576 578 588 834 873 933 
28 69 69 128 123 128 811 849 858 968 
28 69 69 123 373 128 614 627 656 805 
28 28 69 128 123 532 128 663 807 936 
28 28 123 69 123 601 128 746 747 967 
28 28 69 128 123 616 128 823 835 904 
28 69 69 123 128 380 436 632 817 889 
28 28 69 128 123 128 461 665 776 897 
28 28 69 123 128 439 753 790 877 977 
28 28 69 123 128 470 574 627 904 985 
28 28 123 69 300 123 128 583 701 798 
28 28 69 128 123 128 592 849 967 980 
28 28 69 123 398 128 646 851 894 958 
28 69 123 123 128 545 775 927 946 993 
28 69 123 123 128 483 786 813 899 1000 
28 69 123 123 128 658 767 848 934 966 
28 28 69 123 445 128 574 580 823 992 
28 69 69 128 123 658 128 971 984 986 
28 69 123 123 128 559 641 699 848 965 
28 69 69 123 128 725 958 960 965 973 
28 69 69 123 358 128 673 776 811 947 
28 28 69 123 581 128 814 854 942 977 
28 69 123 128 814 852 874 928 938 1000 
28 28 69 123 128 274 279 353 665 893 
28 69 123 123 460 128 737 866 921 966 
28 69 123 123 128 486 633 681 847 955 
28 69 69 123 128 369 442 462 591 701 
28 28 69 123 128 828 877 909 964 977 
28 28 69 128 123 128 628 636 830 914 
28 28 123 69 123 291 128 414 570 835 
28 28 69 123 128 426 491 499 867 954 
28 28 123 69 123 567 128 644 731 944 
28 69 69 123 128 593 696 815 902 909 
28 28 69 123 128 659 777 821 900 977 
28 69 69 123 128 696 732 923 947 996 
28 28 123 69 123 128 685 689 855 909 
28 28 69 123 652 128 856 863 960 993 
28 69 69 128 123 128 208 400 579 975 
28 28 123 69 444 123 128 650 727 864 
28 28 123 69 123 128 421 578 639 998 
28 28 69 128 123 128 540 636 692 932 
28 69 123 123 458 128 553 627 864 897 
28 69 69 123 344 128 574 584 832 899 
35 91 113 90 124 423 127 639 761 993 
91 113 345 124 127 652 731 745 846 954 
55 91 74 113 494 124 127 807 872 988 
91 113 134 124 127 531 705 784 896 958 
1 91 100 113 124 536 127 569 579 1000 
86 91 113 419 124 127 557 677 687 835 
35 91 47 113 124 127 479 534 570 989 
91 126 113 124 714 127 739 797 849 991 
35 91 47 113 256 124 127 391 721 845 
91 46 113 90 124 127 677 845 862 900 
105 91 113 453 124 616 127 846 927 943 
91 113 113 127 124 349 127 682 799 989 
91 62 113 124 127 641 658 836 935 951 
1 91 100 113 273 124 127 771 861 942 
91 113 124 127 302 324 566 708 860 930 
91 113 124 127 433 442 534 591 645 963 
35 91 113 124 127 371 535 885 915 926 
35 46 47 387 90 679 700 774 775 938 
54 91 412 113 124 700 127 806 903 952 
91 126 113 538 124 127 823 901 918 945 
91 113 113 124 635 127 702 729 750 924 
91 91 124 113 333 124 127 421 621 741 
86 91 113 127 124 267 127 710 714 830 
104 91 589 113 655 124 127 693 957 986 
35 91 47 113 388 124 127 707 770 875 
129 91 460 113 634 124 127 855 954 986 
86 91 472 113 596 124 127 889 892 925 
91 113 124 127 470 584 640 659 681 925 
35 91 113 90 124 127 809 822 836 927 
3 91 191 113 463 124 127 745 855 978 
91 111 113 425 124 705 127 750 886 923 
91 113 124 390 127 533 626 674 716 814 
91 164 113 383 124 127 626 737 800 915 
35 91 113 124 467 127 761 853 857 878 
63 35 46 274 47 604 90 889 890 934 
91 62 113 450 124 127 777 852 893 958 
210 91 113 124 127 702 709 740 742 985 
91 126 113 364 124 480 127 846 916 984 
91 91 113 127 124 127 677 825 932 966 
91 91 124 113 698 124 127 790 860 984 
91 24 113 35 124 730 127 850 865 919 
91 113 391 124 127 780 814 828 891 932 
86 91 142 113 124 235 127 493 611 830 
91 113 113 124 542 127 661 670 706 859 
91 91 113 127 124 373 127 673 860 869 
91 141 113 404 124 127 644 732 773 983 
91 113 113 124 127 536 736 842 946 960 
91 126 113 124 127 340 487 533 892 916 
91 113 124 127 247 398 759 891 907 970 
91 113 113 124 412 127 818 861 946 980 
35 91 113 124 127 701 705 808 903 920 
12 91 356 113 488 124 127 675 838 852 
1 91 113 124 741 127 792 816 876 952 
91 46 113 90 124 537 127 685 708 985 
35 91 113 124 651 127 806 877 913 978 
95 91 206 113 416 124 127 792 877 942 
91 113 124 238 127 378 516 963 974 980 
91 113 100 124 124 127 692 850 853 879 
86 91 113 124 127 642 674 704 757 986 
35 91 47 113 530 124 127 855 907 990 
91 126 113 124 127 642 666 672 825 982 
52 91 113 124 127 615 715 747 818 968 
91 113 124 124 426 127 498 580 699 880 
91 113 124 127 218 292 469 491 835 983 
91 113 124 127 300 356 436 519 606 645 
91 113 124 582 127 739 821 871 886 999 
91 113 124 124 127 612 675 680 818 849 
91 91 113 124 127 823 838 904 977 1000 
86 91 113 124 127 598 609 630 753 977 
91 46 113 90 124 638 127 912 946 954 
91 46 113 124 535 127 755 810 954 969 
86 91 113 411 124 601 127 772 810 922 
91 68 113 117 124 205 127 535 644 871 
35 91 113 124 145 127 315 333 392 567 
35 91 113 90 124 127 637 673 811 920 
91 113 100 124 127 446 515 610 633 807 
6 91 113 124 200 127 344 645 742 886 
91 91 113 124 127 283 725 735 795 963 
91 113 124 127 773 780 855 911 934 973 
91 126 113 124 376 127 608 874 880 911 
91 126 113 294 124 127 470 851 875 947 
91 113 100 124 127 352 553 607 645 853 
91 113 167 124 127 504 535 871 911 919 
91 53 113 124 263 127 526 566 710 747 
91 46 113 124 530 127 710 717 856 863 
5 31 93 134 196 270 293 316 402 468 
91 113 113 127 124 625 127 693 918 972 
35 91 113 90 124 127 789 810 845 879 
35 91 47 113 124 381 127 726 758 866 
91 113 124 124 243 127 424 808 875 908 
91 46 113 90 124 127 653 695 751 963 
91 62 113 124 481 127 556 665 890 931 
91 113 124 318 127 443 486 816 925 943 
35 91 113 90 124 609 127 716 868 988 
25 91 113 256 124 331 127 656 951 996 
91 46 113 90 124 557 127 658 673 805 
86 91 465 113 488 124 127 898 967 988 
91 46 113 124 127 578 740 801 816 896 
91 91 124 113 124 127 892 919 923 928 
91 91 124 113 124 127 812 841 887 978 
35 35 47 46 47 408 90 774 926 991 
253 261 281 394 437 575 719 726 733 907 
130 237 324 361 624 687 688 708 752 936 
77 35 46 47 330 90 499 654 661 685 
35 72 93 146 154 225 338 681 969 998 
98 35 207 46 47 751 90 766 931 940 
205 35 362 46 529 47 90 765 928 955 
70 250 263 630 631 774 810 868 877 937 
397 86 126 649 676 751 818 828 858 895 
120 196 358 368 434 501 687 710 891 989 
29 89 113 291 396 585 661 745 756 861 
207 227 331 407 468 619 738 871 914 928 
1 1 100 62 100 633 714 762 807 920 
35 46 47 400 90 531 676 807 856 930 
101 135 189 254 517 594 642 729 942 948 
40 85 87 182 349 456 622 673 763 979 
35 170 46 575 47 90 641 711 712 772 
35 46 46 90 47 90 720 795 879 949 
35 400 46 47 90 736 745 772 893 918 
34 186 291 325 335 402 427 488 613 712 
54 86 126 357 572 675 683 720 881 900 
1 62 62 397 100 507 668 798 835 996 
35 165 46 380 47 596 90 808 831 886 
92 105 182 189 361 525 576 713 863 910 
35 86 47 126 314 369 473 590 683 760 
131 35 229 46 47 615 90 788 873 875 
71 218 257 378 386 618 689 690 719 975 
19 35 46 420 47 788 90 852 898 963 
179 367 414 475 502 530 616 694 906 981 
86 126 47 90 194 302 403 417 651 708 
38 35 46 666 47 90 821 872 877 912 
32 91 297 386 464 478 494 615 828 872 
1 35 100 46 47 506 90 747 818 840 
184 35 46 587 47 666 90 904 953 978 
237 35 324 46 559 47 90 667 870 914 
86 35 401 46 47 636 90 764 935 991 
1 35 46 47 90 746 810 864 918 960 
35 62 46 47 90 556 833 883 967 997 
1 62 590 100 689 712 722 740 805 949 
86 46 126 90 339 413 534 547 663 949 
86 62 126 257 411 499 679 754 913 940 
86 126 281 406 449 525 611 618 690 972 
86 126 435 448 451 467 592 606 726 933 
158 35 517 46 47 747 90 924 933 980 
86 61 126 321 322 478 710 727 905 996 
35 35 46 47 90 578 593 623 638 686 
35 46 46 90 47 90 576 656 715 833 
86 35 312 46 360 47 90 908 977 1000 
35 46 47 90 523 595 718 721 777 965 
69 35 46 47 90 621 626 697 811 883 
19 35 295 46 47 90 628 817 919 925 
59 35 46 141 47 90 419 649 791 942 
40 79 143 279 461 502 682 747 896 988 
39 35 46 47 329 90 454 571 592 643 
33 78 171 533 618 628 804 889 910 995 
86 119 126 199 311 343 400 491 919 987 
35 46 396 47 475 90 779 871 899 951 
35 333 46 47 90 603 680 785 799 816 
35 153 46 47 528 90 713 782 884 931 
35 35 47 46 382 47 90 685 869 934 
1 106 62 303 100 580 612 743 891 914 
86 126 259 280 289 439 514 781 844 967 
196 315 346 455 544 614 698 707 930 959 
109 159 252 280 296 303 524 557 722 848 
61 35 46 47 90 361 411 739 756 1000 
35 86 126 90 133 166 544 699 938 974 
35 217 46 47 333 90 743 819 937 974 
89 182 234 324 522 623 650 852 866 940 
19 41 47 297 401 527 564 599 648 762 
1 34 62 198 100 405 420 469 588 857 
35 62 46 211 47 381 90 929 940 980 
35 86 126 90 572 645 738 883 921 958 
86 35 46 47 467 90 535 607 706 838 
35 97 46 47 296 90 726 733 836 971 
86 126 126 119 423 462 471 671 727 940 
167 202 211 448 472 599 676 768 912 995 
86 101 126 304 436 483 626 671 749 841 
57 35 174 46 718 47 90 878 936 1000 
83 35 171 46 47 90 598 874 896 977 
35 46 46 47 445 90 679 807 938 953 
53 1 62 458 100 705 787 824 841 905 
184 35 287 46 47 552 90 646 773 810 
35 46 153 47 691 90 921 932 953 977 
247 304 588 637 649 795 889 912 934 998 
35 46 100 47 90 754 785 830 837 996 
17 35 46 47 89 90 338 381 622 845 
204 237 268 273 298 571 603 737 766 926 
1 62 307 100 498 609 825 860 935 940 
30 174 589 630 675 699 715 840 851 921 
251 35 311 46 330 47 90 760 773 983 
1 393 62 571 100 619 634 655 821 912 
35 35 47 46 469 47 90 625 661 979 
35 46 47 90 685 730 736 761 851 893 
351 433 563 579 698 734 779 815 836 943 
1 1 62 100 724 761 796 871 959 965 
35 126 46 47 384 90 551 568 735 999 
35 92 46 47 90 581 744 773 794 915 
229 1 62 466 100 622 679 703 867 910 
39 1 62 298 100 398 478 734 791 857 
35 1 62 90 100 497 517 769 782 906 
9 22 104 203 243 327 368 696 786 839 
54 70 128 138 271 329 526 672 744 926 
35 53 68 90 542 580 668 807 889 982 
148 199 272 358 423 508 679 907 910 921 
35 105 46 47 704 90 858 906 937 967 
1 62 62 100 494 577 648 666 748 884 
70 94 201 212 219 299 489 507 647 669 
35 46 47 325 90 603 675 764 806 975 
86 224 332 416 419 573 678 770 853 949 
1 62 100 328 467 608 750 754 845 861 
1 249 62 100 617 666 784 812 908 960 
35 46 138 47 237 90 712 740 887 900 
68 179 201 251 253 375 668 809 850 882 
35 243 46 509 47 768 90 855 872 945 
28 1 117 62 100 527 588 793 866 934 
232 312 355 535 553 675 687 796 865 895 
55 35 257 46 47 384 90 691 902 932 
35 156 46 211 47 90 583 888 984 992 
50 1 211 62 537 100 726 750 766 910 
35 46 82 47 90 478 494 553 616 846 
7 123 140 230 506 513 533 700 820 884 
92 135 159 364 491 526 563 755 895 966 
134 35 295 46 459 47 90 660 703 797 
1 62 100 260 384 448 501 772 951 998 
35 35 47 46 47 90 572 581 629 731 
35 46 47 270 90 444 543 713 766 996 
17 35 46 381 47 661 90 712 895 993 
22 51 149 219 516 634 690 790 868 885 
138 231 364 378 450 580 659 759 773 902 
35 62 46 203 47 563 90 716 735 806 
35 46 47 47 496 90 519 584 835 957 
35 49 46 47 294 90 692 856 863 927 
35 35 47 46 326 47 90 743 889 992 
35 46 46 90 47 90 818 887 918 936 
97 1 62 271 100 607 640 721 756 870 
35 326 46 470 47 90 699 867 902 977 
35 46 47 520 90 567 641 679 770 937 
18 161 221 251 255 581 586 672 783 907 
35 35 47 46 47 90 930 966 990 995 
35 406 46 718 47 815 90 955 970 1000 
25 132 237 329 422 497 558 670 702 975 
35 46 46 90 47 90 825 852 867 983 
20 35 177 46 47 90 746 850 932 941 
35 146 46 47 90 356 406 616 670 735 
35 223 46 499 47 90 758 834 907 1000 
35 58 46 367 47 432 90 769 788 814 
156 35 46 531 47 673 90 717 746 781 
5 35 75 46 47 90 694 757 968 977 
24 35 46 47 414 90 578 694 786 887 
35 35 47 46 47 540 90 696 829 994 
35 35 46 90 47 538 90 731 774 962 
1 62 63 100 203 372 436 717 850 960 
1 35 100 46 47 572 90 665 888 894 
35 46 195 47 90 518 598 625 724 997 
102 35 46 270 47 511 90 625 716 738 
13 36 180 269 329 352 457 559 600 851 
35 35 46 90 47 90 372 407 486 982 
65 1 212 62 473 100 604 626 731 860 
96 172 195 338 348 373 470 489 716 852 
152 35 46 305 47 446 90 599 666 903 
109 35 46 47 90 610 620 726 826 873 
1 35 46 47 90 443 547 666 736 974 
1 285 62 474 100 570 599 686 792 916 
131 174 262 408 499 608 734 830 838 999 
56 109 428 548 614 639 658 743 809 866 
32 83 47 90 557 625 732 822 842 907 
85 1 62 100 302 500 520 527 717 825 
35 35 46 90 47 715 90 820 966 976 
35 200 46 47 90 650 703 727 883 892 
13 38 181 316 529 569 637 827 929 930 
99 201 303 323 488 603 696 780 913 962 
35 35 46 47 90 227 629 643 718 958 
35 100 46 329 47 90 662 765 826 926 
35 46 47 399 90 676 692 703 783 833 
122 218 336 364 588 594 667 822 874 914 
35 46 47 214 90 612 626 676 745 783 
17 35 46 233 47 90 505 637 708 971 
35 46 47 242 90 667 744 817 850 853 
281 338 410 589 598 613 701 716 730 733 
1 62 374 100 602 613 694 722 794 890 
35 87 91 203 317 403 757 789 848 880 
1 193 298 343 395 408 538 753 770 872 
306 358 559 574 617 696 710 712 755 860 
35 35 47 46 47 90 760 791 820 997 
35 46 47 90 346 379 447 517 778 856 
157 35 199 46 337 47 90 881 958 962 
127 129 137 170 236 394 531 558 705 908 
35 46 46 90 47 676 90 750 926 936 
1 183 62 288 100 621 737 750 781 862 
24 43 227 265 451 713 867 877 949 955 
53 35 432 46 527 47 90 721 847 868 
73 122 311 530 584 731 759 862 945 982 
180 272 273 444 602 615 624 655 753 917 
1 412 62 609 100 747 808 870 916 951 
32 46 83 90 447 505 547 557 580 670 
35 35 46 90 47 407 90 505 543 837 
35 35 47 46 387 47 90 531 611 768 
52 1 62 215 100 438 450 559 732 961 
227 437 448 472 519 530 623 802 854 890 
158 35 395 46 516 47 90 887 978 990 
1 139 62 100 507 731 896 898 934 998 
35 338 363 404 444 448 526 643 648 980 
84 1 206 62 100 584 739 795 885 911 
35 39 58 424 431 455 524 584 675 919 
40 74 76 267 278 441 664 679 733 881 
1 206 62 100 468 699 715 851 949 966 
4 481 484 615 638 662 689 723 871 978 
1 62 250 100 373 398 526 735 863 891 
27 1 62 100 453 545 557 612 757 953 
56 183 305 412 481 491 659 755 758 837 
430 540 637 674 676 693 703 847 863 876 
113 188 376 390 681 799 938 941 945 977 
62 88 155 210 259 661 796 817 923 950 
7 55 59 172 226 313 536 564 878 893 
1 290 62 100 365 398 478 708 738 903 
1 62 590 100 716 738 806 911 979 996 
10 33 105 191 544 554 593 662 891 960 
115 196 216 301 466 530 673 694 729 940 
1 62 100 427 584 595 602 619 711 744 
18 293 296 523 537 681 709 824 856 961 
1 62 117 100 262 313 372 470 588 805 
41 107 228 416 442 528 584 656 661 760 
203 348 376 410 451 468 735 930 960 1000 
128 1 62 100 489 602 743 754 819 951 
22 173 226 234 366 440 505 760 778 998 
63 80 92 228 236 581 613 703 806 922 
112 1 330 62 100 542 729 815 820 841 
300 464 568 660 687 842 858 967 987 997 
32 51 174 181 225 427 449 472 551 717 
15 36 117 273 324 538 584 673 712 904 
1 1 62 312 100 592 611 652 778 873 
108 115 134 142 299 628 757 836 898 988 
173 1 316 62 100 471 601 602 842 867 
198 251 385 525 572 595 630 663 693 861 
91 156 204 320 350 497 560 677 727 770 
1 62 100 150 305 310 577 627 891 903 
47 1 62 334 100 526 561 599 866 902 
37 62 85 256 328 352 611 616 627 780 
94 1 348 62 450 100 625 654 700 884 
1 140 62 100 724 726 755 760 771 868 
75 97 142 355 485 556 562 635 725 779 
21 114 131 156 451 454 547 568 648 887 
1 341 62 100 665 789 912 914 935 936 
1 62 100 331 405 464 621 674 692 866 
4 55 60 210 368 526 632 645 820 860 
51 65 100 267 342 394 395 728 740 921 
20 316 354 408 421 466 484 510 870 963 
1 223 62 100 387 833 849 891 900 906 
1 62 99 100 290 390 462 817 894 987 
70 159 365 429 525 603 607 684 816 937 
21 157 212 279 560 693 793 823 888 971 
18 91 114 339 356 389 521 594 912 941 
39 95 222 226 254 357 748 849 896 993 
35 85 121 312 393 804 842 868 922 998 
1 62 100 264 353 437 438 483 718 907 
190 315 420 483 490 511 553 726 810 901 
58 64 268 335 451 492 534 610 845 893 
345 398 409 462 686 761 772 840 921 936 
27 163 185 219 221 321 400 489 870 975 
186 343 664 681 737 790 811 865 866 950 
205 1 357 62 434 100 475 571 748 992 
62 86 281 378 398 584 697 776 833 884 
171 1 62 335 100 528 549 621 655 938 
72 327 407 475 571 612 649 742 796 891 
1 1 62 537 100 770 895 901 908 929 
28 126 193 257 318 523 755 806 885 967 
1 62 271 100 478 490 510 616 722 806 
10 1 309 62 100 578 584 632 870 952 
121 156 255 599 623 647 753 761 854 952 
15 1 260 62 483 100 520 764 883 957 
11 13 169 209 221 640 747 856 958 985 
75 121 343 405 606 662 835 943 949 966 
36 70 95 206 325 366 447 550 709 882 
1 350 62 100 521 701 705 777 785 843 
47 1 62 231 100 309 359 504 806 844 
10 18 85 158 501 656 664 833 898 951 
116 142 308 330 477 479 647 668 670 859 
32 83 200 261 340 461 556 587 663 706 
100 1 258 62 547 100 748 768 782 893 
85 1 62 454 100 695 702 704 841 883 
179 367 471 672 674 679 700 731 935 981 
32 26 83 306 342 421 606 701 860 926 
54 62 331 361 376 444 601 665 752 936 
96 132 483 516 581 614 658 750 753 900 
197 218 448 508 517 608 694 727 746 988 
1 62 100 398 522 595 691 717 835 884 
93 145 185 187 215 454 541 825 868 932 
56 127 231 255 285 329 339 526 547 549 
62 103 346 362 390 449 651 669 675 822 
1 126 62 197 100 278 691 769 852 853 
1 62 100 267 361 379 391 626 636 662 
8 203 207 313 570 695 750 797 874 922 
1 191 62 323 100 627 661 777 885 928 
1 316 62 100 471 482 621 636 866 991 
94 1 62 100 713 733 808 822 847 848 
1 400 62 100 650 705 776 849 927 942 
32 83 259 345 504 568 670 736 807 969 
52 75 97 180 238 495 572 587 708 747 
49 32 83 410 490 657 732 809 819 852 
67 1 253 62 682 100 720 816 888 904 
