130 131 132 133 134 135 136 137 138 
130 131 132 133 134 135 136 137 138 
130 50 82 133 119 125 126 127 128 
10 131 17 106 134 128 163 137 138 
130 90 99 107 134 117 127 128 178 
10 131 17 133 106 128 163 164 165 
130 96 107 133 118 195 196 197 198 
130 82 111 123 134 128 135 136 137 
126 128 132 203 134 204 205 206 207 
130 98 122 133 128 184 185 186 187 
130 126 128 203 134 204 205 206 207 
130 10 132 17 106 128 163 164 165 
130 69 120 126 134 127 128 201 202 
130 98 117 120 134 124 128 211 212 
113 123 127 133 128 138 139 137 140 
130 96 132 107 118 195 196 197 138 
130 5 132 33 44 56 128 179 180 
69 131 120 133 126 127 128 201 202 
130 128 132 172 173 174 175 176 177 
30 38 132 103 134 159 160 161 162 
119 131 122 133 128 147 148 149 138 
98 122 128 133 184 185 186 137 187 
94 131 116 133 117 166 167 168 138 
130 118 123 133 127 128 181 182 183 
130 51 132 81 117 127 128 145 138 
10 131 17 106 134 128 163 164 165 
130 1 44 107 134 126 128 170 171 
1 44 107 133 126 128 170 171 138 
48 114 125 126 128 153 136 154 138 
130 9 110 130 134 131 132 133 134 
119 122 132 128 147 135 148 149 150 
130 82 132 111 123 128 135 136 137 
47 131 81 128 188 135 189 190 191 
130 90 99 133 107 117 127 128 178 
98 122 132 128 184 135 185 186 187 
22 71 132 74 134 155 156 137 138 
119 131 122 128 147 135 136 137 138 
113 131 123 133 127 128 138 139 140 
47 131 81 133 128 188 189 190 191 
130 113 132 124 125 127 128 199 200 
130 94 116 117 134 166 167 168 169 
47 131 127 128 141 142 143 137 144 
130 113 123 127 134 128 138 139 140 
30 38 132 103 159 160 161 162 138 
82 111 123 128 135 135 136 137 138 
10 17 106 133 128 163 136 164 165 
130 98 117 120 124 135 128 211 212 
41 108 115 214 134 215 216 137 217 
130 113 132 123 127 128 138 139 140 
10 131 17 106 134 128 163 164 165 
130 47 81 133 128 188 189 190 191 
30 131 38 133 103 159 160 161 162 
30 131 38 103 134 159 160 137 138 
25 131 35 74 117 125 136 127 213 
130 9 110 133 130 131 132 133 134 
130 9 110 133 130 131 132 133 134 
130 5 132 33 44 56 128 179 138 
41 131 108 133 115 214 215 216 217 
130 90 132 118 122 126 192 193 194 
102 112 121 133 127 135 208 209 210 
130 47 132 127 128 141 142 143 144 
48 114 132 125 134 126 128 153 154 
82 111 132 123 128 135 136 136 138 
130 98 117 120 124 128 136 211 212 
130 118 123 127 128 135 181 182 183 
82 131 111 133 123 128 135 136 137 
130 89 132 91 122 127 128 151 152 
82 111 123 128 134 135 136 136 137 
130 113 123 127 128 135 138 139 140 
130 131 132 133 134 135 136 137 138 
9 131 110 133 130 131 132 133 134 
130 131 132 133 134 135 136 137 138 
130 90 99 133 107 117 127 128 178 
130 118 123 127 134 128 181 182 183 
113 131 123 127 128 135 138 139 140 
69 131 120 126 134 127 128 201 202 
118 123 132 127 134 128 181 182 183 
130 94 132 102 104 126 127 128 218 
130 94 132 116 117 166 167 168 169 
47 81 128 133 188 189 190 191 138 
130 47 132 81 128 188 189 190 191 
130 5 132 33 44 56 128 179 180 
113 131 123 133 127 128 138 139 140 
130 47 132 127 128 141 142 143 144 
130 89 132 91 122 127 128 151 152 
130 128 172 173 174 135 175 176 177 
130 1 132 44 107 126 128 170 171 
130 25 132 35 74 117 125 127 213 
119 122 132 128 147 148 149 137 150 
130 113 132 124 125 127 128 199 200 
113 131 124 125 127 135 128 199 200 
130 69 120 126 134 127 128 201 202 
130 1 132 44 107 126 128 170 171 
98 131 117 133 120 124 128 211 212 
113 131 123 133 127 128 138 139 140 
130 41 132 108 115 214 215 216 217 
130 102 112 133 121 127 208 209 210 
51 131 81 133 117 127 128 145 146 
1 131 44 107 134 126 128 170 171 
1 44 107 126 128 170 136 171 138 
130 119 132 122 128 147 148 149 150 
47 127 132 128 141 142 143 144 138 
130 48 114 125 126 128 136 153 154 
130 96 132 107 118 195 196 197 198 
130 47 127 133 128 141 142 143 144 
102 131 112 133 121 127 208 209 210 
96 131 107 133 118 195 196 197 198 
89 131 91 133 122 127 128 151 152 
130 51 132 81 117 127 128 145 146 
130 119 132 122 128 147 148 149 150 
1 131 44 133 107 126 128 170 171 
96 107 118 133 195 135 196 197 198 
128 131 172 133 173 135 136 137 138 
30 38 132 103 134 159 160 161 162 
130 94 102 133 104 126 127 128 218 
10 131 17 133 106 128 163 164 165 
130 118 132 123 127 128 181 182 183 
94 131 116 133 117 166 167 168 169 
47 81 128 133 188 189 136 190 191 
130 89 132 91 122 127 128 151 152 
119 122 128 133 147 135 148 149 150 
47 131 81 128 134 188 189 190 191 
130 98 132 117 120 124 128 211 212 
126 128 203 133 204 205 206 207 138 
10 131 17 106 128 135 163 164 165 
130 118 123 127 128 181 182 183 138 
130 131 132 133 134 135 136 137 138 
130 82 111 123 128 135 136 137 137 
48 114 132 125 126 128 153 137 154 
130 126 132 128 203 204 136 137 138 
130 9 132 110 130 131 132 133 134 
113 131 124 133 125 127 128 199 200 
130 82 111 133 123 128 135 136 137 
130 25 132 35 74 117 125 127 213 
130 10 17 106 134 128 163 164 138 
51 81 132 117 127 135 128 145 146 
130 98 132 117 120 124 128 211 212 
130 10 17 106 128 135 163 164 165 
113 131 124 133 125 127 128 199 200 
130 128 132 172 173 174 175 176 177 
90 118 132 122 134 126 192 193 194 
130 98 132 122 128 184 185 186 187 
130 118 132 123 127 128 181 182 183 
130 98 132 117 120 124 128 211 212 
130 113 132 124 125 127 128 199 200 
98 131 117 133 120 124 128 211 212 
130 128 132 172 173 174 175 176 177 
113 123 127 128 134 138 139 140 138 
113 131 124 133 125 127 128 199 200 
47 131 81 128 134 188 189 190 191 
48 131 114 133 125 126 128 153 154 
130 47 127 128 141 135 142 143 144 
130 113 132 124 125 127 128 199 200 
47 131 81 133 128 188 189 190 191 
118 123 132 127 128 135 181 182 183 
130 47 81 133 128 188 189 190 191 
119 122 132 128 134 147 148 149 150 
130 51 132 81 117 127 128 145 146 
130 131 132 133 134 135 136 137 138 
96 107 118 195 134 196 136 197 198 
130 96 132 107 118 195 196 197 198 
113 131 123 127 128 135 138 139 140 
10 131 17 106 134 128 163 164 165 
98 131 122 128 134 184 185 186 187 
96 107 118 133 195 196 197 198 138 
22 131 71 133 74 155 156 157 158 
130 128 132 172 173 174 175 176 177 
130 113 132 123 127 128 138 139 140 
94 116 117 133 166 167 168 169 138 
130 48 132 114 125 126 128 153 154 
130 89 132 91 122 127 128 151 152 
130 98 132 122 128 184 185 186 138 
10 131 17 106 134 128 163 164 165 
94 131 116 117 134 166 167 168 169 
130 47 132 81 128 188 189 190 191 
89 131 91 122 127 128 151 152 138 
130 131 132 133 134 135 136 137 138 
90 131 118 133 122 126 192 193 194 
128 172 173 133 174 175 136 176 177 
119 131 122 128 134 147 148 149 150 
94 131 116 117 134 166 167 168 169 
41 131 108 133 115 214 215 216 217 
90 118 132 122 126 192 136 193 194 
130 90 99 107 117 135 127 128 178 
130 47 132 81 128 188 189 190 191 
9 131 110 133 130 131 132 133 134 
130 98 122 133 128 184 185 186 187 
130 126 128 133 203 204 205 206 207 
89 91 122 127 134 128 136 151 138 
119 131 122 128 147 148 149 137 150 
130 47 127 128 134 141 142 143 144 
130 9 132 110 130 135 136 137 138 
130 51 132 81 117 127 128 145 146 
47 131 81 133 128 188 189 190 191 
126 131 128 133 203 204 205 137 138 
25 35 74 133 117 125 136 127 213 
130 48 114 125 126 135 128 153 154 
130 51 132 81 117 127 128 145 146 
96 107 118 133 195 196 136 137 138 
94 102 104 133 126 135 127 128 218 
130 48 114 125 134 126 128 153 154 
82 111 123 133 128 135 136 136 137 
130 98 132 122 128 184 185 186 187 
82 111 132 123 134 128 135 136 137 
130 9 110 133 130 131 132 133 134 
119 131 122 133 128 147 148 149 150 
130 113 132 124 125 127 128 199 138 
130 98 122 133 128 184 185 137 138 
94 131 116 117 134 166 167 168 169 
47 131 127 133 128 141 142 143 144 
22 71 74 133 155 135 136 137 138 
10 17 132 106 128 163 164 137 165 
130 96 107 133 118 195 196 197 198 
130 47 81 128 188 135 189 190 191 
47 127 132 128 134 141 142 143 144 
1 131 44 133 107 126 128 170 171 
98 122 132 128 134 184 185 186 187 
47 131 81 128 188 189 136 190 191 
118 131 123 133 127 128 181 182 183 
130 102 132 112 121 127 208 209 210 
128 172 132 173 134 174 175 176 177 
130 41 108 133 115 214 215 216 217 
10 17 106 128 134 163 164 137 165 
130 69 120 133 126 127 128 201 202 
30 38 132 103 159 135 136 137 138 
47 131 81 133 128 188 189 190 191 
130 48 132 114 125 126 128 153 154 
96 107 118 195 134 196 197 198 138 
130 89 91 133 122 127 128 151 152 
130 90 132 99 107 117 127 128 178 
82 111 132 123 134 128 135 136 137 
130 128 132 172 173 174 136 137 138 
130 90 99 133 107 117 127 128 178 
9 131 110 133 130 131 132 133 138 
130 1 44 107 126 128 170 137 171 
102 131 112 133 121 127 208 209 210 
126 131 128 203 204 205 136 206 207 
130 94 132 116 117 166 167 168 169 
130 47 132 81 128 188 189 190 138 
130 51 81 117 134 127 128 145 146 
50 131 82 119 125 126 136 127 128 
130 128 132 172 173 174 175 176 177 
130 113 124 133 125 127 128 199 200 
94 131 116 117 166 135 167 168 169 
130 1 44 133 107 126 128 170 171 
47 131 127 128 134 141 142 143 144 
130 89 91 133 122 127 128 151 152 
98 122 128 184 134 185 136 186 187 
90 131 99 133 107 117 127 128 178 
48 131 114 133 125 126 128 153 154 
130 69 120 133 126 127 128 201 138 
130 126 132 128 203 204 205 206 207 
1 44 132 107 134 126 128 170 171 
130 128 172 173 134 174 175 176 138 
48 131 114 125 134 126 128 153 154 
102 112 132 121 127 208 136 209 210 
98 131 122 133 128 184 136 137 138 
130 10 132 17 106 128 163 164 165 
98 122 132 128 134 184 185 186 187 
10 17 106 128 134 163 164 137 165 
113 124 132 125 127 135 128 199 200 
119 122 132 128 134 147 148 149 150 
130 118 123 127 134 128 181 182 183 
130 9 132 110 130 131 132 133 134 
130 48 114 133 125 126 128 153 154 
47 81 132 128 134 188 136 137 138 
1 44 132 107 126 135 128 170 171 
130 98 132 122 128 184 185 186 187 
94 131 102 104 126 127 136 128 218 
130 90 99 133 107 117 127 128 178 
113 123 132 127 134 128 138 139 140 
90 118 132 122 126 192 136 193 194 
130 47 132 127 128 141 142 143 144 
130 1 44 107 126 135 128 170 171 
47 131 127 128 141 135 142 143 144 
96 107 132 118 195 135 196 197 198 
130 102 112 121 127 208 209 137 210 
98 131 117 120 134 124 128 211 212 
98 131 117 120 134 124 128 211 212 
47 131 81 128 188 189 190 137 191 
1 131 44 133 107 126 128 170 171 
113 131 123 127 134 128 138 139 140 
130 118 123 133 127 128 181 182 183 
119 131 122 133 128 147 148 149 150 
130 1 44 133 107 126 128 170 171 
130 128 172 173 134 174 175 176 177 
119 131 122 128 147 148 136 149 150 
130 69 120 126 134 127 128 201 202 
130 82 111 123 134 128 135 136 137 
130 118 132 123 127 128 181 182 183 
82 111 132 123 128 135 135 136 137 
130 131 132 133 134 135 136 137 138 
130 89 91 133 122 127 128 151 152 
130 48 132 114 125 126 128 153 154 
130 113 123 127 134 128 138 139 140 
130 47 127 133 128 141 142 143 144 
47 127 132 128 141 135 142 143 144 
130 98 132 117 120 124 128 211 212 
130 118 132 123 127 128 181 137 138 
1 44 107 126 134 128 170 171 138 
9 131 110 133 130 131 132 133 134 
118 123 132 127 134 128 181 182 183 
130 94 132 116 117 166 167 137 138 
94 116 117 166 134 167 136 168 169 
130 128 172 173 174 175 176 177 138 
41 131 108 133 115 214 215 216 217 
130 128 132 172 173 174 175 176 177 
130 128 132 172 173 174 175 176 177 
130 118 123 133 127 128 181 182 183 
130 98 132 117 120 124 128 211 212 
130 90 132 118 122 126 192 193 138 
113 123 127 128 138 135 139 137 140 
130 9 132 110 130 131 132 133 134 
89 91 132 122 127 135 128 151 152 
94 116 117 166 134 135 136 137 138 
113 131 123 133 127 128 138 139 138 
130 113 132 123 127 128 138 139 140 
96 131 107 118 195 135 136 137 138 
1 44 107 133 126 128 136 170 171 
82 111 132 123 134 128 135 136 137 
126 131 128 133 203 135 136 137 138 
98 122 132 128 184 135 185 186 187 
130 50 82 133 119 125 126 127 128 
9 110 130 133 131 135 132 133 134 
130 98 132 122 128 184 185 186 187 
22 71 74 133 155 156 136 157 138 
130 82 132 111 123 128 135 137 138 
118 123 127 133 128 181 136 182 183 
113 124 125 133 127 135 128 199 200 
130 1 132 44 107 126 128 170 171 
130 1 132 44 107 126 128 170 171 
130 119 122 133 128 147 148 149 150 
130 98 117 133 120 124 128 211 212 
130 47 132 81 128 188 189 190 191 
130 48 114 125 126 128 136 153 154 
130 98 132 117 120 124 128 211 212 
126 131 128 203 204 135 205 206 207 
130 10 132 17 106 128 163 164 165 
128 172 132 173 134 174 175 137 138 
119 131 122 133 128 147 148 137 138 
130 69 132 120 126 127 128 201 202 
130 131 132 133 134 135 136 137 138 
90 131 118 122 126 192 193 137 194 
48 131 114 133 125 126 128 153 154 
98 131 117 120 134 124 128 211 212 
130 89 91 122 127 128 136 151 152 
130 30 132 38 103 159 160 161 162 
69 131 120 133 126 127 128 201 202 
130 126 128 133 203 204 205 206 207 
119 122 132 128 147 135 148 149 150 
118 123 127 128 134 181 182 137 138 
130 47 127 128 134 141 142 143 144 
130 128 132 172 173 174 175 176 177 
25 131 35 74 117 135 125 127 213 
89 131 91 122 127 135 128 151 152 
130 47 81 128 134 188 189 190 191 
1 131 44 107 126 135 128 170 171 
130 94 116 117 166 135 167 168 169 
89 131 91 122 134 127 128 151 152 
130 94 132 116 117 166 167 168 169 
130 89 91 122 134 127 128 151 152 
10 131 17 133 106 128 163 164 165 
130 98 132 117 120 124 128 211 212 
130 113 123 133 127 128 138 139 140 
48 131 114 125 134 126 128 153 154 
130 9 132 110 130 131 132 133 134 
130 48 114 133 125 126 128 153 154 
47 127 128 141 142 135 143 137 144 
22 71 74 133 155 156 136 157 158 
9 110 130 131 134 132 136 137 138 
130 69 120 133 126 127 128 201 202 
130 89 132 91 122 127 128 151 152 
96 131 107 133 118 195 196 197 198 
130 50 132 82 119 125 126 127 128 
130 30 132 38 103 159 160 161 162 
94 102 104 126 127 128 218 137 138 
130 9 110 130 131 132 133 134 138 
89 91 132 122 127 128 136 151 152 
41 108 115 133 214 135 136 137 138 
90 131 99 107 117 135 127 128 178 
30 131 38 103 134 159 160 161 138 
41 108 132 115 134 214 215 137 138 
50 82 132 119 125 126 127 137 128 
130 82 111 133 123 128 135 136 137 
130 126 128 203 204 135 205 206 207 
130 89 91 122 134 127 128 151 152 
5 131 33 44 134 56 128 179 180 
130 113 132 123 127 128 138 137 138 
130 10 17 106 134 128 163 164 165 
130 131 132 133 134 135 136 137 138 
48 131 114 133 125 126 128 153 138 
5 131 33 44 56 128 179 180 138 
130 113 123 127 134 128 138 139 140 
130 126 128 133 203 204 205 206 207 
130 10 17 133 106 128 163 164 165 
130 10 17 133 106 128 163 164 165 
119 122 128 147 148 135 149 150 138 
51 81 132 117 134 127 128 145 146 
10 131 17 106 128 163 164 165 138 
126 128 203 204 205 135 206 207 138 
130 30 38 103 134 159 160 161 162 
130 98 132 122 128 184 185 186 187 
130 98 122 133 128 184 185 186 187 
98 117 120 133 124 128 211 137 212 
25 35 132 74 117 135 125 127 213 
130 126 128 133 203 204 205 206 207 
98 117 132 120 134 124 128 211 212 
130 48 114 133 125 126 128 153 154 
119 122 128 133 147 135 148 149 150 
113 131 123 127 134 128 138 139 140 
89 131 91 133 122 127 128 151 152 
69 131 120 126 134 127 128 201 202 
50 131 82 133 119 125 126 127 128 
1 44 107 133 126 135 128 170 138 
130 102 112 121 134 127 208 209 210 
130 128 172 133 173 174 175 176 177 
130 90 118 133 122 126 192 193 194 
130 89 132 91 122 127 128 151 152 
69 120 132 126 134 127 128 201 202 
90 118 132 122 134 126 192 193 194 
119 131 122 133 128 147 148 149 150 
119 122 132 128 134 147 148 149 150 
47 127 132 128 141 135 142 143 138 
126 131 128 133 203 204 205 206 138 
130 118 132 123 127 128 181 182 183 
130 96 132 107 118 195 196 197 198 
130 47 127 133 128 141 142 143 144 
102 112 132 121 134 127 208 209 210 
113 124 132 125 127 135 128 199 200 
130 9 110 130 134 131 136 137 138 
96 107 118 133 195 196 197 137 198 
130 119 132 122 128 147 148 149 150 
130 94 132 102 104 126 127 128 218 
130 96 132 107 118 195 196 197 198 
50 82 132 119 134 125 126 127 128 
130 98 117 133 120 124 128 211 212 
130 126 128 133 203 204 205 206 207 
118 123 127 128 134 181 182 183 138 
130 22 132 71 74 155 156 157 158 
47 131 127 133 128 141 136 137 138 
130 98 122 133 128 184 185 186 187 
89 131 91 122 134 127 128 151 152 
130 69 120 126 127 135 128 201 202 
47 131 81 133 128 188 189 190 191 
69 131 120 126 134 127 128 201 202 
130 90 99 133 107 117 127 128 178 
119 122 128 147 148 135 149 150 138 
94 102 104 133 126 127 128 218 138 
130 90 118 122 126 135 192 137 138 
130 9 110 133 130 131 132 133 134 
94 102 104 126 134 127 136 128 218 
113 131 123 127 128 138 136 139 140 
130 47 132 127 128 141 142 143 144 
130 9 132 110 130 131 132 133 134 
1 44 132 107 126 128 170 171 138 
130 128 172 133 134 135 136 137 138 
130 89 132 91 122 127 128 151 152 
130 10 17 133 106 128 163 164 165 
98 131 117 120 134 124 128 211 138 
130 47 132 127 128 141 142 143 144 
98 131 122 128 184 135 185 186 187 
96 107 132 118 195 196 197 137 198 
50 131 82 119 125 126 127 137 128 
130 89 132 91 122 127 128 151 152 
47 131 127 133 128 141 142 143 144 
69 120 132 126 127 135 128 201 202 
48 114 125 133 126 128 153 137 154 
130 94 116 133 117 166 167 168 169 
47 131 127 128 134 141 142 143 144 
130 131 132 133 134 135 136 137 138 
130 98 132 117 120 124 128 211 212 
130 96 132 107 118 195 196 197 198 
96 107 132 118 134 195 196 197 198 
96 107 118 133 195 196 197 137 198 
90 118 132 122 126 135 192 193 194 
41 108 115 133 214 215 216 137 138 
94 131 102 104 126 127 128 137 218 
98 122 128 184 134 185 136 186 187 
118 131 123 127 128 181 136 182 183 
30 38 103 159 160 161 162 137 138 
118 131 123 133 127 128 181 182 183 
130 22 71 74 134 155 156 157 158 
96 131 107 133 118 195 196 197 198 
130 30 132 38 103 159 160 161 162 
47 131 81 128 188 189 136 137 138 
130 102 112 133 121 127 208 209 138 
130 48 132 114 125 126 128 153 154 
96 131 107 133 118 195 196 197 198 
50 131 82 133 119 125 126 127 128 
130 102 112 133 121 127 208 137 138 
98 117 120 124 134 128 211 137 212 
48 114 132 125 134 126 128 153 154 
130 1 132 44 107 126 128 170 171 
130 1 44 107 134 126 128 170 171 
10 131 17 133 106 128 163 164 165 
102 131 112 133 121 127 208 209 210 
130 47 132 127 128 141 142 137 138 
41 108 115 214 134 215 216 217 138 
96 131 107 118 134 195 196 197 198 
128 172 132 173 174 175 136 176 177 
