26 92 98 118 428 447 610 705 771 898 
113 41 75 377 78 112 115 116 126 128 
41 33 75 86 78 112 115 116 126 128 
75 165 319 743 763 923 939 944 949 981 
113 41 75 719 78 112 115 116 904 126 128 -2 
118 174 188 272 311 463 531 702 783 833 
41 75 260 78 112 368 115 116 126 831 128 -2 
26 92 98 118 538 594 695 736 795 920 
41 75 257 78 494 112 115 836 116 126 128 -2 
41 75 434 78 631 112 115 790 116 126 128 -2 
178 41 281 75 78 633 112 115 116 126 128 -2 
41 41 78 75 115 78 112 115 116 126 128 -2 
3 26 166 98 437 448 505 693 981 993 
26 75 98 112 115 116 126 128 859 922 
39 144 162 182 228 280 476 627 965 988 
69 41 127 75 296 78 112 115 116 126 128 -2 
5 172 241 244 261 317 388 576 579 975 
12 64 376 429 439 584 735 736 764 798 
26 534 98 591 614 733 798 805 889 928 
41 75 203 78 276 112 368 115 116 126 128 -2 
113 103 119 256 328 376 431 449 657 826 
26 75 98 112 115 116 126 128 717 912 
39 71 73 127 115 116 126 128 820 832 
41 26 98 112 115 116 126 128 960 985 
113 26 429 98 655 657 754 792 953 978 
26 92 98 118 412 432 529 762 824 950 
113 25 27 117 125 545 690 718 906 934 
349 388 556 640 674 680 698 771 970 983 
41 75 75 112 78 112 126 115 116 126 128 -2 
25 27 117 112 125 116 126 128 889 937 
32 26 98 228 303 324 538 588 865 956 
26 98 78 112 115 116 126 128 776 934 
25 75 27 112 117 125 126 128 807 909 
199 41 241 75 78 553 112 115 116 126 128 -2 
41 98 75 631 78 758 112 115 116 126 128 -2 
41 75 78 112 115 115 116 126 128 877 
97 41 351 75 539 78 112 115 116 126 128 -2 
92 26 334 98 404 533 679 781 813 822 
113 39 71 574 73 641 127 852 866 883 
34 67 85 188 308 382 464 722 843 916 
96 41 75 78 436 112 556 115 116 126 128 -2 
338 351 439 570 723 752 760 826 914 971 
68 26 104 98 580 587 602 614 716 930 
41 75 405 78 744 112 839 115 116 126 128 -2 
10 26 142 98 776 829 877 888 902 999 
152 26 334 98 434 447 745 825 874 876 
39 71 292 73 127 447 475 689 866 950 
41 89 75 128 78 112 367 115 116 126 128 -2 
2 269 280 314 407 573 697 715 889 929 
26 253 98 257 289 426 514 583 670 996 
61 26 98 329 375 450 553 618 654 862 
113 188 119 264 425 549 623 731 782 948 
26 128 98 185 252 272 366 453 496 850 
41 41 75 78 115 112 115 128 116 126 128 -2 
113 192 119 302 439 511 544 832 880 954 
44 272 369 479 595 767 783 828 862 883 
56 93 102 136 137 203 633 767 858 871 
5 41 75 536 78 112 588 115 116 126 128 -2 
41 108 75 78 755 112 115 849 116 126 128 -2 
41 26 78 98 115 116 126 128 656 805 
113 415 119 464 509 532 625 663 807 936 
44 68 92 104 118 601 616 746 747 967 
26 119 98 308 458 616 649 823 835 904 
187 26 98 320 345 380 436 632 817 889 
103 26 182 98 381 383 461 665 776 897 
41 225 75 383 78 112 115 790 116 126 128 -2 
53 41 245 75 340 78 112 115 116 126 128 -2 
50 41 214 75 78 112 115 583 116 126 128 -2 
37 113 119 353 371 427 592 849 967 980 
26 98 78 112 115 116 126 128 894 958 
121 41 165 75 78 112 775 115 116 126 128 -2 
41 26 98 112 115 116 126 128 899 1000 
26 98 347 437 454 658 767 848 934 966 
68 92 78 104 115 118 126 128 823 992 
26 98 78 112 115 116 126 128 984 986 
26 98 412 461 533 559 641 699 848 965 
26 98 78 112 115 116 126 128 965 973 
41 26 78 98 115 116 126 128 811 947 
41 26 98 112 115 116 126 128 942 977 
113 75 119 112 115 116 126 128 938 1000 
12 26 98 241 243 274 279 353 665 893 
36 26 98 419 460 681 737 866 921 966 
41 75 155 78 112 115 633 116 126 955 128 -2 
23 26 73 98 346 369 442 462 591 701 
26 131 98 285 395 828 877 909 964 977 
68 92 405 104 118 617 628 636 830 914 
5 26 98 163 189 291 348 414 570 835 
155 41 75 355 78 112 115 499 116 126 128 -2 
113 119 78 112 115 116 126 128 731 944 
41 68 92 104 118 116 126 128 902 909 
41 75 340 78 656 112 777 115 116 126 128 -2 
26 171 98 426 685 696 732 923 947 996 
41 75 329 78 594 112 115 116 855 126 128 -2 
26 77 98 474 652 838 856 863 960 993 
30 41 75 78 190 112 115 116 579 126 128 -2 
26 26 191 98 444 572 610 650 727 864 
41 75 75 78 115 112 115 116 639 126 128 -2 
41 98 75 78 217 112 115 116 692 126 128 -2 
22 41 75 277 78 460 112 115 116 126 128 -2 
13 98 103 315 344 516 574 584 832 899 
22 113 313 119 422 423 495 639 761 993 
41 75 345 78 112 652 115 745 116 126 128 -2 
39 98 71 146 73 127 574 807 872 988 
26 75 98 112 115 116 126 128 896 958 
26 98 232 297 342 536 558 569 579 1000 
26 98 258 419 501 550 557 677 687 835 
25 75 27 117 125 116 126 128 570 989 
257 41 75 688 78 731 112 115 116 126 128 -2 
41 26 78 98 115 116 126 128 721 845 
10 72 158 514 545 609 677 845 862 900 
82 143 271 453 531 616 695 846 927 943 
41 75 78 112 295 115 116 126 128 989 
78 25 27 335 117 125 658 836 935 951 
26 138 98 272 273 361 728 771 861 942 
41 75 104 78 112 115 566 116 860 126 128 -2 
41 41 78 75 78 116 112 115 116 126 128 -2 
37 41 158 75 287 78 112 115 116 126 128 -2 
25 27 78 117 115 125 126 128 775 938 
25 27 412 117 125 700 795 806 903 952 
89 25 489 27 117 730 125 901 918 945 
193 41 247 75 78 700 112 115 116 126 128 -2 
26 92 98 118 333 342 405 421 621 741 
26 98 133 138 221 267 338 710 714 830 
41 75 78 594 112 115 670 116 957 126 128 -2 
26 98 78 112 115 116 126 128 770 875 
41 75 78 78 112 116 115 116 954 126 128 -2 
32 41 472 75 596 78 112 115 116 126 128 -2 
130 41 75 394 78 112 640 115 116 126 128 -2 
41 41 75 112 78 116 112 115 116 126 128 -2 
41 26 98 112 115 116 126 128 855 978 
76 41 75 425 78 705 112 115 116 126 128 -2 
52 134 283 390 422 533 626 674 716 814 
113 119 344 383 549 616 626 737 800 915 
23 25 411 27 117 125 761 853 857 878 
41 75 75 78 112 116 115 116 890 126 128 -2 
40 25 27 450 117 125 777 852 893 958 
26 26 386 98 580 702 709 740 742 985 
68 92 104 118 115 116 126 128 916 984 
117 274 290 380 543 624 677 825 932 966 
26 98 457 630 698 759 781 790 860 984 
113 119 28 35 172 730 739 850 865 919 
113 41 75 78 749 112 115 116 891 126 128 -2 
71 26 98 160 194 235 431 493 611 830 
26 304 98 429 542 577 661 670 706 859 
41 26 78 98 115 116 126 128 860 869 
26 98 197 404 479 574 644 732 773 983 
41 76 75 78 112 115 116 842 126 960 128 -2 
26 98 148 173 279 340 487 533 892 916 
154 41 202 75 78 112 759 115 116 126 128 -2 
84 26 260 98 412 784 818 861 946 980 
26 350 98 531 573 701 705 808 903 920 
12 41 356 75 488 78 112 115 116 126 128 -2 
26 98 78 112 115 116 126 128 876 952 
41 26 78 98 115 116 126 128 708 985 
25 27 104 117 651 125 806 877 913 978 
95 26 206 98 416 721 729 792 877 942 
26 41 50 75 345 78 112 115 116 126 128 -2 
41 41 75 78 112 116 115 116 126 879 128 -2 
39 68 164 92 104 642 118 704 757 986 
41 75 78 78 112 115 116 126 128 990 
41 75 75 112 78 116 112 115 116 126 128 -2 
26 75 98 112 115 116 126 128 818 968 
26 75 98 112 115 116 126 128 699 880 
51 59 143 201 218 292 469 491 835 983 
8 113 119 283 300 356 436 519 606 645 
26 26 491 98 663 739 821 871 886 999 
134 287 407 438 470 612 675 680 818 849 
40 26 98 487 605 823 838 904 977 1000 
117 154 352 357 472 598 609 630 753 977 
26 75 98 112 115 116 126 128 946 954 
113 26 150 98 535 604 755 810 954 969 
41 75 78 411 112 601 115 772 116 126 128 -2 
22 41 115 75 78 205 112 115 116 126 128 -2 
41 26 98 112 115 116 126 128 392 567 
113 113 119 347 412 445 637 673 811 920 
41 75 400 78 409 112 115 610 116 126 128 -2 
41 41 75 112 78 112 126 115 116 126 128 -2 
27 68 186 92 250 104 118 735 795 963 
122 232 308 475 773 780 855 911 934 973 
26 282 98 322 376 505 608 874 880 911 
41 138 75 294 78 441 112 115 116 126 128 -2 
41 41 75 78 112 116 115 128 116 126 128 -2 
10 41 75 252 78 112 535 115 116 126 128 -2 
26 53 98 147 263 404 526 566 710 747 
41 92 75 78 112 115 710 116 126 863 128 -2 
41 31 75 134 78 112 293 115 116 126 128 -2 
26 98 329 488 562 625 652 693 918 972 
68 26 98 118 286 691 789 810 845 879 
41 26 78 98 115 116 126 128 758 866 
26 119 98 227 243 364 424 808 875 908 
110 196 310 356 446 514 653 695 751 963 
41 41 78 75 115 78 112 115 116 126 128 -2 
210 242 311 318 436 443 486 816 925 943 
41 26 78 98 115 116 126 128 868 988 
25 26 98 256 316 331 504 656 951 996 
131 68 92 104 118 557 652 658 673 805 
127 26 98 476 488 720 836 898 967 988 
41 75 78 112 115 116 126 128 816 896 
111 26 98 617 661 809 892 919 923 928 
113 26 548 98 607 737 812 841 887 978 
41 92 75 78 353 112 451 115 116 126 128 -2 
253 113 119 394 437 575 719 726 733 907 
41 15 78 112 115 116 126 128 752 936 
51 70 78 90 96 116 126 128 661 685 
41 41 78 75 78 112 126 115 116 126 128 -2 
41 26 98 112 115 116 126 128 931 940 
26 244 98 422 529 607 659 765 928 955 
68 26 98 118 631 774 810 868 877 937 
26 98 523 649 676 751 818 828 858 895 
25 75 27 112 117 116 125 128 891 989 
41 41 78 75 115 78 112 115 116 126 128 -2 
207 41 75 407 78 112 738 115 116 126 128 -2 
26 26 98 493 509 633 714 762 807 920 
26 75 98 112 115 116 126 128 856 930 
41 135 75 254 78 594 112 115 116 126 128 -2 
40 26 87 98 349 456 622 673 763 979 
94 41 286 75 78 112 641 115 116 126 128 -2 
41 75 75 78 115 112 115 116 879 126 128 -2 
282 41 576 75 78 736 112 115 116 126 128 -2 
34 186 291 325 335 402 427 488 613 712 
54 26 98 357 572 675 683 720 881 900 
17 72 231 397 463 507 668 798 835 996 
41 75 78 112 444 115 116 808 126 886 128 -2 
92 26 182 98 361 525 576 713 863 910 
26 98 184 219 314 369 473 590 683 760 
131 41 229 75 264 78 112 115 116 126 128 -2 
41 41 75 112 78 112 115 128 116 126 128 -2 
26 98 78 112 115 116 126 128 898 963 
113 26 414 98 502 530 616 694 906 981 
39 119 71 179 73 302 127 417 651 708 
38 179 460 666 677 738 821 872 877 912 
26 25 27 117 125 478 494 615 828 872 
26 98 207 280 397 506 669 747 818 840 
26 75 98 112 115 116 126 128 953 978 
237 41 324 75 559 78 112 115 116 126 128 -2 
41 379 75 78 582 112 674 115 116 126 128 -2 
41 75 336 78 485 112 810 115 116 126 128 -2 
113 41 397 75 484 78 112 115 116 126 128 -2 
396 459 590 655 689 712 722 740 805 949 
41 75 78 78 112 115 126 116 663 126 128 -2 
26 216 232 257 411 499 679 754 913 940 
1 197 281 406 449 525 611 618 690 972 
41 75 78 118 112 467 115 606 116 126 128 -2 
158 113 517 119 630 747 897 924 933 980 
41 75 197 78 112 115 116 727 126 996 128 -2 
23 106 136 261 329 578 593 623 638 686 
41 26 98 112 115 116 126 128 715 833 
179 41 312 75 360 78 112 115 116 126 128 -2 
41 41 78 75 115 78 112 115 116 126 128 -2 
113 75 119 112 115 116 126 128 811 883 
41 75 78 78 112 115 126 116 126 128 
59 41 137 75 161 78 112 115 116 126 128 -2 
40 113 143 119 461 502 682 747 896 988 
39 215 232 240 329 437 454 571 592 643 
33 78 171 533 618 628 804 889 910 995 
41 119 75 78 112 115 116 126 128 987 
171 254 396 401 475 525 779 871 899 951 
41 75 78 486 112 603 115 116 126 128 
107 153 233 323 528 619 713 782 884 931 
41 25 78 27 117 116 125 128 869 934 
41 106 75 303 78 580 112 115 116 126 128 -2 
90 136 259 280 289 439 514 781 844 967 
196 315 346 455 544 614 698 707 930 959 
109 41 75 280 78 303 112 115 116 126 128 -2 
41 119 75 190 78 361 112 115 116 126 128 -2 
113 41 75 78 133 112 544 115 116 126 128 -2 
41 75 75 78 115 112 115 128 116 126 128 -2 
39 71 104 73 522 127 650 852 866 940 
19 113 119 297 401 527 564 599 648 762 
19 41 75 78 112 405 115 469 116 126 128 -2 
41 75 78 112 115 116 126 929 128 980 
72 120 142 353 572 645 738 883 921 958 
41 75 75 112 78 116 112 115 116 126 128 -2 
41 97 75 266 78 382 112 115 116 126 128 -2 
14 99 118 119 423 462 471 671 727 940 
41 75 75 78 115 112 126 115 116 126 128 -2 
15 41 75 304 78 112 626 115 116 126 128 -2 
41 41 78 75 78 116 112 115 116 126 128 -2 
41 25 27 117 125 116 126 128 896 977 
1 41 75 78 112 115 116 126 128 953 
113 186 119 458 625 705 787 824 841 905 
41 75 287 78 435 112 115 646 116 126 128 -2 
47 113 119 454 691 892 921 932 953 977 
41 41 75 78 112 115 126 116 934 126 128 -2 
41 75 78 78 112 116 115 128 116 126 128 -2 
17 41 61 75 78 259 112 115 116 126 128 -2 
204 41 268 75 298 78 112 115 116 126 128 -2 
113 25 27 370 117 125 825 860 935 940 
30 41 589 75 675 78 112 115 116 126 128 -2 
113 25 27 117 330 125 688 760 773 983 
284 41 75 571 78 619 112 115 116 126 128 -2 
41 41 78 75 115 78 112 115 116 126 128 -2 
41 119 75 78 112 115 736 116 851 126 128 -2 
351 433 563 579 698 734 779 815 836 943 
55 128 694 711 724 761 796 871 959 965 
24 79 203 267 384 537 551 568 735 999 
62 92 195 550 579 581 744 773 794 915 
229 41 75 466 78 112 679 115 116 126 128 -2 
113 75 119 112 115 116 126 128 791 857 
10 228 280 325 362 497 517 769 782 906 
9 41 75 203 78 112 115 696 116 126 128 -2 
68 41 75 78 271 112 526 115 116 126 128 -2 
41 41 75 78 112 116 115 116 889 126 128 -2 
113 119 272 358 423 508 679 907 910 921 
41 41 78 75 115 78 112 115 116 126 128 -2 
94 41 357 75 78 112 648 115 116 126 128 -2 
41 94 75 212 78 112 489 115 116 126 128 -2 
42 41 75 78 112 115 675 116 806 126 128 -2 
86 41 75 78 419 112 115 770 116 126 128 -2 
41 164 75 328 78 608 112 115 116 126 128 -2 
41 249 75 556 78 666 112 115 116 126 128 -2 
68 41 104 75 78 528 112 115 116 126 128 -2 
68 179 92 251 104 375 118 809 850 882 
113 243 119 509 522 768 845 855 872 945 
68 92 104 118 388 527 588 793 866 934 
41 312 75 535 78 675 112 115 116 126 128 -2 
55 41 75 328 78 384 112 115 116 126 128 -2 
29 156 162 211 336 382 583 888 984 992 
50 136 211 487 537 687 726 750 766 910 
3 26 82 368 431 478 494 553 616 846 
41 41 78 75 78 112 115 128 116 126 128 -2 
92 41 159 75 78 526 112 115 116 126 128 -2 
134 113 295 119 459 630 637 660 703 797 
6 107 221 260 384 448 501 772 951 998 
35 60 132 140 364 536 572 581 629 731 
8 41 230 75 78 444 112 115 116 126 128 -2 
17 141 237 381 527 661 706 712 895 993 
25 27 149 117 125 634 690 790 868 885 
41 68 92 104 115 118 126 128 773 902 
41 41 78 75 115 78 112 115 116 126 128 -2 
41 75 78 78 112 116 115 116 835 126 128 -2 
41 75 75 112 78 116 112 115 116 126 128 -2 
41 41 78 75 78 116 112 115 116 126 128 -2 
257 41 553 75 78 112 818 115 116 126 128 -2 
25 104 27 271 117 607 125 721 756 870 
125 41 345 75 78 594 112 115 116 126 128 -2 
181 41 446 75 558 78 112 115 116 126 128 -2 
41 75 221 78 112 581 115 672 116 126 128 -2 
41 515 75 78 900 112 115 116 990 126 128 -2 
41 75 78 112 789 115 116 126 128 1000 
25 41 75 329 78 497 112 115 116 126 128 -2 
65 232 246 302 332 422 825 852 867 983 
41 113 119 112 115 116 126 128 932 941 
41 92 75 78 112 356 115 616 116 126 128 -2 
41 75 78 499 112 746 115 116 126 128 
34 41 75 78 112 115 519 116 788 126 128 -2 
41 338 75 78 536 112 115 116 746 126 128 -2 
41 75 75 112 78 112 126 115 116 126 128 -2 
24 90 140 398 414 538 578 694 786 887 
41 75 104 78 409 112 115 116 126 128 
41 213 75 78 112 538 115 116 126 962 128 -2 
41 41 78 75 78 112 126 115 116 126 128 -2 
21 66 95 201 547 572 602 665 888 894 
57 41 75 398 78 112 598 115 116 126 128 -2 
102 138 144 270 341 511 594 625 716 738 
41 75 78 112 115 352 116 126 600 128 
48 41 143 75 78 326 112 115 116 126 128 -2 
65 193 212 366 473 571 604 626 731 860 
41 75 75 78 115 112 115 116 126 852 128 -2 
41 75 222 78 376 112 554 115 116 126 128 -2 
109 168 310 430 581 610 620 726 826 873 
34 41 217 75 78 112 547 115 116 126 128 -2 
41 51 70 90 96 116 126 128 792 916 
41 41 78 75 78 116 112 115 116 126 128 -2 
203 287 428 548 614 639 658 743 809 866 
198 204 325 449 557 625 732 822 842 907 
25 27 117 255 125 500 520 527 717 825 
103 116 312 375 648 715 737 820 966 976 
94 41 75 78 304 112 115 116 883 126 128 -2 
13 38 181 316 529 569 637 827 929 930 
41 75 75 112 78 112 126 115 116 126 128 -2 
46 58 70 147 220 227 629 643 718 958 
10 25 27 117 125 464 662 765 826 926 
68 41 104 75 564 78 112 115 116 126 128 -2 
122 218 336 364 588 594 667 822 874 914 
50 41 75 78 112 612 115 676 116 126 128 -2 
17 113 110 119 394 463 505 637 708 971 
41 119 75 78 587 112 744 115 116 126 128 -2 
41 25 27 117 115 125 126 128 730 733 
25 119 27 469 117 125 694 722 794 890 
35 68 92 203 104 118 757 789 848 880 
113 119 298 343 395 408 538 753 770 872 
306 358 559 574 617 696 710 712 755 860 
41 75 78 521 112 736 115 791 116 126 128 -2 
113 41 126 75 78 112 115 517 116 126 128 -2 
157 82 199 255 337 772 880 881 958 962 
127 129 137 170 236 394 531 558 705 908 
149 167 256 333 412 676 726 750 926 936 
41 41 78 75 115 78 112 115 116 126 128 -2 
113 92 119 118 451 713 867 877 949 955 
41 113 119 112 115 116 126 128 847 868 
41 41 75 78 112 116 115 128 116 126 128 -2 
41 272 75 78 602 112 624 115 116 126 128 -2 
239 412 473 609 733 747 808 870 916 951 
18 41 256 75 78 112 547 115 116 126 128 -2 
91 202 245 283 325 407 425 505 543 837 
41 301 319 350 387 424 495 531 611 768 
52 41 178 75 78 112 115 116 126 128 
113 75 119 112 115 116 126 128 854 890 
41 75 78 112 115 116 126 126 128 990 
25 139 27 117 125 731 896 898 934 998 
41 41 75 112 78 112 126 115 116 126 128 -2 
84 41 75 287 78 112 739 115 116 126 128 -2 
41 75 78 78 112 116 115 116 126 128 
68 92 78 104 118 116 126 128 733 881 
41 206 75 367 78 699 112 115 116 126 128 -2 
4 481 484 615 638 662 689 723 871 978 
25 119 27 117 125 398 526 735 863 891 
41 75 78 78 112 115 126 116 757 126 128 -2 
41 68 92 104 115 118 126 128 758 837 
41 75 78 112 115 115 126 116 863 126 128 -2 
41 188 75 78 112 799 115 941 116 126 128 -2 
113 88 119 210 259 661 796 817 923 950 
7 41 59 75 78 112 115 116 878 126 128 -2 
98 41 75 341 78 112 115 116 738 126 128 -2 
304 415 590 687 716 738 806 911 979 996 
113 33 119 191 544 554 593 662 891 960 
68 75 92 112 104 118 126 128 729 940 
60 237 268 427 584 595 602 619 711 744 
41 293 75 78 537 112 115 824 116 126 128 -2 
2 41 75 78 112 115 116 126 588 128 
68 107 92 104 118 528 584 656 661 760 
203 113 376 119 451 468 735 930 960 1000 
128 41 75 78 112 115 743 116 126 128 
41 119 75 234 78 112 505 115 116 126 128 -2 
41 25 27 112 117 116 125 128 806 922 
112 146 330 427 495 542 729 815 820 841 
41 464 75 660 78 842 112 115 116 126 128 -2 
32 25 174 27 225 117 125 472 551 717 
15 113 117 119 324 538 584 673 712 904 
29 41 75 312 78 112 115 652 116 126 128 -2 
41 115 75 142 78 112 115 116 898 126 128 -2 
41 75 316 78 112 115 601 116 126 867 128 -2 
41 75 385 78 572 112 115 663 116 126 128 -2 
113 119 204 320 350 497 560 677 727 770 
68 41 92 150 104 310 118 627 891 903 
47 113 332 334 357 526 561 599 866 902 
37 113 119 256 328 352 611 616 627 780 
41 75 75 78 112 115 116 128 126 884 128 -2 
41 140 75 78 724 112 115 116 771 126 128 -2 
75 113 142 119 485 556 562 635 725 779 
21 114 131 156 451 454 547 568 648 887 
41 41 78 75 115 78 112 115 116 126 128 -2 
41 75 78 78 115 112 115 128 116 126 128 -2 
41 75 78 112 115 526 116 645 126 860 128 -2 
51 41 100 75 78 112 395 115 116 126 128 -2 
20 316 354 408 421 466 484 510 870 963 
209 41 270 75 78 833 112 115 116 126 128 -2 
6 56 99 256 290 390 462 817 894 987 
41 159 75 429 78 603 112 115 116 126 128 -2 
41 157 75 279 78 693 112 115 116 126 128 -2 
113 41 75 339 78 112 115 116 126 128 
39 95 222 226 254 357 748 849 896 993 
113 41 75 312 78 804 112 115 116 126 128 -2 
116 41 212 75 78 437 112 115 116 126 128 -2 
190 315 420 483 490 511 553 726 810 901 
41 64 75 78 451 112 115 610 116 126 128 -2 
345 113 409 119 686 761 772 840 921 936 
27 41 185 75 78 321 112 115 116 126 128 -2 
41 75 664 78 112 790 115 865 116 126 128 -2 
41 330 75 78 112 115 116 126 128 992 
41 86 75 78 112 584 115 116 126 128 
41 176 75 335 78 528 112 115 116 126 128 -2 
41 327 75 475 78 612 112 115 116 126 128 -2 
70 202 526 537 685 770 895 901 908 929 
41 75 75 78 112 116 115 128 116 126 128 -2 
41 119 75 78 112 490 115 116 126 806 128 -2 
10 41 309 75 78 578 112 115 116 126 128 -2 
68 41 104 75 623 78 112 115 116 126 128 -2 
68 153 92 293 104 503 118 764 883 957 
41 75 75 78 115 112 126 115 116 126 128 -2 
41 41 78 75 115 78 112 115 116 126 128 -2 
41 70 75 78 325 112 115 116 709 126 128 -2 
41 41 75 78 115 112 126 115 116 126 128 -2 
41 41 75 112 78 116 112 115 116 126 128 -2 
10 113 85 119 501 656 664 833 898 951 
41 75 75 112 78 112 115 128 116 126 128 -2 
41 88 75 261 78 461 112 115 116 126 128 -2 
100 243 258 443 547 706 748 768 782 893 
41 25 27 112 117 116 125 128 841 883 
179 41 75 672 78 112 700 115 116 126 128 -2 
41 119 75 78 112 421 115 701 116 126 128 -2 
54 41 75 78 112 115 116 665 126 128 
96 132 483 516 581 614 658 750 753 900 
197 218 448 508 517 608 694 727 746 988 
41 41 78 75 78 112 126 115 116 126 128 -2 
93 145 185 187 215 454 541 825 868 932 
41 41 75 78 115 112 126 115 116 126 128 -2 
62 41 75 78 390 112 651 115 116 126 128 -2 
23 41 156 75 78 112 691 115 116 126 128 -2 
68 96 92 104 361 118 391 626 636 662 
41 113 78 119 115 116 126 128 874 922 
97 41 217 75 78 627 112 115 116 126 128 -2 
122 39 71 449 73 482 127 636 866 991 
94 41 395 75 713 78 112 115 116 126 128 -2 
25 92 27 117 125 705 776 849 927 942 
41 75 75 112 78 112 126 115 116 126 128 -2 
25 75 27 117 125 495 572 587 708 747 
49 41 208 75 490 78 112 115 116 126 128 -2 
67 113 253 119 682 709 720 816 888 904 
