107 124 128 399 428 447 610 705 771 898 -1 -2 
107 124 128 377 448 670 750 846 850 941 -1 -2 
107 124 128 121 122 123 125 127 725 820 -1 -2 
107 124 128 97 115 923 939 944 949 981 -1 -2 
21 124 128 719 742 744 764 773 904 906 -1 -2 
107 124 128 272 311 463 531 702 783 833 -1 -2 
107 124 128 121 122 123 125 127 650 831 -1 -2 
107 124 128 121 122 123 125 127 795 920 -1 -2 
107 124 128 351 494 638 658 836 910 954 -1 -2 
107 124 128 597 631 658 675 790 808 885 -1 -2 
107 124 128 419 504 633 686 787 805 977 -1 -2 
107 124 128 273 338 446 816 827 961 971 -1 -2 
107 124 128 121 122 123 125 127 981 993 -1 -2 
107 124 128 121 122 123 125 127 859 922 -1 -2 
107 124 128 182 228 280 476 627 965 988 -1 -2 
107 124 128 234 296 354 515 553 700 984 -1 -2 
107 124 128 121 122 123 125 127 579 975 -1 -2 
107 124 128 121 122 123 125 127 764 798 -1 -2 
107 124 128 121 122 123 125 127 889 928 -1 -2 
107 124 128 269 276 321 368 406 787 910 -1 -2 
107 124 128 121 122 123 125 127 657 826 -1 -2 
88 93 118 121 122 123 125 127 717 912 -1 -2 
107 124 128 222 279 518 526 562 820 832 -1 -2 
107 124 128 121 122 123 125 127 960 985 -1 -2 
107 124 128 97 115 657 754 792 953 978 -1 -2 
107 124 128 97 115 432 529 762 824 950 -1 -2 
107 124 128 97 115 545 690 718 906 934 -1 -2 
21 124 128 121 122 123 125 127 970 983 -1 -2 
107 124 128 121 122 123 125 127 769 918 -1 -2 
107 124 128 424 655 757 771 814 889 937 -1 -2 
107 124 128 228 303 324 538 588 865 956 -1 -2 
107 124 128 178 240 289 311 651 776 934 -1 -2 
107 124 128 481 548 719 737 780 807 909 -1 -2 
21 124 128 97 115 553 565 600 756 801 -1 -2 
107 124 128 631 636 758 872 912 956 989 -1 -2 
107 124 128 121 122 123 125 127 767 877 -1 -2 
21 124 128 523 539 655 768 829 861 979 -1 -2 
107 124 128 97 115 533 679 781 813 822 -1 -2 
107 124 128 121 122 123 125 127 866 883 -1 -2 
107 124 128 188 308 382 464 722 843 916 -1 -2 
107 124 128 121 122 123 125 127 785 835 -1 -2 
107 124 128 121 122 123 125 127 914 971 -1 -2 
107 124 128 121 122 123 125 127 716 930 -1 -2 
107 124 128 121 122 123 125 127 865 893 -1 -2 
107 124 128 189 776 829 877 888 902 999 -1 -2 
107 124 128 387 434 447 745 825 874 876 -1 -2 
107 124 128 121 122 123 125 127 866 950 -1 -2 
107 124 128 128 153 361 367 588 622 764 -1 -2 
107 124 128 314 407 573 697 715 889 929 -1 -2 
107 124 128 257 289 426 514 583 670 996 -1 -2 
107 124 128 121 122 123 125 127 654 862 -1 -2 
107 124 128 121 122 123 125 127 782 948 -1 -2 
107 124 128 185 252 272 366 453 496 850 -1 -2 
107 124 128 207 417 425 543 804 854 983 -1 -2 
107 124 128 121 122 123 125 127 880 954 -1 -2 
107 124 128 479 595 767 783 828 862 883 -1 -2 
107 124 128 97 115 203 633 767 858 871 -1 -2 
107 124 128 536 576 578 588 834 873 933 -1 -2 
107 124 128 121 122 123 125 127 858 968 -1 -2 
107 124 128 331 373 385 614 627 656 805 -1 -2 
107 124 128 464 509 532 625 663 807 936 -1 -2 
107 124 128 489 587 601 616 746 747 967 -1 -2 
107 124 128 121 122 123 125 127 835 904 -1 -2 
107 124 128 97 115 380 436 632 817 889 -1 -2 
107 124 128 121 122 123 125 127 776 897 -1 -2 
107 124 128 383 423 439 753 790 877 977 -1 -2 
107 124 128 121 122 123 125 127 904 985 -1 -2 
107 124 128 97 115 347 574 583 701 798 -1 -2 
107 124 128 353 371 427 592 849 967 980 -1 -2 
107 124 128 327 398 399 646 851 894 958 -1 -2 
107 124 128 121 122 123 125 127 946 993 -1 -2 
107 124 128 121 122 123 125 127 899 1000 -1 -2 
107 124 128 437 454 658 767 848 934 966 -1 -2 
107 124 128 243 445 553 574 580 823 992 -1 -2 
107 124 128 97 115 658 766 971 984 986 -1 -2 
107 124 128 461 533 559 641 699 848 965 -1 -2 
107 124 128 97 115 725 958 960 965 973 -1 -2 
107 124 128 292 358 487 673 776 811 947 -1 -2 
107 124 128 491 581 654 814 854 942 977 -1 -2 
107 124 128 121 122 123 125 127 938 1000 -1 -2 
107 124 128 121 122 123 125 127 665 893 -1 -2 
107 124 128 419 460 681 737 866 921 966 -1 -2 
107 124 128 195 443 486 633 681 847 955 -1 -2 
107 124 128 97 115 369 442 462 591 701 -1 -2 
107 124 128 285 395 828 877 909 964 977 -1 -2 
107 124 128 481 586 617 628 636 830 914 -1 -2 
107 124 128 121 122 123 125 127 570 835 -1 -2 
107 124 128 121 122 123 125 127 867 954 -1 -2 
107 124 128 491 507 567 596 644 731 944 -1 -2 
107 124 128 397 490 593 696 815 902 909 -1 -2 
107 124 128 97 115 659 777 821 900 977 -1 -2 
107 124 128 426 685 696 732 923 947 996 -1 -2 
107 124 128 404 594 637 685 689 855 909 -1 -2 
107 124 128 121 122 123 125 127 960 993 -1 -2 
107 124 128 188 190 199 208 400 579 975 -1 -2 
107 124 128 121 122 123 125 127 727 864 -1 -2 
107 124 128 121 122 123 125 127 639 998 -1 -2 
107 124 128 97 115 311 540 636 692 932 -1 -2 
107 124 128 277 458 460 553 627 864 897 -1 -2 
107 124 128 121 122 123 125 127 832 899 -1 -2 
21 93 118 121 122 123 125 127 761 993 -1 -2 
21 93 118 121 122 123 125 127 846 954 -1 -2 
21 93 118 121 122 123 125 127 872 988 -1 -2 
21 93 118 121 122 123 125 127 896 958 -1 -2 
21 133 232 297 342 536 558 569 579 1000 -1 -2 
21 131 258 419 501 550 557 677 687 835 -1 -2 
21 93 118 121 122 123 125 127 570 989 -1 -2 
21 93 118 121 122 123 125 127 849 991 -1 -2 
21 75 91 97 115 123 125 127 721 845 -1 -2 
21 93 118 121 122 123 125 127 862 900 -1 -2 
21 93 118 121 122 123 125 127 927 943 -1 -2 
21 126 160 265 295 349 353 682 799 989 -1 -2 
21 93 118 121 122 123 125 127 935 951 -1 -2 
21 75 91 97 115 361 728 771 861 942 -1 -2 
21 136 245 276 302 324 566 708 860 930 -1 -2 
21 75 91 97 115 442 534 591 645 963 -1 -2 
21 132 158 200 287 371 535 885 915 926 -1 -2 
21 93 118 121 122 123 125 127 775 938 -1 -2 
21 75 91 97 115 700 795 806 903 952 -1 -2 
21 93 118 121 122 123 125 127 918 945 -1 -2 
21 93 118 121 122 123 125 127 750 924 -1 -2 
21 93 118 121 122 123 125 127 621 741 -1 -2 
21 75 91 97 115 267 338 710 714 830 -1 -2 
21 93 118 121 122 123 125 127 957 986 -1 -2 
21 93 118 121 122 123 125 127 770 875 -1 -2 
21 75 91 97 115 123 125 127 954 986 -1 -2 
21 93 118 121 122 123 125 127 892 925 -1 -2 
21 75 91 97 115 584 640 659 681 925 -1 -2 
88 93 118 121 122 123 125 127 836 927 -1 -2 
21 93 118 121 122 123 125 127 855 978 -1 -2 
21 93 118 121 122 123 125 127 886 923 -1 -2 
21 75 91 97 115 123 125 127 716 814 -1 -2 
21 93 118 121 122 123 125 127 800 915 -1 -2 
21 368 411 437 467 688 761 853 857 878 -1 -2 
21 205 268 274 307 604 622 889 890 934 -1 -2 
21 93 118 121 122 123 125 127 893 958 -1 -2 
21 75 91 97 115 702 709 740 742 985 -1 -2 
21 75 91 97 115 480 577 846 916 984 -1 -2 
21 274 290 380 543 624 677 825 932 966 -1 -2 
21 93 118 121 122 123 125 127 860 984 -1 -2 
21 75 91 97 115 123 125 127 865 919 -1 -2 
21 93 118 121 122 123 125 127 891 932 -1 -2 
21 111 142 160 194 235 431 493 611 830 -1 -2 
21 126 323 429 542 577 661 670 706 859 -1 -2 
21 160 197 206 340 373 485 673 860 869 -1 -2 
21 93 118 121 122 123 125 127 773 983 -1 -2 
21 76 122 168 298 536 736 842 946 960 -1 -2 
20 75 91 97 115 340 487 533 892 916 -1 -2 
21 199 202 222 247 398 759 891 907 970 -1 -2 
21 165 260 305 412 784 818 861 946 980 -1 -2 
21 350 520 531 573 701 705 808 903 920 -1 -2 
21 75 91 97 115 513 619 675 838 852 -1 -2 
21 93 118 121 122 123 125 127 876 952 -1 -2 
21 395 401 416 523 537 641 685 708 985 -1 -2 
21 291 337 574 651 747 806 877 913 978 -1 -2 
21 183 206 294 416 721 729 792 877 942 -1 -2 
21 75 91 97 115 378 516 963 974 980 -1 -2 
21 93 118 121 122 123 125 127 853 879 -1 -2 
21 75 91 97 115 642 674 704 757 986 -1 -2 
21 138 309 474 530 647 703 855 907 990 -1 -2 
21 90 187 206 276 642 666 672 825 982 -1 -2 
21 75 91 97 115 615 715 747 818 968 -1 -2 
21 93 118 121 122 123 125 127 699 880 -1 -2 
21 93 118 121 122 123 125 127 835 983 -1 -2 
21 93 118 121 122 123 125 127 606 645 -1 -2 
21 93 118 121 122 123 125 127 886 999 -1 -2 
21 75 91 97 115 612 675 680 818 849 -1 -2 
21 93 118 121 122 123 125 127 977 1000 -1 -2 
21 93 118 121 122 123 125 127 753 977 -1 -2 
21 93 118 121 122 123 125 127 946 954 -1 -2 
21 75 91 97 115 604 755 810 954 969 -1 -2 
21 93 118 121 122 123 125 127 810 922 -1 -2 
21 93 118 121 122 123 125 127 644 871 -1 -2 
21 94 132 133 145 183 315 333 392 567 -1 -2 
99 126 91 97 115 445 637 673 811 920 -1 -2 
21 93 118 121 122 123 125 127 633 807 -1 -2 
21 75 91 97 115 234 344 645 742 886 -1 -2 
21 93 118 121 122 123 125 127 795 963 -1 -2 
21 93 118 121 122 123 125 127 934 973 -1 -2 
21 93 118 121 122 123 125 127 880 911 -1 -2 
21 138 285 294 321 441 470 851 875 947 -1 -2 
21 70 95 107 137 352 553 607 645 853 -1 -2 
21 93 118 121 122 123 125 127 911 919 -1 -2 
21 75 91 97 115 404 526 566 710 747 -1 -2 
21 75 91 97 115 627 710 717 856 863 -1 -2 
21 31 93 134 196 270 293 316 402 468 -1 -2 
21 241 329 488 562 625 652 693 918 972 -1 -2 
21 126 99 278 286 691 789 810 845 879 -1 -2 
21 103 228 252 326 381 427 726 758 866 -1 -2 
21 93 118 121 122 123 125 127 875 908 -1 -2 
21 196 310 356 446 514 653 695 751 963 -1 -2 
21 75 91 97 115 513 556 665 890 931 -1 -2 
21 93 118 121 122 123 125 127 925 943 -1 -2 
21 75 91 97 115 609 650 716 868 988 -1 -2 
21 102 235 256 316 331 504 656 951 996 -1 -2 
21 75 91 97 115 123 125 127 673 805 -1 -2 
21 75 91 97 115 123 125 127 967 988 -1 -2 
21 53 105 165 346 578 740 801 816 896 -1 -2 
21 93 118 121 122 123 125 127 923 928 -1 -2 
21 93 118 121 122 123 125 127 887 978 -1 -2 
20 75 91 97 115 408 451 774 926 991 -1 -2 
88 93 118 121 122 123 125 127 733 907 -1 -2 
130 237 324 361 624 687 688 708 752 936 -1 -2 
77 92 125 183 330 452 499 654 661 685 -1 -2 
88 93 118 121 122 123 125 127 969 998 -1 -2 
36 93 118 121 122 123 125 127 931 940 -1 -2 
20 75 91 97 115 607 659 765 928 955 -1 -2 
88 93 118 121 122 123 125 127 877 937 -1 -2 
88 93 118 121 122 123 125 127 858 895 -1 -2 
88 93 118 121 122 123 125 127 891 989 -1 -2 
99 126 118 121 122 123 125 127 756 861 -1 -2 
88 93 118 121 122 123 125 127 914 928 -1 -2 
20 75 91 97 115 633 714 762 807 920 -1 -2 
36 93 118 121 122 123 125 127 856 930 -1 -2 
88 93 118 121 122 123 125 127 942 948 -1 -2 
88 93 118 121 122 123 125 127 763 979 -1 -2 
20 75 91 97 115 599 641 711 712 772 -1 -2 
88 93 118 121 122 123 125 127 879 949 -1 -2 
20 75 91 97 115 736 745 772 893 918 -1 -2 
88 93 118 121 122 123 125 127 613 712 -1 -2 
88 93 118 121 122 123 125 127 881 900 -1 -2 
88 93 118 121 122 123 125 127 835 996 -1 -2 
88 93 118 121 122 123 125 127 831 886 -1 -2 
20 75 91 97 115 525 576 713 863 910 -1 -2 
20 75 91 97 115 369 473 590 683 760 -1 -2 
20 75 91 97 115 123 125 127 873 875 -1 -2 
20 75 91 97 115 618 689 690 719 975 -1 -2 
88 93 118 121 122 123 125 127 898 963 -1 -2 
20 75 91 97 115 530 616 694 906 981 -1 -2 
88 93 118 121 122 123 125 127 651 708 -1 -2 
88 93 118 121 122 123 125 127 877 912 -1 -2 
20 75 91 97 115 123 125 127 828 872 -1 -2 
20 75 91 97 115 506 669 747 818 840 -1 -2 
88 93 118 121 122 123 125 127 953 978 -1 -2 
20 75 91 97 115 596 621 667 870 914 -1 -2 
88 93 118 121 122 123 125 127 935 991 -1 -2 
20 75 91 97 115 746 810 864 918 960 -1 -2 
88 93 118 121 122 123 125 127 967 997 -1 -2 
88 93 118 121 122 123 125 127 805 949 -1 -2 
52 250 251 301 339 413 534 547 663 949 -1 -2 
82 93 118 121 122 123 125 127 913 940 -1 -2 
88 93 118 121 122 123 125 127 690 972 -1 -2 
88 93 118 121 122 123 125 127 726 933 -1 -2 
20 75 91 97 115 747 897 924 933 980 -1 -2 
20 75 91 97 115 478 710 727 905 996 -1 -2 
23 106 136 261 329 578 593 623 638 686 -1 -2 
88 93 118 121 122 123 125 127 715 833 -1 -2 
99 126 118 121 122 123 125 127 977 1000 -1 -2 
20 75 91 97 115 595 718 721 777 965 -1 -2 
20 75 91 97 115 123 125 127 811 883 -1 -2 
20 75 91 97 115 498 628 817 919 925 -1 -2 
88 93 118 121 122 123 125 127 791 942 -1 -2 
20 75 91 97 115 502 682 747 896 988 -1 -2 
99 126 118 121 122 123 125 127 592 643 -1 -2 
88 93 118 121 122 123 125 127 910 995 -1 -2 
88 93 118 121 122 123 125 127 919 987 -1 -2 
88 93 118 121 122 123 125 127 899 951 -1 -2 
20 75 91 97 115 603 680 785 799 816 -1 -2 
88 93 118 121 122 123 125 127 884 931 -1 -2 
88 93 118 121 122 123 125 127 869 934 -1 -2 
20 75 91 97 115 580 612 743 891 914 -1 -2 
88 93 118 121 122 123 125 127 844 967 -1 -2 
99 126 346 455 544 614 698 707 930 959 -1 -2 
88 93 118 121 122 123 125 127 722 848 -1 -2 
20 75 91 97 115 123 125 127 756 1000 -1 -2 
20 75 91 97 115 123 125 127 938 974 -1 -2 
88 93 118 121 122 123 125 127 937 974 -1 -2 
88 93 118 121 122 123 125 127 866 940 -1 -2 
88 93 118 121 122 123 125 127 648 762 -1 -2 
20 75 91 97 115 405 420 469 588 857 -1 -2 
20 75 91 97 115 123 125 127 940 980 -1 -2 
20 75 91 97 115 123 125 127 921 958 -1 -2 
88 93 118 121 122 123 125 127 706 838 -1 -2 
88 93 118 121 122 123 125 127 836 971 -1 -2 
88 93 118 121 122 123 125 127 727 940 -1 -2 
20 75 91 97 115 123 125 127 912 995 -1 -2 
88 93 118 121 122 123 125 127 749 841 -1 -2 
20 75 91 97 115 736 751 878 936 1000 -1 -2 
88 93 118 121 122 123 125 127 896 977 -1 -2 
20 75 91 97 115 618 679 807 938 953 -1 -2 
88 93 118 121 122 123 125 127 841 905 -1 -2 
20 75 91 97 115 123 125 127 773 810 -1 -2 
82 93 118 121 122 123 125 127 953 977 -1 -2 
88 93 118 121 122 123 125 127 934 998 -1 -2 
82 75 91 97 115 754 785 830 837 996 -1 -2 
20 75 91 97 115 259 338 381 622 845 -1 -2 
20 75 91 97 115 571 603 737 766 926 -1 -2 
88 93 118 121 122 123 125 127 935 940 -1 -2 
88 93 118 121 122 123 125 127 851 921 -1 -2 
88 93 118 121 122 123 125 127 773 983 -1 -2 
88 93 118 121 122 123 125 127 821 912 -1 -2 
88 93 118 121 122 123 125 127 661 979 -1 -2 
20 75 91 97 115 730 736 761 851 893 -1 -2 
20 75 91 97 115 123 125 127 836 943 -1 -2 
20 75 91 97 115 761 796 871 959 965 -1 -2 
20 75 91 97 115 123 125 127 735 999 -1 -2 
88 93 118 121 122 123 125 127 794 915 -1 -2 
88 93 118 121 122 123 125 127 867 910 -1 -2 
20 75 91 97 115 123 125 127 791 857 -1 -2 
88 93 118 121 122 123 125 127 782 906 -1 -2 
20 75 91 97 115 327 368 696 786 839 -1 -2 
20 75 91 97 115 329 526 672 744 926 -1 -2 
20 75 91 97 115 580 668 807 889 982 -1 -2 
148 199 272 358 423 508 679 907 910 921 -1 -2 
20 75 91 97 115 806 858 906 937 967 -1 -2 
20 75 91 97 115 577 648 666 748 884 -1 -2 
20 75 91 97 115 299 489 507 647 669 -1 -2 
42 189 275 325 364 603 675 764 806 975 -1 -2 
20 75 91 97 115 573 678 770 853 949 -1 -2 
20 75 91 97 115 608 750 754 845 861 -1 -2 
20 75 91 97 115 666 784 812 908 960 -1 -2 
20 75 91 97 115 528 712 740 887 900 -1 -2 
68 179 201 251 253 375 668 809 850 882 -1 -2 
33 243 406 509 522 768 845 855 872 945 -1 -2 
20 75 91 97 115 527 588 793 866 934 -1 -2 
82 312 355 535 553 675 687 796 865 895 -1 -2 
99 126 257 328 373 384 424 691 902 932 -1 -2 
99 126 91 97 115 382 583 888 984 992 -1 -2 
20 75 91 97 115 687 726 750 766 910 -1 -2 
20 75 91 97 115 478 494 553 616 846 -1 -2 
20 75 91 97 115 513 533 700 820 884 -1 -2 
99 126 159 364 491 526 563 755 895 966 -1 -2 
134 143 295 314 459 630 637 660 703 797 -1 -2 
6 107 221 260 384 448 501 772 951 998 -1 -2 
35 60 132 140 364 536 572 581 629 731 -1 -2 
20 75 91 97 115 444 543 713 766 996 -1 -2 
20 75 91 97 115 661 706 712 895 993 -1 -2 
20 75 91 97 115 634 690 790 868 885 -1 -2 
20 75 91 97 115 580 659 759 773 902 -1 -2 
20 75 91 97 115 563 658 716 735 806 -1 -2 
20 75 91 97 115 512 519 584 835 957 -1 -2 
20 75 91 97 115 687 692 856 863 927 -1 -2 
20 75 91 97 115 482 556 743 889 992 -1 -2 
20 75 91 97 115 780 818 887 918 936 -1 -2 
82 104 263 271 376 607 640 721 756 870 -1 -2 
125 326 345 470 512 594 699 867 902 977 -1 -2 
17 104 446 520 558 567 641 679 770 937 -1 -2 
82 161 221 251 255 581 586 672 783 907 -1 -2 
20 75 91 97 115 901 930 966 990 995 -1 -2 
82 406 598 718 789 815 864 955 970 1000 -1 -2 
25 132 237 329 422 497 558 670 702 975 -1 -2 
65 232 246 302 332 422 825 852 867 983 -1 -2 
20 133 177 301 311 695 746 850 932 941 -1 -2 
20 75 91 97 115 356 406 616 670 735 -1 -2 
39 223 460 499 699 746 758 834 907 1000 -1 -2 
20 75 91 97 115 432 519 769 788 814 -1 -2 
82 75 91 97 115 673 703 717 746 781 -1 -2 
20 75 91 97 115 408 694 757 968 977 -1 -2 
36 75 91 97 115 538 578 694 786 887 -1 -2 
86 91 345 365 409 540 595 696 829 994 -1 -2 
20 75 91 97 115 538 703 731 774 962 -1 -2 
11 48 63 199 203 372 436 717 850 960 -1 -2 
20 75 91 97 115 572 602 665 888 894 -1 -2 
82 75 91 97 115 518 598 625 724 997 -1 -2 
20 75 91 97 115 511 594 625 716 738 -1 -2 
13 36 180 269 329 352 457 559 600 851 -1 -2 
20 75 91 97 115 326 372 407 486 982 -1 -2 
20 75 91 97 115 571 604 626 731 860 -1 -2 
20 75 91 97 115 373 470 489 716 852 -1 -2 
20 75 91 97 115 446 554 599 666 903 -1 -2 
109 168 310 430 581 610 620 726 826 873 -1 -2 
20 75 91 97 115 443 547 666 736 974 -1 -2 
20 75 91 97 115 570 599 686 792 916 -1 -2 
20 75 91 97 115 608 734 830 838 999 -1 -2 
203 287 428 548 614 639 658 743 809 866 -1 -2 
82 75 91 97 115 625 732 822 842 907 -1 -2 
99 126 91 97 115 500 520 527 717 825 -1 -2 
82 75 91 97 115 715 737 820 966 976 -1 -2 
20 75 91 97 115 650 703 727 883 892 -1 -2 
13 38 181 316 529 569 637 827 929 930 -1 -2 
20 75 91 97 115 603 696 780 913 962 -1 -2 
20 75 91 97 115 227 629 643 718 958 -1 -2 
20 75 91 97 115 464 662 765 826 926 -1 -2 
20 75 91 97 115 676 692 703 783 833 -1 -2 
20 75 91 97 115 594 667 822 874 914 -1 -2 
99 126 91 97 115 612 626 676 745 783 -1 -2 
17 71 110 233 394 463 505 637 708 971 -1 -2 
20 75 91 97 115 667 744 817 850 853 -1 -2 
20 75 91 97 115 613 701 716 730 733 -1 -2 
230 274 374 469 602 613 694 722 794 890 -1 -2 
20 75 91 97 115 403 757 789 848 880 -1 -2 
20 75 91 97 115 408 538 753 770 872 -1 -2 
306 358 559 574 617 696 710 712 755 860 -1 -2 
20 75 91 97 115 736 760 791 820 997 -1 -2 
89 104 126 313 346 379 447 517 778 856 -1 -2 
36 159 199 255 337 772 880 881 958 962 -1 -2 
20 75 91 97 115 394 531 558 705 908 -1 -2 
149 167 256 333 412 676 726 750 926 936 -1 -2 
99 126 225 288 392 621 737 750 781 862 -1 -2 
99 126 227 265 451 713 867 877 949 955 -1 -2 
20 75 91 97 115 601 635 721 847 868 -1 -2 
82 75 91 97 115 731 759 862 945 982 -1 -2 
82 272 273 444 602 615 624 655 753 917 -1 -2 
82 75 91 97 115 747 808 870 916 951 -1 -2 
20 75 91 97 115 505 547 557 580 670 -1 -2 
20 75 91 97 115 407 425 505 543 837 -1 -2 
20 75 91 97 115 424 495 531 611 768 -1 -2 
20 75 91 97 115 438 450 559 732 961 -1 -2 
20 75 91 97 115 530 623 802 854 890 -1 -2 
99 126 395 415 516 557 569 887 978 990 -1 -2 
99 126 261 427 507 731 896 898 934 998 -1 -2 
99 126 363 404 444 448 526 643 648 980 -1 -2 
84 131 206 287 460 584 739 795 885 911 -1 -2 
35 39 58 424 431 455 524 584 675 919 -1 -2 
40 74 76 267 278 441 664 679 733 881 -1 -2 
99 126 216 367 468 699 715 851 949 966 -1 -2 
99 126 484 615 638 662 689 723 871 978 -1 -2 
4 119 250 360 373 398 526 735 863 891 -1 -2 
82 245 253 377 453 545 557 612 757 953 -1 -2 
56 183 305 412 481 491 659 755 758 837 -1 -2 
430 540 637 674 676 693 703 847 863 876 -1 -2 
36 188 376 390 681 799 938 941 945 977 -1 -2 
62 88 155 210 259 661 796 817 923 950 -1 -2 
7 55 59 172 226 313 536 564 878 893 -1 -2 
98 290 306 341 365 398 478 708 738 903 -1 -2 
82 415 590 687 716 738 806 911 979 996 -1 -2 
10 33 105 191 544 554 593 662 891 960 -1 -2 
115 196 216 301 466 530 673 694 729 940 -1 -2 
60 237 268 427 584 595 602 619 711 744 -1 -2 
18 293 296 523 537 681 709 824 856 961 -1 -2 
36 24 117 184 262 313 372 470 588 805 -1 -2 
41 107 228 416 442 528 584 656 661 760 -1 -2 
82 348 376 410 451 468 735 930 960 1000 -1 -2 
128 213 313 434 489 602 743 754 819 951 -1 -2 
36 114 226 234 366 440 505 760 778 998 -1 -2 
63 80 92 228 236 581 613 703 806 922 -1 -2 
112 146 330 427 495 542 729 815 820 841 -1 -2 
300 464 568 660 687 842 858 967 987 997 -1 -2 
36 51 174 181 225 427 449 472 551 717 -1 -2 
15 36 117 273 324 538 584 673 712 904 -1 -2 
29 135 164 312 573 592 611 652 778 873 -1 -2 
108 115 134 142 299 628 757 836 898 988 -1 -2 
99 126 316 326 467 471 601 602 842 867 -1 -2 
82 251 385 525 572 595 630 663 693 861 -1 -2 
82 156 204 320 350 497 560 677 727 770 -1 -2 
13 41 68 150 305 310 577 627 891 903 -1 -2 
82 113 332 334 357 526 561 599 866 902 -1 -2 
37 62 85 256 328 352 611 616 627 780 -1 -2 
82 126 348 394 450 569 625 654 700 884 -1 -2 
79 140 219 283 724 726 755 760 771 868 -1 -2 
75 97 142 355 485 556 562 635 725 779 -1 -2 
21 114 131 156 451 454 547 568 648 887 -1 -2 
82 341 579 646 665 789 912 914 935 936 -1 -2 
21 143 167 331 405 464 621 674 692 866 -1 -2 
4 55 60 210 368 526 632 645 820 860 -1 -2 
51 65 100 267 342 394 395 728 740 921 -1 -2 
20 316 354 408 421 466 484 510 870 963 -1 -2 
99 126 270 340 387 833 849 891 900 906 -1 -2 
6 56 99 256 290 390 462 817 894 987 -1 -2 
70 159 365 429 525 603 607 684 816 937 -1 -2 
21 157 212 279 560 693 793 823 888 971 -1 -2 
18 91 114 339 356 389 521 594 912 941 -1 -2 
39 95 222 226 254 357 748 849 896 993 -1 -2 
99 126 121 312 393 804 842 868 922 998 -1 -2 
36 139 212 264 353 437 438 483 718 907 -1 -2 
190 315 420 483 490 511 553 726 810 901 -1 -2 
58 64 268 335 451 492 534 610 845 893 -1 -2 
345 398 409 462 686 761 772 840 921 936 -1 -2 
27 163 185 219 221 321 400 489 870 975 -1 -2 
186 343 664 681 737 790 811 865 866 950 -1 -2 
205 330 357 420 434 449 475 571 748 992 -1 -2 
62 86 281 378 398 584 697 776 833 884 -1 -2 
36 176 312 335 342 528 549 621 655 938 -1 -2 
99 126 407 475 571 612 649 742 796 891 -1 -2 
70 202 526 537 685 770 895 901 908 929 -1 -2 
99 126 193 257 318 523 755 806 885 967 -1 -2 
106 233 271 388 478 490 510 616 722 806 -1 -2 
10 69 309 484 510 578 584 632 870 952 -1 -2 
121 156 255 599 623 647 753 761 854 952 -1 -2 
15 153 260 293 483 503 520 764 883 957 -1 -2 
11 13 169 209 221 640 747 856 958 985 -1 -2 
99 126 343 405 606 662 835 943 949 966 -1 -2 
36 70 95 206 325 366 447 550 709 882 -1 -2 
99 126 456 498 521 701 705 777 785 843 -1 -2 
36 59 172 231 289 309 359 504 806 844 -1 -2 
10 18 85 158 501 656 664 833 898 951 -1 -2 
116 142 308 330 477 479 647 668 670 859 -1 -2 
30 88 200 261 340 461 556 587 663 706 -1 -2 
36 243 258 443 547 706 748 768 782 893 -1 -2 
85 131 387 454 570 695 702 704 841 883 -1 -2 
179 367 471 672 674 679 700 731 935 981 -1 -2 
82 26 170 306 342 421 606 701 860 926 -1 -2 
54 62 331 361 376 444 601 665 752 936 -1 -2 
96 132 483 516 581 614 658 750 753 900 -1 -2 
197 218 448 508 517 608 694 727 746 988 -1 -2 
99 126 318 398 522 595 691 717 835 884 -1 -2 
82 145 185 187 215 454 541 825 868 932 -1 -2 
56 127 231 255 285 329 339 526 547 549 -1 -2 
82 103 346 362 390 449 651 669 675 822 -1 -2 
82 126 156 197 253 278 691 769 852 853 -1 -2 
36 96 184 267 361 379 391 626 636 662 -1 -2 
82 126 207 313 570 695 750 797 874 922 -1 -2 
97 191 217 323 396 627 661 777 885 928 -1 -2 
122 316 410 449 471 482 621 636 866 991 -1 -2 
99 126 395 429 713 733 808 822 847 848 -1 -2 
29 400 573 619 650 705 776 849 927 942 -1 -2 
36 63 259 345 504 568 670 736 807 969 -1 -2 
52 75 97 180 238 495 572 587 708 747 -1 -2 
49 152 208 410 490 657 732 809 819 852 -1 -2 
67 227 253 533 682 709 720 816 888 904 -1 -2 
