41 75 78 112 115 116 126 128 771 898 -1 -2 
26 98 78 112 115 116 126 128 850 941 -1 -2 
41 75 78 112 115 116 126 128 725 820 -1 -2 
26 98 319 743 763 923 939 944 949 981 -1 -2 
39 71 73 127 115 116 126 128 904 906 -1 -2 
41 75 78 112 115 116 126 128 783 833 -1 -2 
26 98 78 112 115 116 126 128 650 831 -1 -2 
41 75 78 112 115 116 126 128 795 920 -1 -2 
26 98 78 112 115 116 126 128 910 954 -1 -2 
26 98 117 125 115 116 126 128 808 885 -1 -2 
25 27 117 125 115 116 126 128 805 977 -1 -2 
41 75 78 112 115 116 126 128 961 971 -1 -2 
41 75 78 112 115 116 126 128 981 993 -1 -2 
26 98 78 112 115 116 126 128 859 922 -1 -2 
26 98 162 182 228 280 476 627 965 988 -1 -2 
25 27 117 125 115 116 126 128 700 984 -1 -2 
26 98 241 244 261 317 388 576 579 975 -1 -2 
26 98 376 429 439 584 735 736 764 798 -1 -2 
41 75 78 112 115 116 126 128 889 928 -1 -2 
41 75 78 112 115 116 126 128 787 910 -1 -2 
41 75 78 112 115 116 126 128 657 826 -1 -2 
41 75 78 112 115 116 126 128 717 912 -1 -2 
41 75 78 112 115 116 126 128 820 832 -1 -2 
26 98 78 112 115 116 126 128 960 985 -1 -2 
41 75 78 112 115 116 126 128 953 978 -1 -2 
113 119 104 118 412 432 529 762 824 950 -1 -2 
26 98 117 125 306 545 690 718 906 934 -1 -2 
26 98 117 125 674 680 698 771 970 983 -1 -2 
41 75 78 112 115 116 126 128 769 918 -1 -2 
26 98 117 125 115 116 126 128 889 937 -1 -2 
41 75 78 112 115 116 126 128 865 956 -1 -2 
26 98 78 112 115 116 126 128 776 934 -1 -2 
41 75 78 112 115 116 126 128 807 909 -1 -2 
26 98 78 112 115 116 126 128 756 801 -1 -2 
26 98 78 112 115 116 126 128 956 989 -1 -2 
26 98 78 112 115 116 126 128 767 877 -1 -2 
41 75 78 112 115 116 126 128 861 979 -1 -2 
26 98 334 335 404 533 679 781 813 822 -1 -2 
26 98 73 127 618 641 688 852 866 883 -1 -2 
26 98 85 188 308 382 464 722 843 916 -1 -2 
26 98 78 112 115 116 126 128 785 835 -1 -2 
26 98 78 112 115 116 126 128 914 971 -1 -2 
26 98 104 118 580 587 602 614 716 930 -1 -2 
113 119 78 112 115 116 126 128 865 893 -1 -2 
26 98 78 112 115 116 126 128 902 999 -1 -2 
41 75 78 112 115 116 126 128 874 876 -1 -2 
41 75 78 112 115 116 126 128 866 950 -1 -2 
26 98 78 112 115 116 126 128 622 764 -1 -2 
41 75 78 112 115 116 126 128 889 929 -1 -2 
113 119 255 257 289 426 514 583 670 996 -1 -2 
26 98 208 329 375 450 553 618 654 862 -1 -2 
41 75 78 112 115 116 126 128 782 948 -1 -2 
113 119 139 185 252 272 366 453 496 850 -1 -2 
26 98 78 112 115 116 126 128 854 983 -1 -2 
68 92 104 118 439 511 544 832 880 954 -1 -2 
26 98 369 479 595 767 783 828 862 883 -1 -2 
26 98 78 112 115 116 126 128 858 871 -1 -2 
26 98 78 112 115 116 126 128 873 933 -1 -2 
26 98 78 112 115 116 126 128 858 968 -1 -2 
41 75 78 112 115 116 126 128 656 805 -1 -2 
41 75 78 112 115 116 126 128 807 936 -1 -2 
41 75 78 112 115 116 126 128 747 967 -1 -2 
26 98 146 308 458 616 649 823 835 904 -1 -2 
41 75 78 112 115 116 126 128 817 889 -1 -2 
26 98 78 112 115 116 126 128 776 897 -1 -2 
26 98 78 112 115 116 126 128 877 977 -1 -2 
41 75 78 112 115 116 126 128 904 985 -1 -2 
26 98 78 112 115 116 126 128 701 798 -1 -2 
26 98 197 353 371 427 592 849 967 980 -1 -2 
26 98 78 112 115 116 126 128 894 958 -1 -2 
41 75 78 112 115 116 126 128 946 993 -1 -2 
41 75 78 112 115 116 126 128 899 1000 -1 -2 
26 98 347 437 454 658 767 848 934 966 -1 -2 
113 119 78 112 115 116 126 128 823 992 -1 -2 
26 98 78 112 115 116 126 128 984 986 -1 -2 
41 75 78 112 115 116 126 128 848 965 -1 -2 
39 71 73 127 115 116 126 128 965 973 -1 -2 
41 75 78 112 115 116 126 128 811 947 -1 -2 
26 98 78 112 115 116 126 128 942 977 -1 -2 
26 98 78 112 115 116 126 128 938 1000 -1 -2 
41 75 78 112 115 116 126 128 665 893 -1 -2 
41 75 78 112 115 116 126 128 921 966 -1 -2 
26 98 78 112 115 116 126 128 847 955 -1 -2 
26 98 78 112 115 116 126 128 591 701 -1 -2 
26 98 276 285 395 828 877 909 964 977 -1 -2 
26 98 104 118 586 617 628 636 830 914 -1 -2 
26 98 158 163 189 291 348 414 570 835 -1 -2 
26 98 78 112 115 116 126 128 867 954 -1 -2 
41 75 78 112 115 116 126 128 731 944 -1 -2 
41 75 78 112 115 116 126 128 902 909 -1 -2 
113 119 78 112 115 116 126 128 900 977 -1 -2 
26 98 420 426 685 696 732 923 947 996 -1 -2 
26 98 78 112 115 116 126 128 855 909 -1 -2 
26 98 444 474 652 838 856 863 960 993 -1 -2 
26 98 78 112 115 116 126 128 579 975 -1 -2 
41 75 78 112 115 116 126 128 727 864 -1 -2 
51 70 90 96 115 116 126 128 639 998 -1 -2 
26 98 78 112 115 116 126 128 692 932 -1 -2 
26 98 78 112 115 116 126 128 864 897 -1 -2 
26 98 104 118 344 516 574 584 832 899 -1 -2 
41 75 78 112 115 116 126 128 761 993 -1 -2 
41 75 78 112 115 116 126 128 846 954 -1 -2 
26 98 73 127 494 510 574 807 872 988 -1 -2 
26 98 78 112 115 116 126 128 896 958 -1 -2 
26 98 232 297 342 536 558 569 579 1000 -1 -2 
26 98 258 419 501 550 557 677 687 835 -1 -2 
68 92 104 118 115 116 126 128 570 989 -1 -2 
26 98 78 112 115 116 126 128 849 991 -1 -2 
26 98 78 112 115 116 126 128 721 845 -1 -2 
26 98 158 514 545 609 677 845 862 900 -1 -2 
41 75 78 112 115 116 126 128 927 943 -1 -2 
113 119 78 112 115 116 126 128 799 989 -1 -2 
26 98 117 125 557 641 658 836 935 951 -1 -2 
26 98 246 272 273 361 728 771 861 942 -1 -2 
26 98 78 112 115 116 126 128 860 930 -1 -2 
39 71 73 127 115 116 126 128 645 963 -1 -2 
26 98 78 112 115 116 126 128 915 926 -1 -2 
26 98 117 125 115 116 126 128 775 938 -1 -2 
26 98 117 125 427 700 795 806 903 952 -1 -2 
26 98 117 125 634 730 823 901 918 945 -1 -2 
26 98 78 112 115 116 126 128 750 924 -1 -2 
41 75 78 112 115 116 126 128 621 741 -1 -2 
113 119 133 138 221 267 338 710 714 830 -1 -2 
41 75 78 112 115 116 126 128 957 986 -1 -2 
41 75 78 112 115 116 126 128 770 875 -1 -2 
41 75 78 112 115 116 126 128 954 986 -1 -2 
41 75 78 112 115 116 126 128 892 925 -1 -2 
26 98 78 112 115 116 126 128 681 925 -1 -2 
26 98 78 112 115 116 126 128 836 927 -1 -2 
26 98 78 112 115 116 126 128 855 978 -1 -2 
41 75 78 112 115 116 126 128 886 923 -1 -2 
113 119 78 112 115 116 126 128 716 814 -1 -2 
41 75 78 112 115 116 126 128 800 915 -1 -2 
113 119 117 125 467 688 761 853 857 878 -1 -2 
41 75 78 112 115 116 126 128 890 934 -1 -2 
26 98 117 125 587 751 777 852 893 958 -1 -2 
39 71 73 127 580 702 709 740 742 985 -1 -2 
39 71 73 127 115 116 126 128 916 984 -1 -2 
26 98 290 380 543 624 677 825 932 966 -1 -2 
26 98 457 630 698 759 781 790 860 984 -1 -2 
41 75 78 112 115 116 126 128 865 919 -1 -2 
113 119 78 112 115 116 126 128 891 932 -1 -2 
26 98 142 160 194 235 431 493 611 830 -1 -2 
26 98 323 429 542 577 661 670 706 859 -1 -2 
26 98 78 112 115 116 126 128 860 869 -1 -2 
41 75 78 112 115 116 126 128 773 983 -1 -2 
113 119 78 112 115 116 126 128 946 960 -1 -2 
41 75 78 112 115 116 126 128 892 916 -1 -2 
26 98 78 112 115 116 126 128 907 970 -1 -2 
41 75 78 112 115 116 126 128 946 980 -1 -2 
26 98 520 531 573 701 705 808 903 920 -1 -2 
26 98 104 118 115 116 126 128 838 852 -1 -2 
41 75 78 112 115 116 126 128 876 952 -1 -2 
26 98 78 112 115 116 126 128 708 985 -1 -2 
41 75 78 112 115 116 126 128 913 978 -1 -2 
26 98 206 294 416 721 729 792 877 942 -1 -2 
51 70 90 96 115 116 126 128 974 980 -1 -2 
41 75 78 112 115 116 126 128 853 879 -1 -2 
26 98 78 112 115 116 126 128 757 986 -1 -2 
41 75 78 112 115 116 126 128 907 990 -1 -2 
26 98 78 112 115 116 126 128 825 982 -1 -2 
26 98 78 112 115 116 126 128 818 968 -1 -2 
26 98 78 112 115 116 126 128 699 880 -1 -2 
113 119 143 201 218 292 469 491 835 983 -1 -2 
26 98 117 125 300 356 436 519 606 645 -1 -2 
41 75 78 112 115 116 126 128 886 999 -1 -2 
25 27 117 125 470 612 675 680 818 849 -1 -2 
26 98 180 487 605 823 838 904 977 1000 -1 -2 
41 75 78 112 115 116 126 128 753 977 -1 -2 
41 75 78 112 115 116 126 128 946 954 -1 -2 
41 75 78 112 115 116 126 128 954 969 -1 -2 
26 98 78 112 115 116 126 128 810 922 -1 -2 
26 98 104 118 115 116 126 128 644 871 -1 -2 
26 98 78 112 115 116 126 128 392 567 -1 -2 
113 119 302 347 412 445 637 673 811 920 -1 -2 
26 98 78 112 115 116 126 128 633 807 -1 -2 
26 98 78 112 115 116 126 128 742 886 -1 -2 
41 75 78 112 115 116 126 128 795 963 -1 -2 
113 119 308 475 773 780 855 911 934 973 -1 -2 
39 71 73 127 115 116 126 128 880 911 -1 -2 
26 98 78 112 115 116 126 128 875 947 -1 -2 
39 71 73 127 115 116 126 128 645 853 -1 -2 
41 75 78 112 115 116 126 128 911 919 -1 -2 
41 75 78 112 115 116 126 128 710 747 -1 -2 
39 71 73 127 115 116 126 128 856 863 -1 -2 
26 98 78 112 115 116 126 128 402 468 -1 -2 
26 98 329 488 562 625 652 693 918 972 -1 -2 
26 98 104 118 286 691 789 810 845 879 -1 -2 
41 75 78 112 115 116 126 128 758 866 -1 -2 
41 75 78 112 115 116 126 128 875 908 -1 -2 
26 98 310 356 446 514 653 695 751 963 -1 -2 
26 98 78 112 115 116 126 128 890 931 -1 -2 
26 98 311 318 436 443 486 816 925 943 -1 -2 
41 75 78 112 115 116 126 128 868 988 -1 -2 
26 98 235 256 316 331 504 656 951 996 -1 -2 
41 75 78 112 115 116 126 128 673 805 -1 -2 
113 119 465 476 488 720 836 898 967 988 -1 -2 
26 98 78 112 115 116 126 128 816 896 -1 -2 
39 71 73 127 661 809 892 919 923 928 -1 -2 
26 98 78 112 115 116 126 128 887 978 -1 -2 
26 98 104 118 115 116 126 128 926 991 -1 -2 
41 75 78 112 115 116 126 128 733 907 -1 -2 
41 75 78 112 115 116 126 128 752 936 -1 -2 
26 98 90 96 115 116 126 128 661 685 -1 -2 
26 98 78 112 115 116 126 128 969 998 -1 -2 
26 98 78 112 115 116 126 128 931 940 -1 -2 
26 98 78 112 115 116 126 128 928 955 -1 -2 
26 98 104 118 631 774 810 868 877 937 -1 -2 
26 98 523 649 676 751 818 828 858 895 -1 -2 
41 75 78 112 115 116 126 128 891 989 -1 -2 
41 75 78 112 115 116 126 128 756 861 -1 -2 
26 98 78 112 115 116 126 128 914 928 -1 -2 
26 98 376 493 509 633 714 762 807 920 -1 -2 
41 75 78 112 115 116 126 128 856 930 -1 -2 
41 75 78 112 115 116 126 128 942 948 -1 -2 
51 70 90 96 115 116 126 128 763 979 -1 -2 
25 27 117 125 115 116 126 128 712 772 -1 -2 
26 98 78 112 115 116 126 128 879 949 -1 -2 
26 98 78 112 115 116 126 128 893 918 -1 -2 
26 98 78 112 115 116 126 128 613 712 -1 -2 
39 71 73 127 572 675 683 720 881 900 -1 -2 
41 75 78 112 115 116 126 128 835 996 -1 -2 
41 75 78 112 115 116 126 128 831 886 -1 -2 
26 98 182 189 361 525 576 713 863 910 -1 -2 
41 75 78 112 115 116 126 128 683 760 -1 -2 
41 75 78 112 115 116 126 128 873 875 -1 -2 
26 98 78 112 115 116 126 128 719 975 -1 -2 
26 98 78 112 115 116 126 128 898 963 -1 -2 
41 75 78 112 115 116 126 128 906 981 -1 -2 
41 75 78 112 115 116 126 128 651 708 -1 -2 
26 98 78 112 115 116 126 128 877 912 -1 -2 
41 75 78 112 115 116 126 128 828 872 -1 -2 
26 98 207 280 397 506 669 747 818 840 -1 -2 
26 98 73 127 115 116 126 128 953 978 -1 -2 
26 98 78 112 115 116 126 128 870 914 -1 -2 
26 98 78 112 115 116 126 128 935 991 -1 -2 
26 98 78 112 115 116 126 128 918 960 -1 -2 
41 75 78 112 115 116 126 128 967 997 -1 -2 
26 98 590 655 689 712 722 740 805 949 -1 -2 
26 98 78 112 115 116 126 128 663 949 -1 -2 
26 98 232 257 411 499 679 754 913 940 -1 -2 
41 75 78 112 115 116 126 128 690 972 -1 -2 
41 75 78 112 115 116 126 128 726 933 -1 -2 
41 75 78 112 115 116 126 128 933 980 -1 -2 
51 70 90 96 115 116 126 128 905 996 -1 -2 
26 98 136 261 329 578 593 623 638 686 -1 -2 
26 98 78 112 115 116 126 128 715 833 -1 -2 
26 98 78 112 115 116 126 128 977 1000 -1 -2 
26 98 78 112 115 116 126 128 777 965 -1 -2 
26 98 78 112 115 116 126 128 811 883 -1 -2 
39 71 73 127 115 116 126 128 919 925 -1 -2 
41 75 78 112 115 116 126 128 791 942 -1 -2 
113 119 143 279 461 502 682 747 896 988 -1 -2 
41 75 78 112 115 116 126 128 592 643 -1 -2 
25 27 117 125 618 628 804 889 910 995 -1 -2 
41 75 78 112 115 116 126 128 919 987 -1 -2 
171 254 396 401 475 525 779 871 899 951 -1 -2 
41 75 78 112 115 116 126 128 799 816 -1 -2 
41 75 78 112 115 116 126 128 884 931 -1 -2 
41 75 78 112 115 116 126 128 869 934 -1 -2 
41 75 78 112 115 116 126 128 891 914 -1 -2 
41 75 78 112 115 116 126 128 844 967 -1 -2 
41 75 78 112 115 116 126 128 930 959 -1 -2 
41 75 78 112 115 116 126 128 722 848 -1 -2 
41 75 78 112 115 116 126 128 756 1000 -1 -2 
113 119 78 112 115 116 126 128 938 974 -1 -2 
41 75 78 112 115 116 126 128 937 974 -1 -2 
41 75 78 112 115 116 126 128 866 940 -1 -2 
41 75 78 112 115 116 126 128 648 762 -1 -2 
39 71 73 127 115 116 126 128 588 857 -1 -2 
68 92 104 118 115 116 126 128 940 980 -1 -2 
41 75 78 112 115 116 126 128 921 958 -1 -2 
41 75 78 112 115 116 126 128 706 838 -1 -2 
41 75 78 112 115 116 126 128 836 971 -1 -2 
41 75 78 112 115 116 126 128 727 940 -1 -2 
41 75 78 112 115 116 126 128 912 995 -1 -2 
41 75 78 112 115 116 126 128 749 841 -1 -2 
41 75 78 112 115 116 126 128 936 1000 -1 -2 
39 71 73 127 115 116 126 128 896 977 -1 -2 
41 75 78 112 115 116 126 128 938 953 -1 -2 
41 75 78 112 115 116 126 128 841 905 -1 -2 
41 75 78 112 115 116 126 128 773 810 -1 -2 
41 75 78 112 115 116 126 128 953 977 -1 -2 
25 27 117 125 115 116 126 128 934 998 -1 -2 
41 75 78 112 115 116 126 128 837 996 -1 -2 
41 75 78 112 115 116 126 128 622 845 -1 -2 
41 75 78 112 115 116 126 128 766 926 -1 -2 
113 119 117 125 498 609 825 860 935 940 -1 -2 
39 71 73 127 115 116 126 128 851 921 -1 -2 
41 75 78 112 115 116 126 128 773 983 -1 -2 
41 75 78 112 115 116 126 128 821 912 -1 -2 
39 71 73 127 115 116 126 128 661 979 -1 -2 
113 119 78 112 115 116 126 128 851 893 -1 -2 
113 119 563 579 698 734 779 815 836 943 -1 -2 
41 75 78 112 115 116 126 128 959 965 -1 -2 
41 75 78 112 115 116 126 128 735 999 -1 -2 
39 71 73 127 579 581 744 773 794 915 -1 -2 
41 75 78 112 115 116 126 128 867 910 -1 -2 
41 75 78 112 115 116 126 128 791 857 -1 -2 
41 75 78 112 115 116 126 128 782 906 -1 -2 
41 75 78 112 115 116 126 128 786 839 -1 -2 
41 75 78 112 115 116 126 128 744 926 -1 -2 
41 75 78 112 115 116 126 128 889 982 -1 -2 
41 75 78 112 115 116 126 128 910 921 -1 -2 
113 119 78 112 115 116 126 128 937 967 -1 -2 
25 27 117 125 115 116 126 128 748 884 -1 -2 
41 75 78 112 115 116 126 128 647 669 -1 -2 
113 119 78 112 115 116 126 128 806 975 -1 -2 
41 75 78 112 115 116 126 128 853 949 -1 -2 
68 92 104 118 115 116 126 128 845 861 -1 -2 
41 75 78 112 115 116 126 128 908 960 -1 -2 
68 92 104 118 115 116 126 128 887 900 -1 -2 
41 75 78 112 115 116 126 128 850 882 -1 -2 
41 75 78 112 115 116 126 128 872 945 -1 -2 
113 119 104 118 388 527 588 793 866 934 -1 -2 
41 75 78 112 115 116 126 128 865 895 -1 -2 
41 75 78 112 115 116 126 128 902 932 -1 -2 
39 71 73 127 336 382 583 888 984 992 -1 -2 
113 119 78 112 115 116 126 128 766 910 -1 -2 
41 75 78 112 115 116 126 128 616 846 -1 -2 
113 119 78 112 115 116 126 128 820 884 -1 -2 
41 75 78 112 115 116 126 128 895 966 -1 -2 
41 75 78 112 115 116 126 128 703 797 -1 -2 
68 92 104 118 115 116 126 128 951 998 -1 -2 
41 75 78 112 115 116 126 128 629 731 -1 -2 
25 27 117 125 115 116 126 128 766 996 -1 -2 
41 75 78 112 115 116 126 128 895 993 -1 -2 
41 75 78 112 115 116 126 128 868 885 -1 -2 
41 75 78 112 115 116 126 128 773 902 -1 -2 
41 75 78 112 115 116 126 128 735 806 -1 -2 
41 75 78 112 115 116 126 128 835 957 -1 -2 
68 92 104 118 115 116 126 128 863 927 -1 -2 
113 119 78 112 115 116 126 128 889 992 -1 -2 
41 75 78 112 115 116 126 128 918 936 -1 -2 
41 75 78 112 115 116 126 128 756 870 -1 -2 
41 75 78 112 115 116 126 128 902 977 -1 -2 
68 92 104 118 115 116 126 128 770 937 -1 -2 
113 119 78 112 115 116 126 128 783 907 -1 -2 
41 75 78 112 115 116 126 128 990 995 -1 -2 
41 75 78 112 115 116 126 128 970 1000 -1 -2 
68 92 104 118 115 116 126 128 702 975 -1 -2 
68 92 104 118 332 422 825 852 867 983 -1 -2 
41 75 78 112 115 116 126 128 932 941 -1 -2 
113 119 78 112 115 116 126 128 670 735 -1 -2 
41 75 78 112 115 116 126 128 907 1000 -1 -2 
41 75 78 112 115 116 126 128 788 814 -1 -2 
41 75 78 112 115 116 126 128 746 781 -1 -2 
68 92 104 118 115 116 126 128 968 977 -1 -2 
24 90 140 398 414 538 578 694 786 887 -1 -2 
41 75 78 112 115 116 126 128 829 994 -1 -2 
39 71 73 127 115 116 126 128 774 962 -1 -2 
113 119 78 112 115 116 126 128 850 960 -1 -2 
51 70 90 96 115 116 126 128 888 894 -1 -2 
41 75 78 112 115 116 126 128 724 997 -1 -2 
41 75 78 112 115 116 126 128 716 738 -1 -2 
41 75 78 112 115 116 126 128 600 851 -1 -2 
39 71 73 127 115 116 126 128 486 982 -1 -2 
41 75 78 112 115 116 126 128 731 860 -1 -2 
41 75 78 112 115 116 126 128 716 852 -1 -2 
113 119 78 112 115 116 126 128 666 903 -1 -2 
68 92 104 118 115 116 126 128 826 873 -1 -2 
39 71 73 127 115 116 126 128 736 974 -1 -2 
25 27 117 125 115 116 126 128 792 916 -1 -2 
41 75 78 112 115 116 126 128 838 999 -1 -2 
41 75 78 112 115 116 126 128 809 866 -1 -2 
41 75 78 112 115 116 126 128 842 907 -1 -2 
68 92 104 118 115 116 126 128 717 825 -1 -2 
25 27 117 125 648 715 737 820 966 976 -1 -2 
41 75 78 112 115 116 126 128 883 892 -1 -2 
41 75 78 112 115 116 126 128 929 930 -1 -2 
113 119 78 112 115 116 126 128 913 962 -1 -2 
41 75 78 112 115 116 126 128 718 958 -1 -2 
113 119 78 112 115 116 126 128 826 926 -1 -2 
41 75 78 112 115 116 126 128 783 833 -1 -2 
41 75 78 112 115 116 126 128 874 914 -1 -2 
41 75 78 112 115 116 126 128 745 783 -1 -2 
41 75 78 112 115 116 126 128 708 971 -1 -2 
113 119 78 112 115 116 126 128 850 853 -1 -2 
41 75 78 112 115 116 126 128 730 733 -1 -2 
25 27 117 125 602 613 694 722 794 890 -1 -2 
51 70 90 96 317 403 757 789 848 880 -1 -2 
113 119 298 343 395 408 538 753 770 872 -1 -2 
41 75 78 112 115 116 126 128 755 860 -1 -2 
25 27 117 125 115 116 126 128 820 997 -1 -2 
41 75 78 112 115 116 126 128 778 856 -1 -2 
113 119 199 255 337 772 880 881 958 962 -1 -2 
41 75 78 112 115 116 126 128 705 908 -1 -2 
41 75 78 112 115 116 126 128 926 936 -1 -2 
41 75 78 112 115 116 126 128 781 862 -1 -2 
41 75 78 112 115 116 126 128 949 955 -1 -2 
41 75 78 112 115 116 126 128 847 868 -1 -2 
41 75 78 112 115 116 126 128 945 982 -1 -2 
41 75 78 112 115 116 126 128 753 917 -1 -2 
239 412 473 609 733 747 808 870 916 951 -1 -2 
41 75 78 112 115 116 126 128 580 670 -1 -2 
41 75 78 112 115 116 126 128 543 837 -1 -2 
113 119 319 350 387 424 495 531 611 768 -1 -2 
41 75 78 112 115 116 126 128 732 961 -1 -2 
68 92 104 118 115 116 126 128 854 890 -1 -2 
41 75 78 112 115 116 126 128 978 990 -1 -2 
25 27 117 125 507 731 896 898 934 998 -1 -2 
41 75 78 112 115 116 126 128 648 980 -1 -2 
113 119 78 112 115 116 126 128 885 911 -1 -2 
41 75 78 112 115 116 126 128 675 919 -1 -2 
41 75 78 112 115 116 126 128 733 881 -1 -2 
39 71 73 127 115 116 126 128 949 966 -1 -2 
51 70 90 96 115 116 126 128 871 978 -1 -2 
41 75 78 112 115 116 126 128 863 891 -1 -2 
41 75 78 112 115 116 126 128 757 953 -1 -2 
113 119 78 112 115 116 126 128 758 837 -1 -2 
41 75 78 112 115 116 126 128 863 876 -1 -2 
68 92 104 118 115 116 126 128 945 977 -1 -2 
41 75 78 112 115 116 126 128 923 950 -1 -2 
113 119 78 112 115 116 126 128 878 893 -1 -2 
113 119 78 112 115 116 126 128 738 903 -1 -2 
41 75 78 112 115 116 126 128 979 996 -1 -2 
68 92 104 118 115 116 126 128 891 960 -1 -2 
113 119 104 118 115 116 126 128 729 940 -1 -2 
51 70 90 96 115 116 126 128 711 744 -1 -2 
41 75 78 112 115 116 126 128 856 961 -1 -2 
41 75 78 112 115 116 126 128 588 805 -1 -2 
25 27 117 125 442 528 584 656 661 760 -1 -2 
39 71 73 127 451 468 735 930 960 1000 -1 -2 
39 71 73 127 115 116 126 128 819 951 -1 -2 
41 75 78 112 115 116 126 128 778 998 -1 -2 
41 75 78 112 115 116 126 128 806 922 -1 -2 
113 119 117 125 495 542 729 815 820 841 -1 -2 
41 75 78 112 115 116 126 128 987 997 -1 -2 
41 75 78 112 115 116 126 128 551 717 -1 -2 
113 119 117 273 324 538 584 673 712 904 -1 -2 
41 75 78 112 115 116 126 128 778 873 -1 -2 
41 75 78 112 115 116 126 128 898 988 -1 -2 
41 75 78 112 115 116 126 128 842 867 -1 -2 
41 75 78 112 115 116 126 128 693 861 -1 -2 
113 119 204 320 350 497 560 677 727 770 -1 -2 
41 75 78 112 115 116 126 128 891 903 -1 -2 
41 75 78 112 115 116 126 128 866 902 -1 -2 
113 119 78 112 115 116 126 128 627 780 -1 -2 
41 75 78 112 115 116 126 128 700 884 -1 -2 
41 75 78 112 115 116 126 128 771 868 -1 -2 
41 75 78 112 115 116 126 128 725 779 -1 -2 
21 114 131 156 451 454 547 568 648 887 -1 -2 
41 75 78 112 115 116 126 128 935 936 -1 -2 
41 75 78 112 115 116 126 128 692 866 -1 -2 
39 71 73 127 115 116 126 128 820 860 -1 -2 
113 119 78 112 115 116 126 128 740 921 -1 -2 
68 92 104 118 421 466 484 510 870 963 -1 -2 
41 75 78 112 115 116 126 128 900 906 -1 -2 
39 71 73 127 115 116 126 128 894 987 -1 -2 
25 27 117 125 115 116 126 128 816 937 -1 -2 
39 71 73 127 115 116 126 128 888 971 -1 -2 
41 75 78 112 115 116 126 128 912 941 -1 -2 
41 75 78 112 115 116 126 128 896 993 -1 -2 
41 75 78 112 115 116 126 128 922 998 -1 -2 
41 75 78 112 115 116 126 128 718 907 -1 -2 
113 119 78 112 115 116 126 128 810 901 -1 -2 
41 75 78 112 115 116 126 128 845 893 -1 -2 
113 119 78 112 115 116 126 128 921 936 -1 -2 
25 27 117 125 115 116 126 128 870 975 -1 -2 
41 75 78 112 115 116 126 128 866 950 -1 -2 
41 75 78 112 115 116 126 128 748 992 -1 -2 
41 75 78 112 115 116 126 128 833 884 -1 -2 
41 75 78 112 115 116 126 128 655 938 -1 -2 
113 119 117 125 115 116 126 128 796 891 -1 -2 
70 202 526 537 685 770 895 901 908 929 -1 -2 
41 75 78 112 115 116 126 128 885 967 -1 -2 
41 75 78 112 115 116 126 128 722 806 -1 -2 
41 75 78 112 115 116 126 128 870 952 -1 -2 
113 119 78 112 115 116 126 128 854 952 -1 -2 
68 92 104 118 115 116 126 128 883 957 -1 -2 
41 75 78 112 115 116 126 128 958 985 -1 -2 
41 75 78 112 115 116 126 128 949 966 -1 -2 
41 75 78 112 115 116 126 128 709 882 -1 -2 
41 75 78 112 115 116 126 128 785 843 -1 -2 
41 75 78 112 115 116 126 128 806 844 -1 -2 
68 92 104 118 501 656 664 833 898 951 -1 -2 
41 75 78 112 115 116 126 128 670 859 -1 -2 
41 75 78 112 115 116 126 128 663 706 -1 -2 
41 75 78 112 115 116 126 128 782 893 -1 -2 
113 119 78 112 115 116 126 128 841 883 -1 -2 
39 71 73 127 115 116 126 128 935 981 -1 -2 
41 75 78 112 115 116 126 128 860 926 -1 -2 
41 75 78 112 115 116 126 128 752 936 -1 -2 
113 119 483 516 581 614 658 750 753 900 -1 -2 
41 75 78 112 115 116 126 128 746 988 -1 -2 
41 75 78 112 115 116 126 128 835 884 -1 -2 
93 145 185 187 215 454 541 825 868 932 -1 -2 
41 75 78 112 115 116 126 128 547 549 -1 -2 
39 71 73 127 115 116 126 128 675 822 -1 -2 
41 75 78 112 115 116 126 128 852 853 -1 -2 
68 92 104 118 361 379 391 626 636 662 -1 -2 
113 119 78 112 115 116 126 128 874 922 -1 -2 
39 71 73 127 115 116 126 128 885 928 -1 -2 
41 75 78 112 115 116 126 128 866 991 -1 -2 
41 75 78 112 115 116 126 128 847 848 -1 -2 
41 75 78 112 115 116 126 128 927 942 -1 -2 
41 75 78 112 115 116 126 128 807 969 -1 -2 
41 75 78 112 115 116 126 128 708 747 -1 -2 
41 75 78 112 115 116 126 128 819 852 -1 -2 
51 70 90 96 115 116 126 128 888 904 -1 -2 
