101 107 117 118 125 126 128 705 771 898 -1 -2 
18 28 120 122 125 126 128 846 850 941 -1 -2 
101 107 117 118 125 126 128 237 725 820 -1 -2 
101 107 117 118 125 126 128 944 949 981 -1 -2 
101 107 117 118 125 126 128 773 904 906 -1 -2 
18 28 120 122 125 126 128 702 783 833 -1 -2 
101 107 117 118 114 126 128 581 650 831 -1 -2 
101 107 117 118 125 126 128 736 795 920 -1 -2 
18 28 120 122 125 126 128 836 910 954 -1 -2 
18 28 120 122 125 126 128 790 808 885 -1 -2 
18 28 120 122 125 126 128 787 805 977 -1 -2 
101 107 117 118 125 126 128 827 961 971 -1 -2 
18 28 120 122 125 126 128 693 981 993 -1 -2 
101 107 117 118 125 126 128 725 859 922 -1 -2 
101 107 117 118 228 280 476 627 965 988 -1 -2 
101 107 117 118 296 354 515 553 700 984 -1 -2 
101 107 117 118 125 126 128 576 579 975 -1 -2 
119 127 117 118 439 584 735 736 764 798 -1 -2 
101 107 117 118 125 126 128 805 889 928 -1 -2 
101 107 117 118 276 321 368 406 787 910 -1 -2 
101 107 117 118 328 376 431 449 657 826 -1 -2 
18 28 120 122 125 126 128 712 717 912 -1 -2 
101 107 117 118 279 518 526 562 820 832 -1 -2 
101 107 117 118 125 126 128 746 960 985 -1 -2 
101 107 117 118 125 126 128 792 953 978 -1 -2 
101 107 117 118 125 126 128 762 824 950 -1 -2 
18 28 120 122 125 126 128 718 906 934 -1 -2 
119 127 117 118 125 126 128 771 970 983 -1 -2 
18 28 120 122 125 126 128 447 769 918 -1 -2 
14 82 91 116 125 126 128 814 889 937 -1 -2 
101 107 117 118 125 126 128 588 865 956 -1 -2 
18 28 120 122 125 126 128 651 776 934 -1 -2 
18 28 120 122 125 126 128 780 807 909 -1 -2 
18 28 120 122 125 126 128 600 756 801 -1 -2 
18 28 120 122 125 126 128 912 956 989 -1 -2 
119 127 120 122 125 126 128 661 767 877 -1 -2 
101 107 117 118 125 126 128 829 861 979 -1 -2 
101 107 117 118 125 126 128 781 813 822 -1 -2 
119 127 117 118 618 641 688 852 866 883 -1 -2 
101 107 117 118 125 126 128 722 843 916 -1 -2 
101 107 117 118 436 446 556 603 785 835 -1 -2 
29 73 92 98 114 126 128 826 914 971 -1 -2 
101 107 117 118 125 126 128 614 716 930 -1 -2 
101 107 117 118 125 126 128 854 865 893 -1 -2 
101 107 117 118 125 126 128 888 902 999 -1 -2 
101 107 117 118 434 447 745 825 874 876 -1 -2 
101 107 117 118 125 126 128 689 866 950 -1 -2 
101 107 117 118 125 126 128 588 622 764 -1 -2 
18 28 120 122 125 126 128 715 889 929 -1 -2 
119 127 117 118 125 126 128 583 670 996 -1 -2 
101 107 117 118 375 450 553 618 654 862 -1 -2 
101 107 117 118 425 549 623 731 782 948 -1 -2 
101 107 117 118 252 272 366 453 496 850 -1 -2 
101 107 117 118 125 126 128 804 854 983 -1 -2 
101 107 117 118 125 126 128 832 880 954 -1 -2 
101 107 117 118 595 767 783 828 862 883 -1 -2 
101 107 117 118 125 126 128 767 858 871 -1 -2 
101 107 117 118 125 126 128 834 873 933 -1 -2 
101 107 117 118 125 126 128 849 858 968 -1 -2 
101 107 117 118 125 126 128 627 656 805 -1 -2 
101 107 117 118 125 126 128 663 807 936 -1 -2 
101 107 117 118 587 601 616 746 747 967 -1 -2 
101 107 117 118 125 126 128 823 835 904 -1 -2 
101 107 117 118 125 126 128 632 817 889 -1 -2 
18 28 120 122 125 126 128 665 776 897 -1 -2 
101 107 117 118 125 126 128 790 877 977 -1 -2 
101 107 117 118 125 126 128 627 904 985 -1 -2 
101 107 117 118 125 126 128 583 701 798 -1 -2 
101 107 117 118 125 126 128 849 967 980 -1 -2 
18 28 120 122 125 126 128 851 894 958 -1 -2 
18 28 120 122 125 126 128 927 946 993 -1 -2 
119 127 117 118 476 483 786 813 899 1000 -1 -2 
101 107 117 118 125 126 128 848 934 966 -1 -2 
101 107 117 118 125 126 128 580 823 992 -1 -2 
18 28 120 122 125 126 128 971 984 986 -1 -2 
101 107 117 118 533 559 641 699 848 965 -1 -2 
101 107 117 118 670 725 958 960 965 973 -1 -2 
101 107 117 118 125 126 128 776 811 947 -1 -2 
101 107 117 118 581 654 814 854 942 977 -1 -2 
18 28 120 122 125 126 128 928 938 1000 -1 -2 
101 107 117 118 243 274 279 353 665 893 -1 -2 
101 107 117 118 460 681 737 866 921 966 -1 -2 
18 28 120 122 125 126 128 681 847 955 -1 -2 
101 107 117 118 125 126 128 462 591 701 -1 -2 
101 107 117 118 125 126 128 909 964 977 -1 -2 
18 28 120 122 125 126 128 636 830 914 -1 -2 
101 107 117 118 189 291 348 414 570 835 -1 -2 
29 73 92 98 114 126 128 499 867 954 -1 -2 
18 28 120 122 125 126 128 644 731 944 -1 -2 
119 127 120 122 125 126 128 815 902 909 -1 -2 
101 107 117 118 125 126 128 821 900 977 -1 -2 
101 107 117 118 685 696 732 923 947 996 -1 -2 
18 28 120 122 125 126 128 689 855 909 -1 -2 
101 107 117 118 125 126 128 863 960 993 -1 -2 
18 28 120 122 125 126 128 400 579 975 -1 -2 
119 127 117 118 125 126 128 650 727 864 -1 -2 
101 107 117 118 125 126 128 578 639 998 -1 -2 
29 73 92 98 114 126 128 636 692 932 -1 -2 
101 107 117 118 125 126 128 627 864 897 -1 -2 
101 107 117 118 125 126 128 584 832 899 -1 -2 
101 107 117 118 422 423 495 639 761 993 -1 -2 
101 107 117 118 125 126 128 745 846 954 -1 -2 
101 107 117 118 125 126 128 807 872 988 -1 -2 
18 28 120 122 125 126 128 784 896 958 -1 -2 
101 107 117 118 342 536 558 569 579 1000 -1 -2 
101 107 117 118 501 550 557 677 687 835 -1 -2 
101 107 117 118 125 126 128 534 570 989 -1 -2 
101 107 117 118 125 126 128 797 849 991 -1 -2 
101 107 117 118 256 337 371 391 721 845 -1 -2 
101 107 117 118 125 126 128 845 862 900 -1 -2 
101 107 117 118 125 126 128 846 927 943 -1 -2 
101 107 117 118 125 126 128 682 799 989 -1 -2 
101 107 117 118 125 126 128 836 935 951 -1 -2 
101 107 117 118 125 126 128 771 861 942 -1 -2 
101 107 117 118 125 126 128 708 860 930 -1 -2 
101 107 117 118 433 442 534 591 645 963 -1 -2 
101 107 117 118 125 126 128 885 915 926 -1 -2 
18 28 120 122 125 126 128 774 775 938 -1 -2 
101 107 117 118 125 126 128 806 903 952 -1 -2 
18 28 120 122 125 126 128 901 918 945 -1 -2 
101 107 117 118 125 126 128 729 750 924 -1 -2 
101 107 117 118 333 342 405 421 621 741 -1 -2 
101 107 117 118 125 126 128 710 714 830 -1 -2 
101 107 117 118 125 126 128 693 957 986 -1 -2 
101 107 117 118 125 126 128 707 770 875 -1 -2 
101 107 117 118 125 126 128 855 954 986 -1 -2 
101 107 117 118 125 126 128 889 892 925 -1 -2 
18 28 120 122 125 126 128 659 681 925 -1 -2 
18 28 120 122 125 126 128 822 836 927 -1 -2 
101 107 117 118 125 126 128 745 855 978 -1 -2 
101 107 117 118 440 705 735 750 886 923 -1 -2 
29 73 92 98 114 533 626 674 716 814 -1 -2 
101 107 117 118 125 126 128 737 800 915 -1 -2 
101 107 117 118 467 688 761 853 857 878 -1 -2 
101 107 117 118 125 126 128 889 890 934 -1 -2 
18 28 120 122 125 126 128 852 893 958 -1 -2 
101 107 117 118 125 126 128 740 742 985 -1 -2 
101 107 117 118 379 480 577 846 916 984 -1 -2 
101 107 117 118 125 126 128 825 932 966 -1 -2 
101 107 117 118 125 126 128 790 860 984 -1 -2 
101 107 117 118 125 126 128 850 865 919 -1 -2 
101 107 117 118 125 126 128 828 891 932 -1 -2 
101 107 117 118 194 235 431 493 611 830 -1 -2 
101 107 117 118 125 126 128 670 706 859 -1 -2 
101 107 117 118 125 126 128 673 860 869 -1 -2 
101 107 117 118 125 126 128 732 773 983 -1 -2 
101 107 117 118 298 536 736 842 946 960 -1 -2 
101 107 117 118 125 126 128 533 892 916 -1 -2 
18 28 120 122 125 126 128 891 907 970 -1 -2 
101 107 117 118 125 126 128 861 946 980 -1 -2 
101 107 117 118 125 126 128 808 903 920 -1 -2 
101 107 117 118 125 126 128 675 838 852 -1 -2 
101 107 117 118 125 126 128 816 876 952 -1 -2 
101 107 117 118 125 126 128 685 708 985 -1 -2 
18 28 120 122 125 126 128 877 913 978 -1 -2 
101 107 117 118 125 126 128 792 877 942 -1 -2 
18 28 120 122 125 126 128 963 974 980 -1 -2 
18 28 120 122 125 126 128 850 853 879 -1 -2 
18 28 120 122 125 126 128 704 757 986 -1 -2 
101 107 117 118 125 126 128 855 907 990 -1 -2 
18 28 120 122 125 126 128 672 825 982 -1 -2 
119 127 117 118 125 126 128 747 818 968 -1 -2 
101 107 117 118 125 126 128 580 699 880 -1 -2 
18 28 120 122 125 126 128 491 835 983 -1 -2 
18 28 120 122 125 126 128 519 606 645 -1 -2 
18 28 120 122 125 126 128 871 886 999 -1 -2 
101 107 117 118 125 126 128 680 818 849 -1 -2 
18 28 120 122 125 126 128 904 977 1000 -1 -2 
101 107 117 118 125 126 128 630 753 977 -1 -2 
18 28 120 122 125 126 128 912 946 954 -1 -2 
101 107 117 118 125 126 128 810 954 969 -1 -2 
18 28 120 122 125 126 128 772 810 922 -1 -2 
101 107 117 118 129 205 308 535 644 871 -1 -2 
101 107 117 118 145 183 315 333 392 567 -1 -2 
101 107 117 118 125 126 128 673 811 920 -1 -2 
101 107 117 118 125 126 128 610 633 807 -1 -2 
18 28 120 122 125 126 128 645 742 886 -1 -2 
29 73 92 98 114 283 725 735 795 963 -1 -2 
101 107 117 118 125 126 128 911 934 973 -1 -2 
14 82 91 116 376 505 608 874 880 911 -1 -2 
101 107 117 118 321 441 470 851 875 947 -1 -2 
101 107 117 118 125 126 128 607 645 853 -1 -2 
101 107 117 118 403 504 535 871 911 919 -1 -2 
101 107 117 118 263 404 526 566 710 747 -1 -2 
101 107 117 118 125 126 128 717 856 863 -1 -2 
101 107 117 118 125 126 128 316 402 468 -1 -2 
101 107 117 118 125 126 128 693 918 972 -1 -2 
29 73 92 98 114 126 128 810 845 879 -1 -2 
101 107 117 118 125 126 128 726 758 866 -1 -2 
119 127 117 118 125 126 128 808 875 908 -1 -2 
119 127 117 118 446 514 653 695 751 963 -1 -2 
101 107 117 118 481 513 556 665 890 931 -1 -2 
119 127 117 118 436 443 486 816 925 943 -1 -2 
101 107 117 118 125 126 128 716 868 988 -1 -2 
101 107 117 118 316 331 504 656 951 996 -1 -2 
119 127 117 118 367 557 652 658 673 805 -1 -2 
101 107 117 118 125 126 128 898 967 988 -1 -2 
101 107 117 118 346 578 740 801 816 896 -1 -2 
119 127 117 118 661 809 892 919 923 928 -1 -2 
18 28 120 122 125 126 128 841 887 978 -1 -2 
14 82 91 116 125 126 128 774 926 991 -1 -2 
18 28 120 122 125 126 128 726 733 907 -1 -2 
18 28 120 122 125 126 128 708 752 936 -1 -2 
101 107 117 118 330 452 499 654 661 685 -1 -2 
18 28 120 122 125 126 128 681 969 998 -1 -2 
29 73 92 98 114 126 128 766 931 940 -1 -2 
18 28 120 122 125 126 128 765 928 955 -1 -2 
18 28 120 122 125 126 128 868 877 937 -1 -2 
18 28 120 122 125 126 128 828 858 895 -1 -2 
18 28 120 122 125 126 128 710 891 989 -1 -2 
18 28 120 122 125 126 128 745 756 861 -1 -2 
18 28 120 122 125 126 128 871 914 928 -1 -2 
18 28 120 122 125 126 128 762 807 920 -1 -2 
18 28 120 122 125 126 128 807 856 930 -1 -2 
18 28 120 122 125 126 128 729 942 948 -1 -2 
101 107 117 118 125 126 128 673 763 979 -1 -2 
18 28 120 122 125 126 128 711 712 772 -1 -2 
29 73 92 98 114 126 128 795 879 949 -1 -2 
18 28 120 122 125 126 128 772 893 918 -1 -2 
18 28 120 122 125 126 128 488 613 712 -1 -2 
18 28 120 122 125 126 128 720 881 900 -1 -2 
18 28 120 122 125 126 128 798 835 996 -1 -2 
101 107 117 118 444 596 800 808 831 886 -1 -2 
18 28 120 122 125 126 128 713 863 910 -1 -2 
18 28 120 122 125 126 128 590 683 760 -1 -2 
18 28 120 122 125 126 128 788 873 875 -1 -2 
119 127 120 122 125 126 128 690 719 975 -1 -2 
18 28 120 122 125 126 128 852 898 963 -1 -2 
18 28 120 122 125 126 128 694 906 981 -1 -2 
18 28 120 122 125 126 128 417 651 708 -1 -2 
119 127 120 122 125 126 128 872 877 912 -1 -2 
119 127 117 118 125 126 128 615 828 872 -1 -2 
18 28 120 122 125 126 128 747 818 840 -1 -2 
18 28 120 122 125 126 128 904 953 978 -1 -2 
119 127 117 118 559 596 621 667 870 914 -1 -2 
119 127 120 122 125 126 128 764 935 991 -1 -2 
119 127 120 122 125 126 128 864 918 960 -1 -2 
101 107 117 118 484 556 833 883 967 997 -1 -2 
18 28 120 122 125 126 128 740 805 949 -1 -2 
18 28 120 122 125 126 128 547 663 949 -1 -2 
29 73 92 98 114 126 128 754 913 940 -1 -2 
101 107 117 118 449 525 611 618 690 972 -1 -2 
18 28 120 122 125 126 128 606 726 933 -1 -2 
18 28 120 122 125 126 128 924 933 980 -1 -2 
18 28 120 122 125 126 128 727 905 996 -1 -2 
18 28 120 122 125 126 128 623 638 686 -1 -2 
101 107 117 118 125 126 128 656 715 833 -1 -2 
101 107 117 118 360 710 870 908 977 1000 -1 -2 
18 28 120 122 125 126 128 721 777 965 -1 -2 
18 28 120 122 125 126 128 697 811 883 -1 -2 
18 28 120 122 125 126 128 817 919 925 -1 -2 
18 28 120 122 125 126 128 649 791 942 -1 -2 
18 28 120 122 125 126 128 747 896 988 -1 -2 
119 127 232 240 329 437 454 571 592 643 -1 -2 
18 28 120 122 125 126 128 889 910 995 -1 -2 
119 127 120 122 125 126 128 491 919 987 -1 -2 
18 28 120 122 125 126 128 871 899 951 -1 -2 
18 28 120 122 125 126 128 785 799 816 -1 -2 
119 127 233 323 528 619 713 782 884 931 -1 -2 
119 127 120 122 125 126 128 685 869 934 -1 -2 
18 28 120 122 125 126 128 743 891 914 -1 -2 
119 127 120 122 125 126 128 781 844 967 -1 -2 
119 127 346 455 544 614 698 707 930 959 -1 -2 
18 28 120 122 125 126 128 557 722 848 -1 -2 
18 28 120 122 125 126 128 739 756 1000 -1 -2 
18 28 120 122 125 126 128 699 938 974 -1 -2 
18 28 120 122 125 126 128 819 937 974 -1 -2 
18 28 120 122 125 126 128 852 866 940 -1 -2 
18 28 120 122 125 126 128 599 648 762 -1 -2 
18 28 120 122 125 126 128 469 588 857 -1 -2 
119 127 120 122 125 126 128 929 940 980 -1 -2 
29 73 92 98 114 126 128 883 921 958 -1 -2 
18 28 120 122 125 126 128 607 706 838 -1 -2 
18 28 120 122 125 126 128 733 836 971 -1 -2 
18 28 120 122 125 126 128 671 727 940 -1 -2 
119 127 120 122 125 126 128 768 912 995 -1 -2 
18 28 120 122 125 126 128 671 749 841 -1 -2 
119 127 174 593 718 736 751 878 936 1000 -1 -2 
18 28 120 122 125 126 128 874 896 977 -1 -2 
29 73 92 98 114 126 128 807 938 953 -1 -2 
18 28 120 122 125 126 128 824 841 905 -1 -2 
119 127 287 395 435 552 585 646 773 810 -1 -2 
18 28 120 122 125 126 128 932 953 977 -1 -2 
119 127 120 122 125 126 128 912 934 998 -1 -2 
18 28 120 122 125 126 128 830 837 996 -1 -2 
18 28 120 122 125 126 128 381 622 845 -1 -2 
119 127 120 122 125 126 128 737 766 926 -1 -2 
18 28 120 122 125 126 128 860 935 940 -1 -2 
18 28 120 122 125 126 128 840 851 921 -1 -2 
18 28 120 122 125 126 128 760 773 983 -1 -2 
18 28 120 122 125 126 128 655 821 912 -1 -2 
18 28 120 122 125 126 128 625 661 979 -1 -2 
18 28 120 122 125 126 128 761 851 893 -1 -2 
18 28 120 122 125 126 128 815 836 943 -1 -2 
18 28 120 122 125 126 128 871 959 965 -1 -2 
18 28 120 122 125 126 128 568 735 999 -1 -2 
18 28 120 122 125 126 128 773 794 915 -1 -2 
18 28 120 122 125 126 128 703 867 910 -1 -2 
18 28 120 122 125 126 128 734 791 857 -1 -2 
18 28 120 122 125 126 128 769 782 906 -1 -2 
18 28 120 122 125 126 128 696 786 839 -1 -2 
18 28 120 122 125 126 128 672 744 926 -1 -2 
119 127 120 122 125 126 128 807 889 982 -1 -2 
119 127 272 358 423 508 679 907 910 921 -1 -2 
18 28 120 122 125 126 128 906 937 967 -1 -2 
18 28 120 122 125 126 128 666 748 884 -1 -2 
119 127 120 122 125 126 128 507 647 669 -1 -2 
119 127 120 122 125 126 128 764 806 975 -1 -2 
18 28 120 122 125 126 128 770 853 949 -1 -2 
29 73 92 98 114 126 128 754 845 861 -1 -2 
18 28 120 122 125 126 128 812 908 960 -1 -2 
18 28 120 122 125 126 128 740 887 900 -1 -2 
18 28 120 122 125 126 128 809 850 882 -1 -2 
18 28 120 122 125 126 128 855 872 945 -1 -2 
119 127 120 122 125 126 128 793 866 934 -1 -2 
18 28 120 122 125 126 128 796 865 895 -1 -2 
18 28 120 122 125 126 128 691 902 932 -1 -2 
18 28 120 122 125 126 128 888 984 992 -1 -2 
14 82 91 116 125 126 128 750 766 910 -1 -2 
18 28 120 122 125 126 128 553 616 846 -1 -2 
18 28 120 122 125 126 128 700 820 884 -1 -2 
18 28 120 122 125 126 128 755 895 966 -1 -2 
29 73 92 98 114 126 128 660 703 797 -1 -2 
18 28 120 122 125 126 128 772 951 998 -1 -2 
18 28 120 122 125 126 128 581 629 731 -1 -2 
18 28 120 122 125 126 128 713 766 996 -1 -2 
119 127 120 122 125 126 128 712 895 993 -1 -2 
18 28 120 122 125 126 128 790 868 885 -1 -2 
119 127 120 122 125 126 128 759 773 902 -1 -2 
18 28 120 122 125 126 128 716 735 806 -1 -2 
18 28 120 122 125 126 128 584 835 957 -1 -2 
18 28 120 122 125 126 128 856 863 927 -1 -2 
18 28 120 122 125 126 128 743 889 992 -1 -2 
18 28 120 122 125 126 128 887 918 936 -1 -2 
18 28 120 122 125 126 128 721 756 870 -1 -2 
18 28 120 122 125 126 128 867 902 977 -1 -2 
18 28 120 122 125 126 128 679 770 937 -1 -2 
18 28 120 122 125 126 128 672 783 907 -1 -2 
18 28 120 122 125 126 128 966 990 995 -1 -2 
18 28 120 122 125 126 128 955 970 1000 -1 -2 
18 28 120 122 125 126 128 670 702 975 -1 -2 
18 28 120 122 125 126 128 852 867 983 -1 -2 
18 28 120 122 125 126 128 850 932 941 -1 -2 
18 28 120 122 125 126 128 616 670 735 -1 -2 
18 28 120 122 125 126 128 834 907 1000 -1 -2 
29 73 92 98 114 432 519 769 788 814 -1 -2 
18 28 120 122 125 126 128 717 746 781 -1 -2 
18 28 120 122 125 126 128 757 968 977 -1 -2 
18 28 120 122 125 126 128 694 786 887 -1 -2 
29 73 92 98 114 126 128 696 829 994 -1 -2 
119 127 120 122 125 126 128 731 774 962 -1 -2 
18 28 120 122 125 126 128 717 850 960 -1 -2 
18 28 120 122 125 126 128 665 888 894 -1 -2 
18 28 120 122 125 126 128 625 724 997 -1 -2 
18 28 120 122 125 126 128 625 716 738 -1 -2 
18 28 120 122 125 126 128 559 600 851 -1 -2 
18 28 120 122 125 126 128 407 486 982 -1 -2 
18 28 120 122 125 126 128 626 731 860 -1 -2 
18 28 120 122 125 126 128 489 716 852 -1 -2 
18 28 120 122 125 126 128 599 666 903 -1 -2 
18 28 120 122 125 126 128 726 826 873 -1 -2 
119 127 120 122 125 126 128 666 736 974 -1 -2 
119 127 120 122 125 126 128 686 792 916 -1 -2 
29 73 92 98 114 126 128 830 838 999 -1 -2 
18 28 120 122 125 126 128 743 809 866 -1 -2 
18 28 120 122 125 126 128 822 842 907 -1 -2 
18 28 120 122 125 126 128 527 717 825 -1 -2 
18 28 120 122 125 126 128 820 966 976 -1 -2 
94 200 219 255 304 650 703 727 883 892 -1 -2 
18 28 120 122 125 126 128 827 929 930 -1 -2 
18 28 120 122 125 126 128 780 913 962 -1 -2 
14 82 91 116 114 227 629 643 718 958 -1 -2 
18 28 120 122 125 126 128 765 826 926 -1 -2 
18 28 120 122 125 126 128 703 783 833 -1 -2 
119 127 336 364 588 594 667 822 874 914 -1 -2 
18 28 120 122 125 126 128 676 745 783 -1 -2 
18 28 120 122 125 126 128 637 708 971 -1 -2 
18 28 120 122 125 126 128 817 850 853 -1 -2 
119 127 120 122 125 126 128 716 730 733 -1 -2 
18 28 120 122 125 126 128 722 794 890 -1 -2 
119 127 120 122 125 126 128 789 848 880 -1 -2 
18 28 120 122 125 126 128 753 770 872 -1 -2 
18 28 120 122 125 126 128 712 755 860 -1 -2 
18 28 120 122 125 126 128 791 820 997 -1 -2 
18 28 120 122 125 126 128 517 778 856 -1 -2 
29 73 92 98 114 126 128 881 958 962 -1 -2 
29 73 92 98 114 126 128 558 705 908 -1 -2 
18 28 120 122 125 126 128 750 926 936 -1 -2 
119 127 120 122 125 126 128 750 781 862 -1 -2 
18 28 120 122 125 126 128 877 949 955 -1 -2 
18 28 120 122 125 126 128 721 847 868 -1 -2 
18 28 120 122 125 126 128 862 945 982 -1 -2 
18 28 120 122 125 126 128 655 753 917 -1 -2 
119 127 120 122 125 126 128 870 916 951 -1 -2 
18 28 120 122 125 126 128 557 580 670 -1 -2 
18 28 120 122 125 126 128 505 543 837 -1 -2 
18 28 120 122 125 126 128 531 611 768 -1 -2 
119 127 92 98 114 438 450 559 732 961 -1 -2 
18 28 120 122 125 126 128 802 854 890 -1 -2 
18 28 120 122 125 126 128 887 978 990 -1 -2 
119 127 120 122 125 126 128 898 934 998 -1 -2 
119 127 363 404 444 448 526 643 648 980 -1 -2 
18 28 120 122 125 126 128 795 885 911 -1 -2 
18 28 120 122 125 126 128 584 675 919 -1 -2 
40 74 76 267 278 441 664 679 733 881 -1 -2 
119 127 120 122 125 126 128 851 949 966 -1 -2 
119 127 484 615 638 662 689 723 871 978 -1 -2 
119 127 250 360 373 398 526 735 863 891 -1 -2 
18 28 120 122 125 126 128 612 757 953 -1 -2 
119 127 120 122 125 126 128 755 758 837 -1 -2 
29 73 92 98 114 126 128 847 863 876 -1 -2 
29 73 92 98 114 126 128 941 945 977 -1 -2 
119 127 91 116 259 661 796 817 923 950 -1 -2 
119 127 120 122 125 126 128 564 878 893 -1 -2 
119 127 120 122 125 126 128 708 738 903 -1 -2 
119 127 92 98 114 738 806 911 979 996 -1 -2 
18 28 120 122 125 126 128 662 891 960 -1 -2 
119 127 120 122 125 126 128 694 729 940 -1 -2 
119 127 120 122 125 126 128 619 711 744 -1 -2 
18 28 120 122 125 126 128 824 856 961 -1 -2 
18 28 120 122 125 126 128 470 588 805 -1 -2 
29 73 92 98 114 126 128 656 661 760 -1 -2 
18 28 120 122 125 126 128 930 960 1000 -1 -2 
18 28 120 122 125 126 128 754 819 951 -1 -2 
29 73 92 98 114 126 128 760 778 998 -1 -2 
119 127 120 122 125 126 128 703 806 922 -1 -2 
18 28 120 122 125 126 128 815 820 841 -1 -2 
119 127 92 98 114 842 858 967 987 997 -1 -2 
18 28 120 122 125 126 128 472 551 717 -1 -2 
119 127 120 122 125 126 128 673 712 904 -1 -2 
18 28 120 122 125 126 128 652 778 873 -1 -2 
14 82 91 116 125 126 128 836 898 988 -1 -2 
18 28 120 122 125 126 128 602 842 867 -1 -2 
119 127 120 122 125 126 128 663 693 861 -1 -2 
18 28 120 122 125 126 128 677 727 770 -1 -2 
14 82 91 116 125 126 128 627 891 903 -1 -2 
18 28 120 122 125 126 128 599 866 902 -1 -2 
18 28 120 122 125 126 128 616 627 780 -1 -2 
119 127 92 98 114 569 625 654 700 884 -1 -2 
14 82 91 116 125 126 128 760 771 868 -1 -2 
119 127 120 122 125 126 128 635 725 779 -1 -2 
119 127 120 122 125 126 128 568 648 887 -1 -2 
119 127 579 646 665 789 912 914 935 936 -1 -2 
119 127 120 122 125 126 128 674 692 866 -1 -2 
4 55 60 210 368 526 632 645 820 860 -1 -2 
18 28 120 122 125 126 128 728 740 921 -1 -2 
18 28 120 122 125 126 128 510 870 963 -1 -2 
209 223 270 340 387 833 849 891 900 906 -1 -2 
18 28 120 122 125 126 128 817 894 987 -1 -2 
119 127 120 122 125 126 128 684 816 937 -1 -2 
119 127 212 279 560 693 793 823 888 971 -1 -2 
29 73 92 98 114 389 521 594 912 941 -1 -2 
18 28 120 122 125 126 128 849 896 993 -1 -2 
35 85 121 312 393 804 842 868 922 998 -1 -2 
119 127 120 122 125 126 128 483 718 907 -1 -2 
119 127 420 483 490 511 553 726 810 901 -1 -2 
18 28 120 122 125 126 128 610 845 893 -1 -2 
29 73 92 98 114 761 772 840 921 936 -1 -2 
119 127 120 122 125 126 128 489 870 975 -1 -2 
119 127 120 122 125 126 128 865 866 950 -1 -2 
14 82 91 116 125 126 128 571 748 992 -1 -2 
119 127 120 122 125 126 128 776 833 884 -1 -2 
18 28 120 122 125 126 128 621 655 938 -1 -2 
18 28 120 122 125 126 128 742 796 891 -1 -2 
119 127 120 122 125 126 128 901 908 929 -1 -2 
18 28 120 122 125 126 128 806 885 967 -1 -2 
119 127 120 122 125 126 128 616 722 806 -1 -2 
3 95 309 484 510 578 584 632 870 952 -1 -2 
119 127 120 122 125 126 128 761 854 952 -1 -2 
18 28 120 122 125 126 128 764 883 957 -1 -2 
119 127 169 209 221 640 747 856 958 985 -1 -2 
119 127 120 122 125 126 128 943 949 966 -1 -2 
18 28 120 122 125 126 128 550 709 882 -1 -2 
119 127 120 122 125 126 128 777 785 843 -1 -2 
18 28 120 122 125 126 128 504 806 844 -1 -2 
18 28 120 122 125 126 128 833 898 951 -1 -2 
47 72 120 122 125 126 128 668 670 859 -1 -2 
119 127 120 122 125 126 128 587 663 706 -1 -2 
119 127 120 122 125 126 128 768 782 893 -1 -2 
119 127 120 122 125 126 128 704 841 883 -1 -2 
18 28 120 122 125 126 128 731 935 981 -1 -2 
14 82 91 116 125 126 128 701 860 926 -1 -2 
54 62 331 361 376 444 601 665 752 936 -1 -2 
29 73 92 98 114 126 128 750 753 900 -1 -2 
18 28 120 122 125 126 128 727 746 988 -1 -2 
119 127 120 122 125 126 128 717 835 884 -1 -2 
29 73 92 98 114 126 128 825 868 932 -1 -2 
119 127 231 255 285 329 339 526 547 549 -1 -2 
18 28 120 122 125 126 128 669 675 822 -1 -2 
119 127 120 122 125 126 128 769 852 853 -1 -2 
119 127 120 122 125 126 128 626 636 662 -1 -2 
37 81 97 113 125 126 128 797 874 922 -1 -2 
14 82 91 116 125 126 128 777 885 928 -1 -2 
119 127 410 449 471 482 621 636 866 991 -1 -2 
94 168 395 429 713 733 808 822 847 848 -1 -2 
29 400 573 619 650 705 776 849 927 942 -1 -2 
18 28 120 122 125 126 128 736 807 969 -1 -2 
119 127 120 122 125 126 128 587 708 747 -1 -2 
119 127 92 98 114 657 732 809 819 852 -1 -2 
119 127 120 122 125 126 128 816 888 904 -1 -2 
