118 117 107 101 428 447 610 705 771 898 -1 -2 
118 117 107 101 448 670 750 846 850 941 -1 -2 
118 117 107 101 147 219 223 237 725 820 -1 -2 
118 117 107 101 125 126 128 944 949 981 -1 -2 
118 117 107 101 742 744 764 773 904 906 -1 -2 
118 117 107 101 311 463 531 702 783 833 -1 -2 
118 117 107 101 125 126 128 581 650 831 -1 -2 
118 117 107 101 538 594 695 736 795 920 -1 -2 
128 126 125 122 120 28 18 836 910 954 -1 -2 
127 119 117 118 631 658 675 790 808 885 -1 -2 
127 119 117 118 504 633 686 787 805 977 -1 -2 
128 126 125 122 120 28 18 827 961 971 -1 -2 
118 117 107 101 437 448 505 693 981 993 -1 -2 
118 117 107 101 514 597 607 725 859 922 -1 -2 
127 119 117 118 228 280 476 627 965 988 -1 -2 
118 117 107 101 296 354 515 553 700 984 -1 -2 
118 117 107 101 261 317 388 576 579 975 -1 -2 
118 117 107 101 439 584 735 736 764 798 -1 -2 
118 117 107 101 125 126 128 805 889 928 -1 -2 
118 117 107 101 276 321 368 406 787 910 -1 -2 
118 117 107 101 328 376 431 449 657 826 -1 -2 
128 126 125 122 120 28 18 712 717 912 -1 -2 
118 117 107 101 279 518 526 562 820 832 -1 -2 
118 117 107 101 125 126 128 746 960 985 -1 -2 
118 117 107 101 125 126 128 792 953 978 -1 -2 
127 119 120 122 125 126 128 762 824 950 -1 -2 
114 98 92 73 29 545 690 718 906 934 -1 -2 
128 126 125 122 120 28 18 771 970 983 -1 -2 
118 117 107 101 253 306 437 447 769 918 -1 -2 
128 126 125 122 120 28 18 814 889 937 -1 -2 
118 117 107 101 303 324 538 588 865 956 -1 -2 
118 117 107 101 125 126 128 651 776 934 -1 -2 
118 117 107 101 548 719 737 780 807 909 -1 -2 
118 117 107 101 539 553 565 600 756 801 -1 -2 
128 126 125 122 120 28 18 912 956 989 -1 -2 
118 117 107 101 573 628 658 661 767 877 -1 -2 
118 117 107 101 114 655 768 829 861 979 -1 -2 
118 117 107 101 404 533 679 781 813 822 -1 -2 
118 117 107 101 618 641 688 852 866 883 -1 -2 
128 126 125 122 120 28 18 722 843 916 -1 -2 
118 117 107 101 436 446 556 603 785 835 -1 -2 
128 126 125 122 120 28 18 826 914 971 -1 -2 
118 117 107 101 125 126 128 614 716 930 -1 -2 
118 117 107 101 744 828 839 854 865 893 -1 -2 
118 117 107 101 125 126 128 888 902 999 -1 -2 
118 117 107 101 434 447 745 825 874 876 -1 -2 
118 117 107 101 114 447 475 689 866 950 -1 -2 
118 117 107 101 153 361 367 588 622 764 -1 -2 
118 117 107 101 407 573 697 715 889 929 -1 -2 
118 117 107 101 289 426 514 583 670 996 -1 -2 
118 117 107 101 375 450 553 618 654 862 -1 -2 
118 117 107 101 425 549 623 731 782 948 -1 -2 
118 117 107 101 252 272 366 453 496 850 -1 -2 
127 119 117 118 417 425 543 804 854 983 -1 -2 
118 117 107 101 439 511 544 832 880 954 -1 -2 
118 117 107 101 595 767 783 828 862 883 -1 -2 
118 117 107 101 137 203 633 767 858 871 -1 -2 
118 117 107 101 125 126 128 834 873 933 -1 -2 
128 126 125 122 120 28 18 849 858 968 -1 -2 
128 126 125 122 120 28 18 627 656 805 -1 -2 
118 117 107 101 509 532 625 663 807 936 -1 -2 
118 117 107 101 587 601 616 746 747 967 -1 -2 
118 117 107 101 458 616 649 823 835 904 -1 -2 
118 117 107 101 345 380 436 632 817 889 -1 -2 
128 126 125 122 120 28 18 665 776 897 -1 -2 
118 117 107 101 423 439 753 790 877 977 -1 -2 
118 117 107 101 340 470 574 627 904 985 -1 -2 
118 117 107 101 125 126 128 583 701 798 -1 -2 
128 126 125 122 120 28 18 849 967 980 -1 -2 
118 117 107 101 398 399 646 851 894 958 -1 -2 
127 119 117 118 284 545 775 927 946 993 -1 -2 
118 117 107 101 476 483 786 813 899 1000 -1 -2 
118 117 107 101 125 126 128 848 934 966 -1 -2 
118 117 107 101 445 553 574 580 823 992 -1 -2 
118 117 107 101 515 658 766 971 984 986 -1 -2 
118 117 107 101 533 559 641 699 848 965 -1 -2 
118 117 107 101 670 725 958 960 965 973 -1 -2 
118 117 107 101 358 487 673 776 811 947 -1 -2 
118 117 107 101 581 654 814 854 942 977 -1 -2 
118 117 107 101 814 852 874 928 938 1000 -1 -2 
118 117 107 101 243 274 279 353 665 893 -1 -2 
118 117 107 101 460 681 737 866 921 966 -1 -2 
118 117 107 101 125 126 128 681 847 955 -1 -2 
118 117 107 101 346 369 442 462 591 701 -1 -2 
118 117 107 101 125 126 128 909 964 977 -1 -2 
128 126 125 122 120 28 18 636 830 914 -1 -2 
118 117 107 101 189 291 348 414 570 835 -1 -2 
118 117 107 101 125 126 128 499 867 954 -1 -2 
118 117 107 101 507 567 596 644 731 944 -1 -2 
118 117 107 101 490 593 696 815 902 909 -1 -2 
128 126 125 122 120 28 18 821 900 977 -1 -2 
118 117 107 101 685 696 732 923 947 996 -1 -2 
128 126 125 122 120 28 18 689 855 909 -1 -2 
118 117 107 101 125 126 128 863 960 993 -1 -2 
118 117 107 101 190 199 208 400 579 975 -1 -2 
118 117 107 101 125 126 128 650 727 864 -1 -2 
118 117 107 101 125 126 128 578 639 998 -1 -2 
118 117 107 101 125 126 128 636 692 932 -1 -2 
118 117 107 101 125 126 128 627 864 897 -1 -2 
128 126 125 122 120 28 18 584 832 899 -1 -2 
118 117 107 101 422 423 495 639 761 993 -1 -2 
118 117 107 101 114 652 731 745 846 954 -1 -2 
118 117 107 101 494 510 574 807 872 988 -1 -2 
118 117 107 101 462 531 705 784 896 958 -1 -2 
118 117 107 101 342 536 558 569 579 1000 -1 -2 
118 117 107 101 501 550 557 677 687 835 -1 -2 
118 117 107 101 410 451 479 534 570 989 -1 -2 
128 126 125 122 120 28 18 797 849 991 -1 -2 
118 117 107 101 256 337 371 391 721 845 -1 -2 
118 117 107 101 125 126 128 845 862 900 -1 -2 
128 126 125 122 120 28 18 846 927 943 -1 -2 
118 117 107 101 295 349 353 682 799 989 -1 -2 
118 117 107 101 114 641 658 836 935 951 -1 -2 
128 126 125 122 120 28 18 771 861 942 -1 -2 
118 117 107 101 125 126 128 708 860 930 -1 -2 
118 117 107 101 433 442 534 591 645 963 -1 -2 
118 117 107 101 287 371 535 885 915 926 -1 -2 
118 117 107 101 512 679 700 774 775 938 -1 -2 
118 117 107 101 125 126 128 806 903 952 -1 -2 
118 117 107 101 634 730 823 901 918 945 -1 -2 
118 117 107 101 125 126 128 729 750 924 -1 -2 
118 117 107 101 333 342 405 421 621 741 -1 -2 
118 117 107 101 221 267 338 710 714 830 -1 -2 
127 119 117 118 655 657 670 693 957 986 -1 -2 
118 117 107 101 388 449 540 707 770 875 -1 -2 
118 117 107 101 634 791 804 855 954 986 -1 -2 
32 80 472 557 596 609 864 889 892 925 -1 -2 
118 117 107 101 125 126 128 659 681 925 -1 -2 
118 117 107 101 114 516 809 822 836 927 -1 -2 
118 117 107 101 463 645 668 745 855 978 -1 -2 
118 117 107 101 440 705 735 750 886 923 -1 -2 
118 117 107 101 422 533 626 674 716 814 -1 -2 
118 117 107 101 549 616 626 737 800 915 -1 -2 
127 119 117 118 467 688 761 853 857 878 -1 -2 
118 117 107 101 307 604 622 889 890 934 -1 -2 
118 117 107 101 587 751 777 852 893 958 -1 -2 
118 117 107 101 580 702 709 740 742 985 -1 -2 
118 117 107 101 379 480 577 846 916 984 -1 -2 
118 117 107 101 125 126 128 825 932 966 -1 -2 
118 117 107 101 698 759 781 790 860 984 -1 -2 
118 117 107 101 125 126 128 850 865 919 -1 -2 
118 117 107 101 749 780 814 828 891 932 -1 -2 
118 117 107 101 194 235 431 493 611 830 -1 -2 
118 117 107 101 542 577 661 670 706 859 -1 -2 
118 117 107 101 340 373 485 673 860 869 -1 -2 
118 117 107 101 114 574 644 732 773 983 -1 -2 
118 117 107 101 298 536 736 842 946 960 -1 -2 
118 117 107 101 125 126 128 533 892 916 -1 -2 
128 126 125 122 120 28 18 891 907 970 -1 -2 
118 117 107 101 412 784 818 861 946 980 -1 -2 
118 117 107 101 573 701 705 808 903 920 -1 -2 
118 117 107 101 488 513 619 675 838 852 -1 -2 
118 117 107 101 741 765 792 816 876 952 -1 -2 
118 117 107 101 523 537 641 685 708 985 -1 -2 
128 126 125 122 120 28 18 877 913 978 -1 -2 
118 117 107 101 416 721 729 792 877 942 -1 -2 
118 117 107 101 345 378 516 963 974 980 -1 -2 
118 117 107 101 124 442 692 850 853 879 -1 -2 
118 117 107 101 425 642 674 704 757 986 -1 -2 
118 117 107 101 125 126 128 855 907 990 -1 -2 
118 117 107 101 276 642 666 672 825 982 -1 -2 
52 76 193 209 493 615 715 747 818 968 -1 -2 
127 119 120 122 125 126 128 580 699 880 -1 -2 
118 117 107 101 218 292 469 491 835 983 -1 -2 
118 117 107 101 300 356 436 519 606 645 -1 -2 
118 117 107 101 663 739 821 871 886 999 -1 -2 
118 117 107 101 470 612 675 680 818 849 -1 -2 
118 117 107 101 125 126 128 904 977 1000 -1 -2 
118 117 107 101 125 126 128 630 753 977 -1 -2 
118 117 107 101 125 126 128 912 946 954 -1 -2 
118 117 107 101 125 126 128 810 954 969 -1 -2 
118 117 107 101 125 126 128 772 810 922 -1 -2 
118 117 107 101 129 205 308 535 644 871 -1 -2 
118 117 107 101 145 183 315 333 392 567 -1 -2 
118 117 107 101 412 445 637 673 811 920 -1 -2 
118 117 107 101 409 446 515 610 633 807 -1 -2 
118 117 107 101 200 234 344 645 742 886 -1 -2 
118 117 107 101 250 283 725 735 795 963 -1 -2 
118 117 107 101 773 780 855 911 934 973 -1 -2 
118 117 107 101 376 505 608 874 880 911 -1 -2 
118 117 107 101 321 441 470 851 875 947 -1 -2 
118 117 107 101 137 352 553 607 645 853 -1 -2 
127 119 117 118 403 504 535 871 911 919 -1 -2 
118 117 107 101 263 404 526 566 710 747 -1 -2 
118 117 107 101 530 627 710 717 856 863 -1 -2 
118 117 107 101 125 126 128 316 402 468 -1 -2 
118 117 107 101 125 126 128 693 918 972 -1 -2 
118 117 107 101 286 691 789 810 845 879 -1 -2 
128 126 125 122 120 28 18 726 758 866 -1 -2 
118 117 107 101 125 126 128 808 875 908 -1 -2 
118 117 107 101 446 514 653 695 751 963 -1 -2 
118 117 107 101 481 513 556 665 890 931 -1 -2 
118 117 107 101 436 443 486 816 925 943 -1 -2 
127 119 120 122 125 126 128 716 868 988 -1 -2 
118 117 107 101 316 331 504 656 951 996 -1 -2 
118 117 107 101 367 557 652 658 673 805 -1 -2 
118 117 107 101 488 720 836 898 967 988 -1 -2 
118 117 107 101 346 578 740 801 816 896 -1 -2 
118 117 107 101 661 809 892 919 923 928 -1 -2 
128 126 125 122 120 28 18 841 887 978 -1 -2 
118 117 107 101 353 408 451 774 926 991 -1 -2 
118 117 107 101 437 575 719 726 733 907 -1 -2 
118 117 107 101 624 687 688 708 752 936 -1 -2 
118 117 107 101 330 452 499 654 661 685 -1 -2 
118 117 107 101 154 225 338 681 969 998 -1 -2 
118 117 107 101 559 751 760 766 931 940 -1 -2 
118 117 107 101 125 126 128 765 928 955 -1 -2 
118 117 107 101 631 774 810 868 877 937 -1 -2 
118 117 107 101 676 751 818 828 858 895 -1 -2 
118 117 107 101 434 501 687 710 891 989 -1 -2 
118 117 107 101 396 585 661 745 756 861 -1 -2 
118 117 107 101 125 126 128 871 914 928 -1 -2 
118 117 107 101 509 633 714 762 807 920 -1 -2 
118 117 107 101 495 531 676 807 856 930 -1 -2 
118 117 107 101 125 126 128 729 942 948 -1 -2 
118 117 107 101 125 126 128 673 763 979 -1 -2 
118 117 107 101 585 599 641 711 712 772 -1 -2 
128 126 125 122 120 28 18 795 879 949 -1 -2 
118 117 107 101 674 736 745 772 893 918 -1 -2 
118 117 107 101 335 402 427 488 613 712 -1 -2 
118 117 107 101 114 126 128 720 881 900 -1 -2 
118 117 107 101 125 126 128 798 835 996 -1 -2 
118 117 107 101 444 596 800 808 831 886 -1 -2 
118 117 107 101 125 126 128 713 863 910 -1 -2 
118 117 107 101 314 369 473 590 683 760 -1 -2 
118 117 107 101 264 615 767 788 873 875 -1 -2 
118 117 107 101 386 618 689 690 719 975 -1 -2 
118 117 107 101 652 788 801 852 898 963 -1 -2 
118 117 107 101 502 530 616 694 906 981 -1 -2 
118 117 107 101 194 302 403 417 651 708 -1 -2 
118 117 107 101 677 738 821 872 877 912 -1 -2 
118 117 107 101 125 126 128 615 828 872 -1 -2 
118 117 107 101 125 126 128 747 818 840 -1 -2 
118 117 107 101 657 666 791 904 953 978 -1 -2 
118 117 107 101 559 596 621 667 870 914 -1 -2 
127 119 117 118 582 636 674 764 935 991 -1 -2 
118 117 107 101 485 746 810 864 918 960 -1 -2 
118 117 107 101 484 556 833 883 967 997 -1 -2 
118 117 107 101 689 712 722 740 805 949 -1 -2 
128 126 125 122 120 28 18 547 663 949 -1 -2 
128 126 125 122 120 28 18 754 913 940 -1 -2 
118 117 107 101 449 525 611 618 690 972 -1 -2 
128 126 125 122 120 28 18 606 726 933 -1 -2 
118 117 107 101 125 126 128 924 933 980 -1 -2 
118 117 107 101 322 478 710 727 905 996 -1 -2 
118 117 107 101 329 578 593 623 638 686 -1 -2 
128 126 125 122 120 28 18 656 715 833 -1 -2 
118 117 107 101 360 710 870 908 977 1000 -1 -2 
80 254 391 479 523 595 718 721 777 965 -1 -2 
118 117 107 101 545 621 626 697 811 883 -1 -2 
128 126 125 122 120 28 18 817 919 925 -1 -2 
127 119 137 141 161 363 419 649 791 942 -1 -2 
40 79 143 279 461 502 682 747 896 988 -1 -2 
39 215 232 240 329 437 454 571 592 643 -1 -2 
127 119 171 533 618 628 804 889 910 995 -1 -2 
13 119 137 199 311 343 400 491 919 987 -1 -2 
128 126 125 122 120 28 18 871 899 951 -1 -2 
128 126 125 122 120 28 18 785 799 816 -1 -2 
127 119 233 323 528 619 713 782 884 931 -1 -2 
127 119 120 122 125 126 128 685 869 934 -1 -2 
114 98 92 73 29 580 612 743 891 914 -1 -2 
114 98 92 73 29 439 514 781 844 967 -1 -2 
196 315 346 455 544 614 698 707 930 959 -1 -2 
128 126 125 122 120 28 18 557 722 848 -1 -2 
61 63 76 190 207 361 411 739 756 1000 -1 -2 
17 67 100 120 133 166 544 699 938 974 -1 -2 
128 126 125 122 120 28 18 819 937 974 -1 -2 
128 126 125 122 120 28 18 852 866 940 -1 -2 
128 126 125 122 120 28 18 599 648 762 -1 -2 
127 119 176 198 328 405 420 469 588 857 -1 -2 
128 126 125 122 120 28 18 929 940 980 -1 -2 
128 126 125 122 120 28 18 883 921 958 -1 -2 
128 126 125 122 120 28 18 607 706 838 -1 -2 
127 119 120 122 125 126 128 733 836 971 -1 -2 
127 119 118 119 423 462 471 671 727 940 -1 -2 
127 119 120 122 125 126 128 768 912 995 -1 -2 
128 126 125 122 120 28 18 671 749 841 -1 -2 
57 116 174 593 718 736 751 878 936 1000 -1 -2 
83 109 171 327 353 568 598 874 896 977 -1 -2 
128 126 125 122 120 28 18 807 938 953 -1 -2 
127 119 400 458 625 705 787 824 841 905 -1 -2 
184 286 287 395 435 552 585 646 773 810 -1 -2 
47 96 153 454 691 892 921 932 953 977 -1 -2 
247 304 588 637 649 795 889 912 934 998 -1 -2 
128 126 125 122 120 28 18 830 837 996 -1 -2 
128 126 125 122 120 28 18 381 622 845 -1 -2 
128 126 125 122 120 28 18 737 766 926 -1 -2 
127 119 307 370 498 609 825 860 935 940 -1 -2 
30 174 589 630 675 699 715 840 851 921 -1 -2 
128 126 125 122 120 28 18 760 773 983 -1 -2 
128 126 125 122 120 28 18 655 821 912 -1 -2 
128 126 125 122 120 28 18 625 661 979 -1 -2 
128 126 125 122 120 28 18 761 851 893 -1 -2 
127 119 120 122 125 126 128 815 836 943 -1 -2 
127 119 92 98 114 761 796 871 959 965 -1 -2 
24 79 203 267 384 537 551 568 735 999 -1 -2 
128 126 125 122 120 28 18 773 794 915 -1 -2 
127 119 120 122 125 126 128 703 867 910 -1 -2 
128 126 125 122 120 28 18 734 791 857 -1 -2 
127 119 280 325 362 497 517 769 782 906 -1 -2 
9 22 104 203 243 327 368 696 786 839 -1 -2 
128 126 125 122 120 28 18 672 744 926 -1 -2 
127 119 92 98 114 580 668 807 889 982 -1 -2 
127 119 272 358 423 508 679 907 910 921 -1 -2 
128 126 125 122 120 28 18 906 937 967 -1 -2 
127 119 357 416 494 577 648 666 748 884 -1 -2 
127 119 201 212 219 299 489 507 647 669 -1 -2 
128 126 125 122 120 28 18 764 806 975 -1 -2 
128 126 125 122 120 28 18 770 853 949 -1 -2 
128 126 125 122 120 28 18 754 845 861 -1 -2 
128 126 125 122 120 28 18 812 908 960 -1 -2 
128 126 125 122 120 28 18 740 887 900 -1 -2 
127 119 92 98 114 375 668 809 850 882 -1 -2 
33 243 406 509 522 768 845 855 872 945 -1 -2 
127 119 120 122 125 126 128 793 866 934 -1 -2 
232 312 355 535 553 675 687 796 865 895 -1 -2 
128 126 125 122 120 28 18 691 902 932 -1 -2 
128 126 125 122 120 28 18 888 984 992 -1 -2 
116 91 82 14 537 687 726 750 766 910 -1 -2 
128 126 125 122 120 28 18 553 616 846 -1 -2 
127 119 140 230 506 513 533 700 820 884 -1 -2 
128 126 125 122 120 28 18 755 895 966 -1 -2 
134 143 295 314 459 630 637 660 703 797 -1 -2 
127 119 221 260 384 448 501 772 951 998 -1 -2 
35 60 132 140 364 536 572 581 629 731 -1 -2 
8 95 230 270 396 444 543 713 766 996 -1 -2 
128 126 125 122 120 28 18 712 895 993 -1 -2 
127 119 149 219 516 634 690 790 868 885 -1 -2 
128 126 125 122 120 28 18 759 773 902 -1 -2 
128 126 125 122 120 28 18 716 735 806 -1 -2 
127 119 323 488 496 512 519 584 835 957 -1 -2 
127 119 71 118 294 687 692 856 863 927 -1 -2 
127 119 119 233 326 482 556 743 889 992 -1 -2 
127 119 553 645 669 780 818 887 918 936 -1 -2 
128 126 125 122 120 28 18 721 756 870 -1 -2 
127 119 345 470 512 594 699 867 902 977 -1 -2 
181 262 446 520 558 567 641 679 770 937 -1 -2 
128 126 125 122 120 28 18 672 783 907 -1 -2 
419 515 642 866 900 901 930 966 990 995 -1 -2 
128 126 125 122 120 28 18 955 970 1000 -1 -2 
25 132 237 329 422 497 558 670 702 975 -1 -2 
127 119 246 302 332 422 825 852 867 983 -1 -2 
128 126 125 122 120 28 18 850 932 941 -1 -2 
128 126 125 122 120 28 18 616 670 735 -1 -2 
127 119 120 122 125 126 128 834 907 1000 -1 -2 
34 58 208 367 377 432 519 769 788 814 -1 -2 
156 338 386 531 536 673 703 717 746 781 -1 -2 
127 119 75 223 293 408 694 757 968 977 -1 -2 
128 126 125 122 120 28 18 694 786 887 -1 -2 
86 91 345 365 409 540 595 696 829 994 -1 -2 
127 119 120 122 125 126 128 731 774 962 -1 -2 
127 119 63 199 203 372 436 717 850 960 -1 -2 
127 119 95 201 547 572 602 665 888 894 -1 -2 
128 126 125 122 120 28 18 625 724 997 -1 -2 
128 126 125 122 120 28 18 625 716 738 -1 -2 
128 126 125 122 120 28 18 559 600 851 -1 -2 
114 98 92 73 29 326 372 407 486 982 -1 -2 
128 126 125 122 120 28 18 626 731 860 -1 -2 
128 126 125 122 120 28 18 489 716 852 -1 -2 
128 126 125 122 120 28 18 599 666 903 -1 -2 
127 119 310 430 581 610 620 726 826 873 -1 -2 
34 86 217 272 340 443 547 666 736 974 -1 -2 
128 126 125 122 120 28 18 686 792 916 -1 -2 
128 126 125 122 120 28 18 830 838 999 -1 -2 
128 126 125 122 120 28 18 743 809 866 -1 -2 
198 204 325 449 557 625 732 822 842 907 -1 -2 
128 126 125 122 120 28 18 527 717 825 -1 -2 
128 126 125 122 120 28 18 820 966 976 -1 -2 
94 200 219 255 304 650 703 727 883 892 -1 -2 
128 126 125 122 120 28 18 827 929 930 -1 -2 
127 119 303 323 488 603 696 780 913 962 -1 -2 
114 98 92 73 29 227 629 643 718 958 -1 -2 
128 126 125 122 120 28 18 765 826 926 -1 -2 
127 119 336 399 564 676 692 703 783 833 -1 -2 
127 119 336 364 588 594 667 822 874 914 -1 -2 
128 126 125 122 120 28 18 676 745 783 -1 -2 
17 71 110 233 394 463 505 637 708 971 -1 -2 
128 126 125 122 120 28 18 817 850 853 -1 -2 
127 119 120 122 125 126 128 716 730 733 -1 -2 
230 274 374 469 602 613 694 722 794 890 -1 -2 
127 119 92 98 114 126 128 789 848 880 -1 -2 
1 193 298 343 395 408 538 753 770 872 -1 -2 
127 119 120 122 125 126 128 712 755 860 -1 -2 
279 366 477 521 594 736 760 791 820 997 -1 -2 
128 126 125 122 120 28 18 517 778 856 -1 -2 
157 159 199 255 337 772 880 881 958 962 -1 -2 
114 98 92 73 29 394 531 558 705 908 -1 -2 
127 119 256 333 412 676 726 750 926 936 -1 -2 
128 126 125 122 120 28 18 750 781 862 -1 -2 
128 126 125 122 120 28 18 877 949 955 -1 -2 
127 119 432 453 527 601 635 721 847 868 -1 -2 
127 119 120 122 125 126 128 862 945 982 -1 -2 
128 126 125 122 120 28 18 655 753 917 -1 -2 
128 126 125 122 120 28 18 870 916 951 -1 -2 
128 126 125 122 120 28 18 557 580 670 -1 -2 
128 126 125 122 120 28 18 505 543 837 -1 -2 
127 119 120 122 125 126 128 531 611 768 -1 -2 
114 98 92 73 29 438 450 559 732 961 -1 -2 
127 119 448 472 519 530 623 802 854 890 -1 -2 
127 119 120 122 125 126 128 887 978 990 -1 -2 
127 119 261 427 507 731 896 898 934 998 -1 -2 
127 119 363 404 444 448 526 643 648 980 -1 -2 
128 126 125 122 120 28 18 795 885 911 -1 -2 
128 126 125 122 120 28 18 584 675 919 -1 -2 
40 74 76 267 278 441 664 679 733 881 -1 -2 
128 126 125 122 120 28 18 851 949 966 -1 -2 
127 119 484 615 638 662 689 723 871 978 -1 -2 
127 119 250 360 373 398 526 735 863 891 -1 -2 
128 126 125 122 120 28 18 612 757 953 -1 -2 
128 126 125 122 120 28 18 755 758 837 -1 -2 
114 98 92 73 29 693 703 847 863 876 -1 -2 
128 126 125 122 120 28 18 941 945 977 -1 -2 
116 91 82 14 259 661 796 817 923 950 -1 -2 
128 126 125 122 120 28 18 564 878 893 -1 -2 
128 126 125 122 120 28 18 708 738 903 -1 -2 
114 98 92 73 29 738 806 911 979 996 -1 -2 
127 119 120 122 125 126 128 662 891 960 -1 -2 
127 119 120 122 125 126 128 694 729 940 -1 -2 
60 237 268 427 584 595 602 619 711 744 -1 -2 
18 293 296 523 537 681 709 824 856 961 -1 -2 
2 24 117 184 262 313 372 470 588 805 -1 -2 
128 126 125 122 120 28 18 656 661 760 -1 -2 
127 119 120 122 125 126 128 930 960 1000 -1 -2 
127 119 120 122 125 126 128 754 819 951 -1 -2 
128 126 125 122 120 28 18 760 778 998 -1 -2 
128 126 125 122 120 28 18 703 806 922 -1 -2 
112 146 330 427 495 542 729 815 820 841 -1 -2 
114 98 92 73 29 842 858 967 987 997 -1 -2 
127 119 120 122 125 126 128 472 551 717 -1 -2 
114 98 92 73 29 538 584 673 712 904 -1 -2 
128 126 125 122 120 28 18 652 778 873 -1 -2 
128 126 125 122 120 28 18 836 898 988 -1 -2 
127 119 316 326 467 471 601 602 842 867 -1 -2 
198 251 385 525 572 595 630 663 693 861 -1 -2 
91 156 204 320 350 497 560 677 727 770 -1 -2 
128 126 125 122 120 28 18 627 891 903 -1 -2 
128 126 125 122 120 28 18 599 866 902 -1 -2 
128 126 125 122 120 28 18 616 627 780 -1 -2 
114 98 92 73 29 569 625 654 700 884 -1 -2 
128 126 125 122 120 28 18 760 771 868 -1 -2 
127 119 142 355 485 556 562 635 725 779 -1 -2 
127 119 131 156 451 454 547 568 648 887 -1 -2 
127 119 579 646 665 789 912 914 935 936 -1 -2 
21 143 167 331 405 464 621 674 692 866 -1 -2 
4 55 60 210 368 526 632 645 820 860 -1 -2 
128 126 125 122 120 28 18 728 740 921 -1 -2 
20 316 354 408 421 466 484 510 870 963 -1 -2 
209 223 270 340 387 833 849 891 900 906 -1 -2 
128 126 125 122 120 28 18 817 894 987 -1 -2 
128 126 125 122 120 28 18 684 816 937 -1 -2 
127 119 212 279 560 693 793 823 888 971 -1 -2 
18 91 114 339 356 389 521 594 912 941 -1 -2 
128 126 125 122 120 28 18 849 896 993 -1 -2 
35 85 121 312 393 804 842 868 922 998 -1 -2 
127 119 212 264 353 437 438 483 718 907 -1 -2 
127 119 420 483 490 511 553 726 810 901 -1 -2 
128 126 125 122 120 28 18 610 845 893 -1 -2 
114 98 92 73 29 761 772 840 921 936 -1 -2 
27 163 185 219 221 321 400 489 870 975 -1 -2 
127 119 664 681 737 790 811 865 866 950 -1 -2 
128 126 125 122 120 28 18 571 748 992 -1 -2 
128 126 125 122 120 28 18 776 833 884 -1 -2 
171 176 312 335 342 528 549 621 655 938 -1 -2 
127 119 407 475 571 612 649 742 796 891 -1 -2 
128 126 125 122 120 28 18 901 908 929 -1 -2 
28 126 193 257 318 523 755 806 885 967 -1 -2 
128 126 125 122 120 28 18 616 722 806 -1 -2 
95 3 309 484 510 578 584 632 870 952 -1 -2 
127 119 120 122 125 126 128 761 854 952 -1 -2 
127 119 260 293 483 503 520 764 883 957 -1 -2 
11 13 169 209 221 640 747 856 958 985 -1 -2 
128 126 125 122 120 28 18 943 949 966 -1 -2 
114 98 92 73 29 126 128 550 709 882 -1 -2 
127 119 120 122 125 126 128 777 785 843 -1 -2 
128 126 125 122 120 28 18 504 806 844 -1 -2 
127 119 85 158 501 656 664 833 898 951 -1 -2 
116 142 308 330 477 479 647 668 670 859 -1 -2 
128 126 125 122 120 28 18 587 663 706 -1 -2 
128 126 125 122 120 28 18 768 782 893 -1 -2 
85 131 387 454 570 695 702 704 841 883 -1 -2 
128 126 125 122 120 28 18 731 935 981 -1 -2 
128 126 125 122 120 28 18 701 860 926 -1 -2 
54 62 331 361 376 444 601 665 752 936 -1 -2 
128 126 125 122 120 28 18 750 753 900 -1 -2 
197 218 448 508 517 608 694 727 746 988 -1 -2 
128 126 125 122 120 28 18 717 835 884 -1 -2 
93 145 185 187 215 454 541 825 868 932 -1 -2 
56 127 231 255 285 329 339 526 547 549 -1 -2 
128 126 125 122 120 28 18 669 675 822 -1 -2 
116 91 82 14 253 278 691 769 852 853 -1 -2 
128 126 125 122 120 28 18 626 636 662 -1 -2 
128 126 125 122 120 28 18 797 874 922 -1 -2 
127 119 217 323 396 627 661 777 885 928 -1 -2 
122 316 410 449 471 482 621 636 866 991 -1 -2 
94 168 395 429 713 733 808 822 847 848 -1 -2 
29 400 573 619 650 705 776 849 927 942 -1 -2 
36 63 259 345 504 568 670 736 807 969 -1 -2 
52 75 97 180 238 495 572 587 708 747 -1 -2 
114 98 92 73 29 657 732 809 819 852 -1 -2 
128 126 125 122 120 28 18 816 888 904 -1 -2 
