168 209 299 399 428 447 610 705 771 898 -1 -2 
227 355 367 377 448 670 750 846 850 941 -1 -2 
30 33 57 86 147 219 223 237 725 820 -1 -2 
75 18 28 120 763 122 125 126 128 981 -1 -2 
238 397 487 719 742 744 764 773 904 906 -1 -2 
118 174 188 272 311 463 531 702 783 833 -1 -2 
42 126 260 302 336 368 538 581 650 831 -1 -2 
101 202 107 117 538 118 695 736 795 920 -1 -2 
142 247 257 351 494 638 658 836 910 954 -1 -2 
303 348 434 597 631 658 675 790 808 885 -1 -2 
178 199 281 419 504 633 686 787 805 977 -1 -2 
15 204 209 273 338 446 816 827 961 971 -1 -2 
3 94 166 339 437 448 505 693 981 993 -1 -2 
101 42 107 365 117 597 118 725 859 922 -1 -2 
39 144 162 182 228 280 476 627 965 988 -1 -2 
69 97 127 234 296 354 515 553 700 984 -1 -2 
5 172 241 244 261 317 388 576 579 975 -1 -2 
12 64 376 429 439 584 735 736 764 798 -1 -2 
202 534 564 591 614 733 798 805 889 928 -1 -2 
131 101 107 269 117 118 368 406 787 910 -1 -2 
74 103 198 256 328 376 431 449 657 826 -1 -2 
167 244 277 336 349 506 657 712 717 912 -1 -2 
102 133 191 222 279 518 526 562 820 832 -1 -2 
16 18 211 28 310 120 122 125 126 128 -1 -2 
18 281 28 120 122 657 125 792 126 128 -1 -2 
18 269 28 120 412 122 125 126 128 950 -1 -2 
52 85 244 269 306 545 690 718 906 934 -1 -2 
349 29 556 73 92 98 114 771 970 983 -1 -2 
3 112 153 160 253 306 437 447 769 918 -1 -2 
227 420 421 424 655 757 771 814 889 937 -1 -2 
101 107 117 117 303 118 538 588 865 956 -1 -2 
18 28 28 120 122 125 126 128 776 934 -1 -2 
101 107 107 117 548 118 737 780 807 909 -1 -2 
199 237 241 284 539 553 565 600 756 801 -1 -2 
338 407 584 631 636 758 872 912 956 989 -1 -2 
1 332 497 554 573 628 658 661 767 877 -1 -2 
97 329 351 523 539 655 768 829 861 979 -1 -2 
92 159 334 335 404 533 679 781 813 822 -1 -2 
55 101 566 107 618 117 118 852 866 883 -1 -2 
34 67 85 188 308 382 464 722 843 916 -1 -2 
96 104 341 400 436 446 556 603 785 835 -1 -2 
101 107 439 117 118 752 760 826 914 971 -1 -2 
18 198 28 120 580 122 125 614 126 128 -1 -2 
101 240 107 509 117 118 839 854 865 893 -1 -2 
18 15 28 189 120 829 122 125 126 128 -1 -2 
152 205 334 387 434 447 745 825 874 876 -1 -2 
59 29 292 73 430 92 98 114 866 950 -1 -2 
82 119 127 128 153 361 367 588 622 764 -1 -2 
2 269 280 314 407 573 697 715 889 929 -1 -2 
109 253 255 257 289 426 514 583 670 996 -1 -2 
61 149 208 329 375 450 553 618 654 862 -1 -2 
101 188 107 264 117 118 623 731 782 948 -1 -2 
51 128 139 185 252 272 366 453 496 850 -1 -2 
29 86 140 207 417 425 543 804 854 983 -1 -2 
51 192 263 302 439 511 544 832 880 954 -1 -2 
44 272 369 479 595 767 783 828 862 883 -1 -2 
56 93 102 136 137 203 633 767 858 871 -1 -2 
18 28 435 120 122 125 126 128 873 933 -1 -2 
26 108 288 741 755 768 811 849 858 968 -1 -2 
4 83 175 331 373 385 614 627 656 805 -1 -2 
139 415 456 464 509 532 625 663 807 936 -1 -2 
44 87 290 489 587 601 616 746 747 967 -1 -2 
66 92 146 308 458 616 649 823 835 904 -1 -2 
101 221 107 320 117 118 436 632 817 889 -1 -2 
103 113 182 215 381 383 461 665 776 897 -1 -2 
67 225 317 383 423 439 753 790 877 977 -1 -2 
101 67 107 251 117 118 574 627 904 985 -1 -2 
18 28 120 122 125 347 126 128 701 798 -1 -2 
37 88 197 353 371 427 592 849 967 980 -1 -2 
105 101 107 117 398 118 646 851 894 958 -1 -2 
121 149 165 244 284 545 775 927 946 993 -1 -2 
79 279 398 445 476 483 786 813 899 1000 -1 -2 
56 118 347 437 454 658 767 848 934 966 -1 -2 
11 93 96 243 445 553 574 580 823 992 -1 -2 
6 58 290 337 515 658 766 971 984 986 -1 -2 
78 186 412 461 533 559 641 699 848 965 -1 -2 
77 366 456 613 670 725 958 960 965 973 -1 -2 
62 97 164 292 358 487 673 776 811 947 -1 -2 
32 98 100 491 581 654 814 854 942 977 -1 -2 
101 534 107 793 117 118 874 928 938 1000 -1 -2 
12 63 116 241 243 274 279 353 665 893 -1 -2 
36 251 398 419 460 681 737 866 921 966 -1 -2 
10 57 155 195 443 486 633 681 847 955 -1 -2 
23 53 73 206 346 369 442 462 591 701 -1 -2 
18 131 28 285 120 122 125 126 128 977 -1 -2 
43 370 405 481 586 617 628 636 830 914 -1 -2 
101 85 107 163 117 291 118 414 570 835 -1 -2 
155 18 239 28 403 120 122 125 126 128 -1 -2 
81 386 447 491 507 567 596 644 731 944 -1 -2 
2 42 393 397 490 593 696 815 902 909 -1 -2 
108 155 340 551 656 659 777 821 900 977 -1 -2 
129 171 420 426 685 696 732 923 947 996 -1 -2 
179 328 329 404 594 637 685 689 855 909 -1 -2 
35 77 444 474 652 838 856 863 960 993 -1 -2 
30 59 153 188 190 199 208 400 579 975 -1 -2 
18 28 191 120 122 572 125 650 126 128 -1 -2 
18 205 28 120 410 122 125 578 126 128 -1 -2 
35 79 83 129 217 311 540 636 692 932 -1 -2 
22 112 233 277 458 460 553 627 864 897 -1 -2 
13 98 103 315 344 516 574 584 832 899 -1 -2 
22 115 313 355 422 423 495 639 761 993 -1 -2 
212 29 345 73 542 92 98 114 846 954 -1 -2 
55 57 74 146 494 510 574 807 872 988 -1 -2 
65 83 134 449 462 531 705 784 896 958 -1 -2 
88 133 232 297 342 536 558 569 579 1000 -1 -2 
20 131 258 419 501 550 557 677 687 835 -1 -2 
101 107 117 118 410 451 479 534 570 989 -1 -2 
257 463 573 688 714 731 739 797 849 991 -1 -2 
175 190 206 221 256 337 371 391 721 845 -1 -2 
119 28 127 122 125 126 128 845 862 900 -1 -2 
105 143 271 453 531 616 695 846 927 943 -1 -2 
54 67 160 265 295 349 353 682 799 989 -1 -2 
78 29 73 92 98 114 658 836 935 951 -1 -2 
133 138 246 272 273 361 728 771 861 942 -1 -2 
18 136 28 120 302 122 125 126 860 128 -1 -2 
139 209 409 412 433 442 534 591 645 963 -1 -2 
37 132 158 200 287 371 535 885 915 926 -1 -2 
77 278 319 387 512 679 700 774 775 938 -1 -2 
54 18 412 28 427 120 122 125 126 128 -1 -2 
89 303 489 538 634 730 823 901 918 945 -1 -2 
101 18 28 120 122 700 125 126 128 924 -1 -2 
50 227 262 263 333 342 405 421 621 741 -1 -2 
53 93 133 138 221 267 338 710 714 830 -1 -2 
104 386 589 594 655 657 670 693 957 986 -1 -2 
99 130 162 290 388 449 540 707 770 875 -1 -2 
129 413 460 462 634 791 804 855 954 986 -1 -2 
32 80 472 557 596 609 864 889 892 925 -1 -2 
130 18 28 120 470 122 125 126 681 128 -1 -2 
74 29 347 73 476 92 98 114 836 927 -1 -2 
3 113 191 408 463 645 668 745 855 978 -1 -2 
76 111 377 425 440 705 735 750 886 923 -1 -2 
52 134 283 390 422 533 626 674 716 814 -1 -2 
106 164 344 383 549 616 626 737 800 915 -1 -2 
119 127 411 437 467 688 761 853 857 878 -1 -2 
63 205 268 274 307 604 622 889 890 934 -1 -2 
40 130 267 450 587 751 777 852 893 958 -1 -2 
210 308 386 540 580 702 709 740 742 985 -1 -2 
2 164 272 364 379 480 577 846 916 984 -1 -2 
117 18 28 380 120 122 677 125 126 128 -1 -2 
75 101 457 107 698 117 118 790 860 984 -1 -2 
101 107 117 118 172 730 739 850 865 919 -1 -2 
185 190 391 637 749 780 814 828 891 932 -1 -2 
101 107 142 117 194 118 431 493 611 830 -1 -2 
302 304 323 429 542 577 661 670 706 859 -1 -2 
117 160 197 206 340 373 485 673 860 869 -1 -2 
79 29 73 404 92 98 644 114 773 983 -1 -2 
23 76 122 168 298 536 736 842 946 960 -1 -2 
54 18 28 173 120 340 122 125 126 128 -1 -2 
154 199 202 222 247 398 759 891 907 970 -1 -2 
84 165 260 305 412 784 818 861 946 980 -1 -2 
215 350 520 531 573 701 705 808 903 920 -1 -2 
12 107 356 362 488 513 619 675 838 852 -1 -2 
329 459 637 672 741 765 792 816 876 952 -1 -2 
106 395 401 416 523 537 641 685 708 985 -1 -2 
96 291 337 574 651 747 806 877 913 978 -1 -2 
95 183 206 294 416 721 729 792 877 942 -1 -2 
101 107 50 117 118 378 516 963 974 980 -1 -2 
21 36 100 113 124 442 692 850 853 879 -1 -2 
39 71 164 265 425 642 674 704 757 986 -1 -2 
70 29 73 474 92 647 98 114 907 990 -1 -2 
87 90 187 206 276 642 666 672 825 982 -1 -2 
52 76 193 209 493 615 715 747 818 968 -1 -2 
29 178 73 92 426 98 498 114 699 880 -1 -2 
119 127 143 201 218 292 469 491 835 983 -1 -2 
8 9 215 283 300 356 436 519 606 645 -1 -2 
142 317 491 582 663 739 821 871 886 999 -1 -2 
134 101 407 107 117 118 675 680 818 849 -1 -2 
40 139 180 487 605 823 838 904 977 1000 -1 -2 
117 18 28 357 120 122 609 125 126 128 -1 -2 
13 18 28 472 120 122 879 125 126 128 -1 -2 
46 83 150 190 535 604 755 810 954 969 -1 -2 
101 107 117 118 570 601 650 772 810 922 -1 -2 
22 68 115 117 129 205 308 535 644 871 -1 -2 
21 94 132 133 145 183 315 333 392 567 -1 -2 
191 233 302 347 412 445 637 673 811 920 -1 -2 
49 382 400 405 409 446 515 610 633 807 -1 -2 
6 60 69 182 200 234 344 645 742 886 -1 -2 
27 75 186 214 250 283 725 735 795 963 -1 -2 
122 232 308 475 773 780 855 911 934 973 -1 -2 
238 282 319 322 376 505 608 874 880 911 -1 -2 
68 138 285 294 321 441 470 851 875 947 -1 -2 
68 70 95 107 137 352 553 607 645 853 -1 -2 
10 101 167 107 117 118 535 871 911 919 -1 -2 
3 53 78 147 263 404 526 566 710 747 -1 -2 
388 390 458 471 530 627 710 717 856 863 -1 -2 
5 18 28 120 122 125 126 316 128 468 -1 -2 
180 241 329 488 562 625 652 693 918 972 -1 -2 
101 18 107 278 117 118 789 810 845 879 -1 -2 
36 103 228 252 326 381 427 726 758 866 -1 -2 
18 28 177 120 122 125 424 126 128 908 -1 -2 
110 196 310 356 446 514 653 695 751 963 -1 -2 
99 101 107 439 117 513 118 665 890 931 -1 -2 
210 242 311 318 436 443 486 816 925 943 -1 -2 
101 107 117 118 572 609 650 716 868 988 -1 -2 
25 102 235 256 316 331 504 656 951 996 -1 -2 
101 156 107 117 118 557 652 658 673 805 -1 -2 
127 280 465 476 488 720 836 898 967 988 -1 -2 
20 53 105 165 346 578 740 801 816 896 -1 -2 
111 184 561 617 661 809 892 919 923 928 -1 -2 
101 107 548 117 607 118 812 841 887 978 -1 -2 
160 264 297 335 353 408 451 774 926 991 -1 -2 
253 261 281 394 437 575 719 726 733 907 -1 -2 
130 101 324 107 624 117 118 708 752 936 -1 -2 
77 92 125 183 330 452 499 654 661 685 -1 -2 
35 72 93 146 154 225 338 681 969 998 -1 -2 
98 188 207 301 559 751 760 766 931 940 -1 -2 
205 18 362 28 120 607 122 125 126 128 -1 -2 
70 3 95 630 631 774 810 868 877 937 -1 -2 
397 428 523 649 676 751 818 828 858 895 -1 -2 
120 196 358 368 434 501 687 710 891 989 -1 -2 
29 89 113 291 396 585 661 745 756 861 -1 -2 
207 18 331 28 468 120 122 125 126 128 -1 -2 
209 323 376 493 509 633 714 762 807 920 -1 -2 
290 342 347 400 495 531 676 807 856 930 -1 -2 
101 107 189 117 118 594 642 729 942 948 -1 -2 
40 18 28 182 120 456 122 125 126 128 -1 -2 
94 170 286 575 585 599 641 711 712 772 -1 -2 
55 77 495 512 541 668 720 795 879 949 -1 -2 
282 400 576 629 674 736 745 772 893 918 -1 -2 
34 101 107 325 117 402 118 488 613 712 -1 -2 
18 92 28 120 122 125 683 126 128 900 -1 -2 
18 107 28 120 463 122 668 125 126 128 -1 -2 
158 165 175 380 444 596 800 808 831 886 -1 -2 
18 28 182 120 361 122 576 125 126 128 -1 -2 
29 137 184 219 314 369 473 590 683 760 -1 -2 
101 107 117 253 118 615 767 788 873 875 -1 -2 
71 218 257 378 386 618 689 690 719 975 -1 -2 
19 319 330 420 652 788 801 852 898 963 -1 -2 
179 367 414 475 502 530 616 694 906 981 -1 -2 
4 101 67 107 117 302 118 417 651 708 -1 -2 
38 179 460 666 677 738 821 872 877 912 -1 -2 
32 91 297 386 464 478 494 615 828 872 -1 -2 
50 129 207 280 397 506 669 747 818 840 -1 -2 
184 387 511 587 657 666 791 904 953 978 -1 -2 
237 244 324 508 559 596 621 667 870 914 -1 -2 
93 379 401 509 582 636 674 764 935 991 -1 -2 
95 248 336 470 485 746 810 864 918 960 -1 -2 
55 229 397 469 484 556 833 883 967 997 -1 -2 
101 107 590 117 689 118 722 740 805 949 -1 -2 
52 250 251 301 339 413 534 547 663 949 -1 -2 
26 216 232 257 411 499 679 754 913 940 -1 -2 
1 197 281 406 449 525 611 618 690 972 -1 -2 
145 371 435 448 451 467 592 606 726 933 -1 -2 
158 18 28 120 630 122 897 125 126 128 -1 -2 
50 61 197 321 322 478 710 727 905 996 -1 -2 
23 106 136 261 329 578 593 623 638 686 -1 -2 
185 223 395 486 497 554 576 656 715 833 -1 -2 
179 251 312 313 360 710 870 908 977 1000 -1 -2 
80 254 391 479 523 595 718 721 777 965 -1 -2 
69 90 110 133 545 621 626 697 811 883 -1 -2 
19 159 295 372 424 498 628 817 919 925 -1 -2 
59 124 137 141 161 363 419 649 791 942 -1 -2 
40 79 143 279 461 502 682 747 896 988 -1 -2 
39 215 232 240 329 437 454 571 592 643 -1 -2 
33 78 171 533 618 628 804 889 910 995 -1 -2 
13 119 137 199 311 343 400 491 919 987 -1 -2 
18 28 120 401 122 125 126 128 899 951 -1 -2 
265 333 379 486 598 603 680 785 799 816 -1 -2 
107 153 233 323 528 619 713 782 884 931 -1 -2 
51 18 225 28 382 120 122 125 126 128 -1 -2 
29 73 291 92 544 98 114 743 891 914 -1 -2 
90 136 259 280 289 439 514 781 844 967 -1 -2 
196 315 346 455 544 614 698 707 930 959 -1 -2 
109 159 252 280 296 303 524 557 722 848 -1 -2 
61 63 76 190 207 361 411 739 756 1000 -1 -2 
17 67 100 120 133 166 544 699 938 974 -1 -2 
162 217 250 304 333 735 743 819 937 974 -1 -2 
119 127 234 324 522 623 650 852 866 940 -1 -2 
19 18 28 120 122 125 564 126 648 128 -1 -2 
19 34 176 198 328 405 420 469 588 857 -1 -2 
33 55 62 211 308 381 658 929 940 980 -1 -2 
72 18 28 120 572 122 738 125 126 128 -1 -2 
229 18 447 28 120 122 125 126 706 128 -1 -2 
5 97 256 266 296 382 726 733 836 971 -1 -2 
14 99 118 119 423 462 471 671 727 940 -1 -2 
29 202 73 92 472 98 676 114 912 995 -1 -2 
15 101 245 304 436 483 626 671 749 841 -1 -2 
57 116 174 593 718 736 751 878 936 1000 -1 -2 
83 109 171 327 353 568 598 874 896 977 -1 -2 
1 94 165 307 445 618 679 807 938 953 -1 -2 
53 186 400 458 625 705 787 824 841 905 -1 -2 
184 286 287 395 435 552 585 646 773 810 -1 -2 
47 96 153 454 691 892 921 932 953 977 -1 -2 
247 304 588 637 649 795 889 912 934 998 -1 -2 
226 260 329 377 420 754 785 830 837 996 -1 -2 
17 42 61 78 89 259 338 381 622 845 -1 -2 
204 237 268 273 298 571 603 737 766 926 -1 -2 
195 280 307 370 498 609 825 860 935 940 -1 -2 
30 174 589 630 675 699 715 840 851 921 -1 -2 
251 285 311 319 330 349 688 760 773 983 -1 -2 
284 393 492 571 596 619 634 655 821 912 -1 -2 
105 199 388 400 469 515 571 625 661 979 -1 -2 
60 78 100 545 685 730 736 761 851 893 -1 -2 
351 433 563 579 698 734 779 815 836 943 -1 -2 
55 128 694 711 724 761 796 871 959 965 -1 -2 
24 79 203 267 384 537 551 568 735 999 -1 -2 
62 92 195 550 579 581 744 773 794 915 -1 -2 
18 28 331 120 597 122 679 125 126 128 -1 -2 
39 201 235 298 348 398 478 734 791 857 -1 -2 
10 228 280 325 362 497 517 769 782 906 -1 -2 
9 22 104 203 243 327 368 696 786 839 -1 -2 
54 70 128 138 271 329 526 672 744 926 -1 -2 
16 29 73 92 98 114 668 807 889 982 -1 -2 
148 199 272 358 423 508 679 907 910 921 -1 -2 
87 105 342 457 704 806 858 906 937 967 -1 -2 
94 101 357 416 494 577 648 666 748 884 -1 -2 
70 119 201 127 219 299 489 507 647 669 -1 -2 
42 189 275 325 364 603 675 764 806 975 -1 -2 
86 224 332 416 419 573 678 770 853 949 -1 -2 
58 164 319 328 467 608 750 754 845 861 -1 -2 
187 249 335 556 617 666 784 812 908 960 -1 -2 
11 46 138 209 237 528 712 740 887 900 -1 -2 
29 179 73 251 92 375 98 114 850 882 -1 -2 
33 243 406 509 522 768 845 855 872 945 -1 -2 
28 101 117 232 388 527 588 793 866 934 -1 -2 
232 312 355 535 553 675 687 796 865 895 -1 -2 
18 28 257 120 122 125 424 126 128 932 -1 -2 
29 156 162 211 336 382 583 888 984 992 -1 -2 
50 136 211 487 537 687 726 750 766 910 -1 -2 
3 26 82 368 431 478 494 553 616 846 -1 -2 
7 123 140 230 506 513 533 700 820 884 -1 -2 
92 135 159 364 491 526 563 755 895 966 -1 -2 
134 143 295 314 459 630 637 660 703 797 -1 -2 
6 107 221 260 384 448 501 772 951 998 -1 -2 
35 60 132 140 364 536 572 581 629 731 -1 -2 
8 95 230 270 396 444 543 713 766 996 -1 -2 
18 28 28 120 122 126 125 712 126 128 -1 -2 
22 51 149 219 516 634 690 790 868 885 -1 -2 
138 231 364 378 450 580 659 759 773 902 -1 -2 
10 72 153 203 215 563 658 716 735 806 -1 -2 
134 180 323 488 496 512 519 584 835 957 -1 -2 
17 49 71 118 294 687 692 856 863 927 -1 -2 
25 84 119 233 326 482 556 743 889 992 -1 -2 
257 346 553 645 669 780 818 887 918 936 -1 -2 
97 104 263 271 376 607 640 721 756 870 -1 -2 
125 326 345 470 512 594 699 867 902 977 -1 -2 
181 262 446 520 558 567 641 679 770 937 -1 -2 
18 161 221 251 255 581 586 672 783 907 -1 -2 
419 515 642 866 900 901 930 966 990 995 -1 -2 
79 406 598 718 789 815 864 955 970 1000 -1 -2 
25 132 237 329 422 497 558 670 702 975 -1 -2 
65 232 246 302 332 422 825 852 867 983 -1 -2 
20 133 177 301 311 695 746 850 932 941 -1 -2 
78 146 225 251 300 356 406 616 670 735 -1 -2 
18 28 120 122 125 746 126 834 128 1000 -1 -2 
34 58 208 367 377 432 519 769 788 814 -1 -2 
156 338 386 531 536 673 703 717 746 781 -1 -2 
5 26 75 223 293 408 694 757 968 977 -1 -2 
24 90 140 398 414 538 578 694 786 887 -1 -2 
86 91 345 365 409 540 595 696 829 994 -1 -2 
15 213 282 353 494 538 703 731 774 962 -1 -2 
11 48 63 199 203 372 436 717 850 960 -1 -2 
21 66 95 201 547 572 602 665 888 894 -1 -2 
57 166 195 398 484 518 598 625 724 997 -1 -2 
102 138 144 270 341 511 594 625 716 738 -1 -2 
18 36 28 120 329 122 457 125 126 128 -1 -2 
48 104 143 282 283 326 372 407 486 982 -1 -2 
65 193 212 366 473 571 604 626 731 860 -1 -2 
96 172 195 338 348 373 470 489 716 852 -1 -2 
152 158 222 305 376 446 554 599 666 903 -1 -2 
109 168 310 430 581 610 620 726 826 873 -1 -2 
34 86 217 272 340 443 547 666 736 974 -1 -2 
37 285 296 474 476 570 599 686 792 916 -1 -2 
29 174 73 408 92 98 114 830 838 999 -1 -2 
203 18 428 28 120 122 125 126 809 128 -1 -2 
198 204 325 449 557 625 732 822 842 907 -1 -2 
85 213 253 255 302 500 520 527 717 825 -1 -2 
103 116 312 375 648 715 737 820 966 976 -1 -2 
94 200 219 255 304 650 703 727 883 892 -1 -2 
18 38 28 316 120 122 637 125 126 128 -1 -2 
99 201 303 323 488 603 696 780 913 962 -1 -2 
46 58 70 147 220 227 629 643 718 958 -1 -2 
10 100 110 329 397 464 662 765 826 926 -1 -2 
113 201 336 399 564 676 692 703 783 833 -1 -2 
119 127 336 364 588 594 667 822 874 914 -1 -2 
50 59 135 214 385 612 626 676 745 783 -1 -2 
17 71 110 233 394 463 505 637 708 971 -1 -2 
18 71 28 242 120 667 122 125 126 128 -1 -2 
281 18 28 589 120 122 125 126 730 128 -1 -2 
230 274 374 469 602 613 694 722 794 890 -1 -2 
35 18 91 28 120 122 125 126 128 880 -1 -2 
1 193 298 343 395 408 538 753 770 872 -1 -2 
18 358 28 120 617 122 125 712 126 128 -1 -2 
279 366 477 521 594 736 760 791 820 997 -1 -2 
89 104 126 313 346 379 447 517 778 856 -1 -2 
157 159 199 255 337 772 880 881 958 962 -1 -2 
127 129 137 170 236 394 531 558 705 908 -1 -2 
149 167 256 333 412 676 726 750 926 936 -1 -2 
35 183 225 288 392 621 737 750 781 862 -1 -2 
24 43 227 265 451 713 867 877 949 955 -1 -2 
53 74 432 453 527 601 635 721 847 868 -1 -2 
73 122 311 530 584 731 759 862 945 982 -1 -2 
180 272 273 444 602 615 624 655 753 917 -1 -2 
239 412 473 609 733 747 808 870 916 951 -1 -2 
18 151 256 397 447 505 547 557 580 670 -1 -2 
91 18 28 283 120 122 125 126 543 128 -1 -2 
41 18 28 120 122 125 495 126 611 128 -1 -2 
52 68 178 215 237 438 450 559 732 961 -1 -2 
227 437 448 472 519 530 623 802 854 890 -1 -2 
158 350 395 415 516 557 569 887 978 990 -1 -2 
66 139 261 427 507 731 896 898 934 998 -1 -2 
119 338 127 404 444 448 526 643 648 980 -1 -2 
84 131 206 287 460 584 739 795 885 911 -1 -2 
35 39 58 424 431 455 524 584 675 919 -1 -2 
40 74 76 267 278 441 664 679 733 881 -1 -2 
135 206 216 367 468 699 715 851 949 966 -1 -2 
4 481 484 615 638 662 689 723 871 978 -1 -2 
4 119 250 360 373 398 526 735 863 891 -1 -2 
27 119 253 127 453 545 557 612 757 953 -1 -2 
56 183 305 412 481 491 659 755 758 837 -1 -2 
430 540 637 674 676 693 703 847 863 876 -1 -2 
113 188 376 390 681 799 938 941 945 977 -1 -2 
62 88 155 210 259 661 796 817 923 950 -1 -2 
7 55 59 172 226 313 536 564 878 893 -1 -2 
98 290 306 341 365 398 478 708 738 903 -1 -2 
304 415 590 687 716 738 806 911 979 996 -1 -2 
10 33 105 191 544 554 593 662 891 960 -1 -2 
115 18 28 301 120 530 122 125 126 128 -1 -2 
60 237 268 427 584 595 602 619 711 744 -1 -2 
18 293 296 523 537 681 709 824 856 961 -1 -2 
2 24 117 184 262 313 372 470 588 805 -1 -2 
41 107 228 416 442 528 584 656 661 760 -1 -2 
18 348 28 410 120 122 735 125 126 128 -1 -2 
128 213 313 434 489 602 743 754 819 951 -1 -2 
22 173 226 234 366 440 505 760 778 998 -1 -2 
119 80 127 228 236 581 613 703 806 922 -1 -2 
112 146 330 427 495 542 729 815 820 841 -1 -2 
300 29 568 73 687 92 98 114 987 997 -1 -2 
18 51 28 181 120 427 122 125 126 128 -1 -2 
15 29 73 92 324 98 584 114 712 904 -1 -2 
29 18 28 312 120 592 122 125 126 128 -1 -2 
108 115 134 142 299 628 757 836 898 988 -1 -2 
173 205 316 326 467 471 601 602 842 867 -1 -2 
198 251 385 525 572 595 630 663 693 861 -1 -2 
91 156 204 320 350 497 560 677 727 770 -1 -2 
13 41 68 150 305 310 577 627 891 903 -1 -2 
47 113 332 334 357 526 561 599 866 902 -1 -2 
37 62 85 256 328 352 611 616 627 780 -1 -2 
94 198 348 394 450 569 625 654 700 884 -1 -2 
79 140 219 283 724 726 755 760 771 868 -1 -2 
75 97 142 355 485 556 562 635 725 779 -1 -2 
21 114 131 156 451 454 547 568 648 887 -1 -2 
69 341 579 646 665 789 912 914 935 936 -1 -2 
21 143 167 331 405 464 621 674 692 866 -1 -2 
4 55 60 210 368 526 632 645 820 860 -1 -2 
51 65 100 267 342 394 395 728 740 921 -1 -2 
20 316 354 408 421 466 484 510 870 963 -1 -2 
209 223 270 340 387 833 849 891 900 906 -1 -2 
18 56 28 256 120 122 125 126 894 128 -1 -2 
70 159 365 429 525 603 607 684 816 937 -1 -2 
21 157 212 279 560 693 793 823 888 971 -1 -2 
18 91 114 339 356 389 521 594 912 941 -1 -2 
39 95 222 226 254 357 748 849 896 993 -1 -2 
35 85 121 312 393 804 842 868 922 998 -1 -2 
116 139 212 264 353 437 438 483 718 907 -1 -2 
190 315 420 483 490 511 553 726 810 901 -1 -2 
18 28 120 122 451 125 126 128 845 893 -1 -2 
345 398 409 462 686 761 772 840 921 936 -1 -2 
27 163 185 219 221 321 400 489 870 975 -1 -2 
186 343 664 681 737 790 811 865 866 950 -1 -2 
205 330 357 420 434 449 475 571 748 992 -1 -2 
62 86 281 378 398 584 697 776 833 884 -1 -2 
171 176 312 335 342 528 549 621 655 938 -1 -2 
72 327 407 475 571 612 649 742 796 891 -1 -2 
29 202 73 92 685 98 895 114 908 929 -1 -2 
28 126 193 257 318 523 755 806 885 967 -1 -2 
106 18 271 28 120 490 122 125 126 128 -1 -2 
10 69 309 484 510 578 584 632 870 952 -1 -2 
121 156 255 599 623 647 753 761 854 952 -1 -2 
15 153 260 293 483 503 520 764 883 957 -1 -2 
11 13 169 209 221 640 747 856 958 985 -1 -2 
75 121 343 405 606 662 835 943 949 966 -1 -2 
18 95 28 120 325 122 125 126 128 882 -1 -2 
40 18 456 28 521 120 122 125 126 128 -1 -2 
47 59 172 231 289 309 359 504 806 844 -1 -2 
10 119 85 127 501 656 664 833 898 951 -1 -2 
116 142 308 330 477 479 647 668 670 859 -1 -2 
30 88 200 261 340 461 556 587 663 706 -1 -2 
100 243 258 443 547 706 748 768 782 893 -1 -2 
85 131 387 454 570 695 702 704 841 883 -1 -2 
179 367 471 672 674 679 700 731 935 981 -1 -2 
3 29 170 73 92 421 98 114 860 926 -1 -2 
54 62 331 361 376 444 601 665 752 936 -1 -2 
96 132 483 516 581 614 658 750 753 900 -1 -2 
197 218 448 508 517 608 694 727 746 988 -1 -2 
20 18 28 398 120 595 122 125 126 128 -1 -2 
93 145 185 187 215 454 541 825 868 932 -1 -2 
56 127 231 255 285 329 339 526 547 549 -1 -2 
18 28 120 122 390 125 651 126 128 822 -1 -2 
23 126 156 197 253 278 691 769 852 853 -1 -2 
38 18 28 267 120 122 391 125 126 128 -1 -2 
18 119 127 122 125 126 128 797 874 922 -1 -2 
97 191 217 323 396 627 661 777 885 928 -1 -2 
122 316 410 449 471 482 621 636 866 991 -1 -2 
94 168 395 429 713 733 808 822 847 848 -1 -2 
29 400 573 619 650 705 776 849 927 942 -1 -2 
36 63 259 345 504 568 670 736 807 969 -1 -2 
52 75 97 180 238 495 572 587 708 747 -1 -2 
49 152 208 410 490 657 732 809 819 852 -1 -2 
67 227 253 533 682 709 720 816 888 904 -1 -2 
