168 119 299 127 428 447 610 705 771 898 -1 -2 
227 355 367 377 448 670 750 846 850 941 -1 -2 
30 33 57 86 147 219 223 237 725 820 -1 -2 
18 18 28 120 122 126 125 126 949 128 -1 -2 
238 101 487 107 117 118 764 773 904 906 -1 -2 
118 101 188 107 117 463 118 702 783 833 -1 -2 
101 126 107 302 117 368 118 581 650 831 -1 -2 
101 101 117 107 538 117 118 736 795 920 -1 -2 
101 107 257 117 118 638 658 836 910 954 -1 -2 
303 348 434 597 631 658 675 790 808 885 -1 -2 
178 101 107 419 117 118 686 787 805 977 -1 -2 
101 204 107 273 117 446 118 827 961 971 -1 -2 
101 94 107 339 117 118 505 693 981 993 -1 -2 
101 101 107 118 117 597 118 725 859 922 -1 -2 
101 144 107 117 228 118 476 627 965 988 -1 -2 
101 107 127 117 296 118 515 553 700 984 -1 -2 
5 101 107 117 118 317 388 576 579 975 -1 -2 
101 64 107 429 117 118 735 736 764 798 -1 -2 
202 18 564 28 614 120 122 125 126 128 -1 -2 
101 101 107 118 117 118 368 406 787 910 -1 -2 
101 107 198 117 328 118 431 449 657 826 -1 -2 
101 244 107 336 117 118 657 712 717 912 -1 -2 
101 133 107 117 279 118 526 562 820 832 -1 -2 
18 101 120 107 117 118 128 746 960 985 -1 -2 
119 28 127 122 125 126 128 792 953 978 -1 -2 
18 269 28 120 412 122 125 126 128 950 -1 -2 
29 85 73 92 98 114 690 718 906 934 -1 -2 
349 29 556 73 92 98 114 771 970 983 -1 -2 
3 112 153 160 253 306 437 447 769 918 -1 -2 
119 420 127 424 655 757 771 814 889 937 -1 -2 
101 107 107 117 303 118 538 588 865 956 -1 -2 
101 107 120 117 118 126 128 651 776 934 -1 -2 
101 101 107 118 117 118 737 780 807 909 -1 -2 
101 237 107 117 539 118 565 600 756 801 -1 -2 
101 107 117 118 636 758 872 912 956 989 -1 -2 
101 332 107 117 118 628 658 661 767 877 -1 -2 
101 329 107 523 117 655 118 829 861 979 -1 -2 
92 101 334 107 117 533 118 781 813 822 -1 -2 
101 107 107 118 117 118 688 852 866 883 -1 -2 
101 107 117 118 308 382 464 722 843 916 -1 -2 
96 104 341 400 436 446 556 603 785 835 -1 -2 
119 107 127 118 723 752 760 826 914 971 -1 -2 
101 28 107 122 117 118 128 614 716 930 -1 -2 
101 101 117 107 744 117 118 854 865 893 -1 -2 
18 101 120 107 125 117 118 888 902 999 -1 -2 
101 107 334 117 118 447 745 825 874 876 -1 -2 
29 101 92 107 117 447 118 689 866 950 -1 -2 
119 101 108 107 153 117 118 588 622 764 -1 -2 
2 101 107 314 117 118 697 715 889 929 -1 -2 
109 101 107 117 118 426 514 583 670 996 -1 -2 
61 101 107 329 117 450 118 618 654 862 -1 -2 
101 101 117 107 117 549 118 731 782 948 -1 -2 
51 101 107 185 117 272 118 453 496 850 -1 -2 
101 86 107 207 117 118 543 804 854 983 -1 -2 
101 107 263 117 118 511 544 832 880 954 -1 -2 
44 101 369 107 117 767 118 828 862 883 -1 -2 
56 93 102 136 137 203 633 767 858 871 -1 -2 
18 101 107 122 117 126 118 834 873 933 -1 -2 
101 107 288 117 118 768 811 849 858 968 -1 -2 
101 107 117 118 373 385 614 627 656 805 -1 -2 
101 415 107 117 118 532 625 663 807 936 -1 -2 
44 87 290 489 587 601 616 746 747 967 -1 -2 
101 92 107 117 118 616 649 823 835 904 -1 -2 
101 101 117 107 117 118 436 632 817 889 -1 -2 
101 113 107 117 118 383 461 665 776 897 -1 -2 
67 101 317 107 117 118 753 790 877 977 -1 -2 
101 101 117 107 117 118 574 627 904 985 -1 -2 
18 101 120 107 125 117 118 583 701 798 -1 -2 
101 88 107 117 371 118 592 849 967 980 -1 -2 
101 107 107 118 117 399 118 851 894 958 -1 -2 
121 101 107 117 284 118 775 927 946 993 -1 -2 
79 279 398 445 476 483 786 813 899 1000 -1 -2 
18 118 28 120 454 122 767 125 126 128 -1 -2 
11 93 96 243 445 553 574 580 823 992 -1 -2 
101 58 107 337 117 118 766 971 984 986 -1 -2 
101 107 117 118 533 559 641 699 848 965 -1 -2 
101 107 117 118 670 725 958 960 965 973 -1 -2 
62 97 164 292 358 487 673 776 811 947 -1 -2 
119 127 100 491 581 654 814 854 942 977 -1 -2 
101 107 117 117 118 852 874 928 938 1000 -1 -2 
12 63 116 241 243 274 279 353 665 893 -1 -2 
36 101 107 419 117 681 118 866 921 966 -1 -2 
101 57 107 117 118 486 633 681 847 955 -1 -2 
23 53 73 206 346 369 442 462 591 701 -1 -2 
101 28 107 117 118 126 128 909 964 977 -1 -2 
43 370 405 481 586 617 628 636 830 914 -1 -2 
101 107 107 117 189 118 348 414 570 835 -1 -2 
18 101 120 107 117 118 128 499 867 954 -1 -2 
81 101 107 491 117 118 596 644 731 944 -1 -2 
2 42 393 397 490 593 696 815 902 909 -1 -2 
108 101 340 107 117 118 777 821 900 977 -1 -2 
129 101 107 117 118 696 732 923 947 996 -1 -2 
179 119 329 127 594 637 685 689 855 909 -1 -2 
101 77 107 117 652 118 856 863 960 993 -1 -2 
30 101 107 188 117 118 208 400 579 975 -1 -2 
18 28 191 120 122 572 125 650 126 128 -1 -2 
18 101 120 107 117 126 118 578 639 998 -1 -2 
101 79 107 129 117 118 540 636 692 932 -1 -2 
22 101 233 107 117 460 118 627 864 897 -1 -2 
101 107 117 315 118 516 574 584 832 899 -1 -2 
22 101 107 355 117 423 118 639 761 993 -1 -2 
29 101 92 107 114 117 118 745 846 954 -1 -2 
55 119 74 127 494 510 574 807 872 988 -1 -2 
101 83 107 449 117 531 118 784 896 958 -1 -2 
88 101 107 117 118 536 558 569 579 1000 -1 -2 
119 131 127 419 501 550 557 677 687 835 -1 -2 
101 101 107 118 117 118 479 534 570 989 -1 -2 
257 119 573 127 714 731 739 797 849 991 -1 -2 
175 101 206 107 117 118 371 391 721 845 -1 -2 
119 101 107 122 117 118 128 845 862 900 -1 -2 
105 101 271 107 531 117 118 846 927 943 -1 -2 
54 101 160 107 117 118 353 682 799 989 -1 -2 
101 73 107 117 114 118 658 836 935 951 -1 -2 
133 138 246 272 273 361 728 771 861 942 -1 -2 
18 18 28 122 120 122 125 126 128 930 -1 -2 
139 101 107 117 433 118 534 591 645 963 -1 -2 
101 107 158 117 287 118 535 885 915 926 -1 -2 
77 101 107 387 117 118 700 774 775 938 -1 -2 
101 107 117 118 125 126 128 806 903 952 -1 -2 
89 101 489 107 117 118 823 901 918 945 -1 -2 
101 107 120 117 125 118 128 729 750 924 -1 -2 
50 227 262 263 333 342 405 421 621 741 -1 -2 
53 101 133 107 221 117 118 710 714 830 -1 -2 
104 101 107 117 655 118 670 693 957 986 -1 -2 
99 130 162 290 388 449 540 707 770 875 -1 -2 
129 119 460 127 634 791 804 855 954 986 -1 -2 
32 80 472 557 596 609 864 889 892 925 -1 -2 
101 107 120 117 118 126 128 659 681 925 -1 -2 
74 29 347 73 476 92 98 114 836 927 -1 -2 
119 113 127 408 463 645 668 745 855 978 -1 -2 
76 101 107 425 117 705 118 750 886 923 -1 -2 
52 101 283 107 117 533 118 674 716 814 -1 -2 
101 164 107 117 549 118 626 737 800 915 -1 -2 
119 101 107 437 117 688 118 853 857 878 -1 -2 
63 101 107 117 118 604 622 889 890 934 -1 -2 
101 107 267 117 118 751 777 852 893 958 -1 -2 
210 101 386 107 117 702 118 740 742 985 -1 -2 
2 164 272 364 379 480 577 846 916 984 -1 -2 
101 107 120 117 118 126 128 825 932 966 -1 -2 
75 101 457 107 698 117 118 790 860 984 -1 -2 
101 101 117 107 117 730 118 850 865 919 -1 -2 
101 190 107 637 117 118 814 828 891 932 -1 -2 
101 101 107 117 194 118 431 493 611 830 -1 -2 
101 304 107 429 117 577 118 670 706 859 -1 -2 
117 119 127 206 340 373 485 673 860 869 -1 -2 
29 101 107 117 118 574 644 732 773 983 -1 -2 
23 101 122 107 298 117 118 842 946 960 -1 -2 
18 101 120 107 125 117 118 533 892 916 -1 -2 
101 199 107 117 247 118 759 891 907 970 -1 -2 
84 119 260 127 412 784 818 861 946 980 -1 -2 
215 350 520 531 573 701 705 808 903 920 -1 -2 
101 107 107 362 117 118 619 675 838 852 -1 -2 
101 107 117 118 741 765 792 816 876 952 -1 -2 
101 107 117 118 523 537 641 685 708 985 -1 -2 
96 291 337 574 651 747 806 877 913 978 -1 -2 
95 101 206 107 416 117 118 792 877 942 -1 -2 
101 101 107 117 118 378 516 963 974 980 -1 -2 
21 101 100 107 124 117 118 850 853 879 -1 -2 
39 101 164 107 425 117 118 704 757 986 -1 -2 
70 29 73 474 92 647 98 114 907 990 -1 -2 
101 107 187 117 276 118 666 672 825 982 -1 -2 
52 76 193 209 493 615 715 747 818 968 -1 -2 
29 101 92 107 117 463 118 580 699 880 -1 -2 
101 127 107 117 118 292 469 491 835 983 -1 -2 
8 9 215 283 300 356 436 519 606 645 -1 -2 
142 101 491 107 117 739 118 871 886 999 -1 -2 
101 101 107 118 117 612 118 680 818 849 -1 -2 
40 139 180 487 605 823 838 904 977 1000 -1 -2 
101 28 107 122 117 118 128 630 753 977 -1 -2 
101 107 120 117 118 126 128 912 946 954 -1 -2 
46 18 28 120 122 125 755 126 128 969 -1 -2 
101 107 107 118 117 601 118 772 810 922 -1 -2 
22 101 107 117 129 118 308 535 644 871 -1 -2 
101 107 132 117 118 183 315 333 392 567 -1 -2 
101 107 302 117 118 445 637 673 811 920 -1 -2 
49 382 400 405 409 446 515 610 633 807 -1 -2 
101 60 107 117 118 234 344 645 742 886 -1 -2 
101 107 186 117 250 118 725 735 795 963 -1 -2 
122 232 308 475 773 780 855 911 934 973 -1 -2 
238 101 107 322 117 118 608 874 880 911 -1 -2 
68 101 107 294 117 441 118 851 875 947 -1 -2 
68 119 127 107 137 352 553 607 645 853 -1 -2 
10 101 167 107 117 118 535 871 911 919 -1 -2 
101 53 107 147 117 118 526 566 710 747 -1 -2 
388 390 458 471 530 627 710 717 856 863 -1 -2 
18 119 120 127 125 126 128 316 402 468 -1 -2 
18 241 28 120 562 122 125 693 126 128 -1 -2 
101 101 107 117 286 118 789 810 845 879 -1 -2 
119 103 127 252 326 381 427 726 758 866 -1 -2 
18 101 120 107 117 126 118 808 875 908 -1 -2 
101 107 117 356 118 514 653 695 751 963 -1 -2 
101 107 117 118 481 513 556 665 890 931 -1 -2 
210 119 311 127 436 443 486 816 925 943 -1 -2 
101 18 117 28 120 122 650 125 126 128 -1 -2 
101 107 235 117 316 118 504 656 951 996 -1 -2 
101 107 117 117 118 557 652 658 673 805 -1 -2 
127 101 107 476 117 118 836 898 967 988 -1 -2 
20 53 105 165 346 578 740 801 816 896 -1 -2 
111 101 107 617 117 809 118 919 923 928 -1 -2 
101 101 107 117 118 737 812 841 887 978 -1 -2 
101 107 297 117 118 408 451 774 926 991 -1 -2 
101 261 107 117 437 118 719 726 733 907 -1 -2 
101 101 117 107 117 118 688 708 752 936 -1 -2 
119 92 127 183 330 452 499 654 661 685 -1 -2 
35 101 107 146 117 225 118 681 969 998 -1 -2 
98 101 207 107 117 751 118 766 931 940 -1 -2 
18 101 107 117 125 118 128 765 928 955 -1 -2 
70 3 95 630 631 774 810 868 877 937 -1 -2 
397 101 523 107 676 117 118 828 858 895 -1 -2 
120 101 107 368 117 118 687 710 891 989 -1 -2 
101 89 107 117 396 118 661 745 756 861 -1 -2 
18 28 28 120 125 122 128 125 126 128 -1 -2 
209 101 107 117 509 118 714 762 807 920 -1 -2 
290 101 347 107 117 118 676 807 856 930 -1 -2 
101 119 127 118 517 594 642 729 942 948 -1 -2 
101 107 120 117 118 126 128 673 763 979 -1 -2 
101 107 117 575 118 599 641 711 712 772 -1 -2 
55 77 495 512 541 668 720 795 879 949 -1 -2 
282 101 107 117 118 736 745 772 893 918 -1 -2 
34 101 107 325 117 402 118 488 613 712 -1 -2 
18 29 73 122 92 98 128 114 881 900 -1 -2 
101 28 107 122 117 118 128 798 835 996 -1 -2 
158 165 175 380 444 596 800 808 831 886 -1 -2 
101 28 107 122 117 118 128 713 863 910 -1 -2 
29 137 184 219 314 369 473 590 683 760 -1 -2 
101 107 107 118 117 615 118 788 873 875 -1 -2 
71 218 257 378 386 618 689 690 719 975 -1 -2 
101 107 330 117 118 788 801 852 898 963 -1 -2 
179 101 107 117 502 118 616 694 906 981 -1 -2 
101 107 107 118 117 302 118 417 651 708 -1 -2 
101 179 107 117 677 118 821 872 877 912 -1 -2 
101 107 297 117 464 118 494 615 828 872 -1 -2 
50 129 207 280 397 506 669 747 818 840 -1 -2 
184 387 511 587 657 666 791 904 953 978 -1 -2 
237 101 324 107 559 117 118 667 870 914 -1 -2 
93 101 107 509 117 636 118 764 935 991 -1 -2 
95 101 107 117 485 118 810 864 918 960 -1 -2 
55 101 107 469 117 556 118 883 967 997 -1 -2 
101 107 107 118 117 712 118 740 805 949 -1 -2 
52 250 251 301 339 413 534 547 663 949 -1 -2 
101 216 107 257 117 499 118 754 913 940 -1 -2 
1 101 281 107 117 525 118 618 690 972 -1 -2 
145 101 435 107 451 117 118 606 726 933 -1 -2 
18 101 120 107 117 118 128 924 933 980 -1 -2 
101 107 117 321 118 478 710 727 905 996 -1 -2 
101 107 136 117 329 118 593 623 638 686 -1 -2 
185 101 395 107 117 118 576 656 715 833 -1 -2 
179 119 127 313 360 710 870 908 977 1000 -1 -2 
80 254 391 479 523 595 718 721 777 965 -1 -2 
101 107 117 118 545 621 626 697 811 883 -1 -2 
19 18 295 28 424 120 122 125 126 128 -1 -2 
59 119 127 141 161 363 419 649 791 942 -1 -2 
40 79 143 279 461 502 682 747 896 988 -1 -2 
39 215 232 240 329 437 454 571 592 643 -1 -2 
33 78 171 533 618 628 804 889 910 995 -1 -2 
13 119 137 199 311 343 400 491 919 987 -1 -2 
18 28 120 401 122 125 126 128 899 951 -1 -2 
265 333 379 486 598 603 680 785 799 816 -1 -2 
119 127 233 323 528 619 713 782 884 931 -1 -2 
18 119 127 122 125 126 128 685 869 934 -1 -2 
29 73 291 92 544 98 114 743 891 914 -1 -2 
90 136 259 280 289 439 514 781 844 967 -1 -2 
196 315 346 455 544 614 698 707 930 959 -1 -2 
109 159 252 280 296 303 524 557 722 848 -1 -2 
61 63 76 190 207 361 411 739 756 1000 -1 -2 
17 67 100 120 133 166 544 699 938 974 -1 -2 
119 127 250 304 333 735 743 819 937 974 -1 -2 
119 127 234 324 522 623 650 852 866 940 -1 -2 
19 18 28 120 122 125 564 126 648 128 -1 -2 
19 119 176 127 328 405 420 469 588 857 -1 -2 
33 55 62 211 308 381 658 929 940 980 -1 -2 
72 18 28 120 572 122 738 125 126 128 -1 -2 
229 18 447 28 120 122 125 126 706 128 -1 -2 
5 97 256 266 296 382 726 733 836 971 -1 -2 
119 127 118 119 423 462 471 671 727 940 -1 -2 
29 202 73 92 472 98 676 114 912 995 -1 -2 
15 29 245 73 92 98 114 671 749 841 -1 -2 
57 116 174 593 718 736 751 878 936 1000 -1 -2 
83 109 171 327 353 568 598 874 896 977 -1 -2 
1 94 165 307 445 618 679 807 938 953 -1 -2 
53 186 400 458 625 705 787 824 841 905 -1 -2 
184 286 287 395 435 552 585 646 773 810 -1 -2 
47 96 153 454 691 892 921 932 953 977 -1 -2 
247 304 588 637 649 795 889 912 934 998 -1 -2 
226 260 329 377 420 754 785 830 837 996 -1 -2 
17 42 61 78 89 259 338 381 622 845 -1 -2 
204 237 268 273 298 571 603 737 766 926 -1 -2 
119 280 127 370 498 609 825 860 935 940 -1 -2 
30 174 589 630 675 699 715 840 851 921 -1 -2 
251 119 311 127 330 349 688 760 773 983 -1 -2 
119 393 127 571 596 619 634 655 821 912 -1 -2 
105 18 388 28 120 515 122 125 126 128 -1 -2 
60 78 100 545 685 730 736 761 851 893 -1 -2 
351 433 563 579 698 734 779 815 836 943 -1 -2 
55 119 127 711 724 761 796 871 959 965 -1 -2 
24 79 203 267 384 537 551 568 735 999 -1 -2 
62 92 195 550 579 581 744 773 794 915 -1 -2 
18 119 120 127 125 126 128 703 867 910 -1 -2 
39 18 235 28 348 120 122 125 126 128 -1 -2 
119 228 127 325 362 497 517 769 782 906 -1 -2 
9 22 104 203 243 327 368 696 786 839 -1 -2 
18 28 128 120 122 329 125 672 126 128 -1 -2 
29 119 92 127 114 580 668 807 889 982 -1 -2 
148 119 272 127 423 508 679 907 910 921 -1 -2 
18 105 28 120 704 122 858 125 126 128 -1 -2 
119 101 127 416 494 577 648 666 748 884 -1 -2 
70 119 201 127 219 299 489 507 647 669 -1 -2 
42 189 275 325 364 603 675 764 806 975 -1 -2 
86 119 127 416 419 573 678 770 853 949 -1 -2 
58 164 319 328 467 608 750 754 845 861 -1 -2 
187 18 335 28 617 120 122 125 126 128 -1 -2 
11 18 138 28 237 120 122 125 126 128 -1 -2 
29 119 92 127 114 375 668 809 850 882 -1 -2 
33 243 406 509 522 768 845 855 872 945 -1 -2 
28 18 28 232 120 527 122 125 126 128 -1 -2 
232 312 355 535 553 675 687 796 865 895 -1 -2 
18 28 257 120 122 125 424 126 128 932 -1 -2 
29 119 162 127 336 382 583 888 984 992 -1 -2 
14 136 82 91 116 687 726 750 766 910 -1 -2 
3 26 82 368 431 478 494 553 616 846 -1 -2 
7 123 140 230 506 513 533 700 820 884 -1 -2 
92 135 159 364 491 526 563 755 895 966 -1 -2 
134 143 295 314 459 630 637 660 703 797 -1 -2 
119 127 221 260 384 448 501 772 951 998 -1 -2 
35 60 132 140 364 536 572 581 629 731 -1 -2 
8 95 230 270 396 444 543 713 766 996 -1 -2 
18 28 28 120 122 126 125 712 126 128 -1 -2 
119 51 127 219 516 634 690 790 868 885 -1 -2 
138 119 127 378 450 580 659 759 773 902 -1 -2 
10 72 153 203 215 563 658 716 735 806 -1 -2 
134 119 323 127 496 512 519 584 835 957 -1 -2 
17 119 71 127 294 687 692 856 863 927 -1 -2 
25 119 119 127 326 482 556 743 889 992 -1 -2 
257 119 127 645 669 780 818 887 918 936 -1 -2 
97 104 263 271 376 607 640 721 756 870 -1 -2 
119 326 127 470 512 594 699 867 902 977 -1 -2 
181 262 446 520 558 567 641 679 770 937 -1 -2 
29 73 221 92 98 114 586 672 783 907 -1 -2 
419 515 642 866 900 901 930 966 990 995 -1 -2 
79 406 598 718 789 815 864 955 970 1000 -1 -2 
25 132 237 329 422 497 558 670 702 975 -1 -2 
65 232 246 302 332 422 825 852 867 983 -1 -2 
20 133 177 301 311 695 746 850 932 941 -1 -2 
78 119 127 251 300 356 406 616 670 735 -1 -2 
18 18 120 28 120 122 128 125 126 128 -1 -2 
34 58 208 367 377 432 519 769 788 814 -1 -2 
156 338 386 531 536 673 703 717 746 781 -1 -2 
119 127 75 223 293 408 694 757 968 977 -1 -2 
18 90 28 398 120 538 122 125 126 128 -1 -2 
86 91 345 365 409 540 595 696 829 994 -1 -2 
15 213 282 353 494 538 703 731 774 962 -1 -2 
119 48 127 199 203 372 436 717 850 960 -1 -2 
21 66 95 201 547 572 602 665 888 894 -1 -2 
57 166 195 398 484 518 598 625 724 997 -1 -2 
102 138 144 270 341 511 594 625 716 738 -1 -2 
18 119 127 122 125 126 128 559 600 851 -1 -2 
48 29 143 73 92 98 114 407 486 982 -1 -2 
65 193 212 366 473 571 604 626 731 860 -1 -2 
18 172 28 338 120 122 470 125 126 128 -1 -2 
152 158 222 305 376 446 554 599 666 903 -1 -2 
119 127 310 430 581 610 620 726 826 873 -1 -2 
34 86 217 272 340 443 547 666 736 974 -1 -2 
37 285 296 474 476 570 599 686 792 916 -1 -2 
29 174 73 408 92 98 114 830 838 999 -1 -2 
203 18 428 28 120 122 125 126 809 128 -1 -2 
198 204 325 449 557 625 732 822 842 907 -1 -2 
29 213 73 92 302 98 114 527 717 825 -1 -2 
103 116 312 375 648 715 737 820 966 976 -1 -2 
94 200 219 255 304 650 703 727 883 892 -1 -2 
119 28 127 122 125 126 128 827 929 930 -1 -2 
119 201 127 323 488 603 696 780 913 962 -1 -2 
46 58 70 147 220 227 629 643 718 958 -1 -2 
10 18 28 120 397 122 125 126 128 926 -1 -2 
119 127 336 399 564 676 692 703 783 833 -1 -2 
119 119 127 364 588 594 667 822 874 914 -1 -2 
18 28 120 214 122 125 626 126 745 128 -1 -2 
17 71 110 233 394 463 505 637 708 971 -1 -2 
18 71 28 242 120 667 122 125 126 128 -1 -2 
18 119 127 122 125 126 128 716 730 733 -1 -2 
230 274 374 469 602 613 694 722 794 890 -1 -2 
29 28 73 122 92 126 98 114 848 880 -1 -2 
1 193 298 343 395 408 538 753 770 872 -1 -2 
119 28 127 122 125 126 128 712 755 860 -1 -2 
279 366 477 521 594 736 760 791 820 997 -1 -2 
89 18 126 28 346 120 122 125 126 128 -1 -2 
157 159 199 255 337 772 880 881 958 962 -1 -2 
127 29 73 92 236 98 114 558 705 908 -1 -2 
149 119 127 333 412 676 726 750 926 936 -1 -2 
119 183 127 288 392 621 737 750 781 862 -1 -2 
24 43 227 265 451 713 867 877 949 955 -1 -2 
53 119 432 127 527 601 635 721 847 868 -1 -2 
73 122 311 530 584 731 759 862 945 982 -1 -2 
29 272 73 92 98 615 114 655 753 917 -1 -2 
239 18 473 28 733 120 122 125 126 128 -1 -2 
18 151 256 397 447 505 547 557 580 670 -1 -2 
91 18 28 283 120 122 125 126 543 128 -1 -2 
119 28 127 122 125 126 128 531 611 768 -1 -2 
119 68 127 215 237 438 450 559 732 961 -1 -2 
119 127 448 472 519 530 623 802 854 890 -1 -2 
18 28 120 415 122 125 126 128 978 990 -1 -2 
66 139 261 427 507 731 896 898 934 998 -1 -2 
119 338 127 404 444 448 526 643 648 980 -1 -2 
84 131 206 287 460 584 739 795 885 911 -1 -2 
35 18 58 28 431 120 122 125 126 128 -1 -2 
40 74 76 267 278 441 664 679 733 881 -1 -2 
135 206 216 367 468 699 715 851 949 966 -1 -2 
4 481 484 615 638 662 689 723 871 978 -1 -2 
4 119 127 360 373 398 526 735 863 891 -1 -2 
18 28 120 377 122 125 557 126 757 128 -1 -2 
56 29 73 412 92 98 114 755 758 837 -1 -2 
430 29 73 674 92 693 98 114 863 876 -1 -2 
119 188 127 390 681 799 938 941 945 977 -1 -2 
62 14 155 82 259 91 116 817 923 950 -1 -2 
18 55 28 172 120 313 122 125 126 128 -1 -2 
98 18 28 341 120 398 122 125 126 128 -1 -2 
304 415 590 687 716 738 806 911 979 996 -1 -2 
10 29 73 191 92 98 114 662 891 960 -1 -2 
18 119 120 127 125 126 128 694 729 940 -1 -2 
60 237 268 427 584 595 602 619 711 744 -1 -2 
18 293 296 523 537 681 709 824 856 961 -1 -2 
2 24 117 184 262 313 372 470 588 805 -1 -2 
41 18 228 28 120 528 122 125 126 128 -1 -2 
18 119 127 122 125 126 128 930 960 1000 -1 -2 
18 28 120 122 489 125 126 754 128 951 -1 -2 
22 173 226 234 366 440 505 760 778 998 -1 -2 
119 18 28 228 120 581 122 125 126 128 -1 -2 
112 146 330 427 495 542 729 815 820 841 -1 -2 
29 29 92 73 114 92 98 114 987 997 -1 -2 
18 28 120 120 125 122 125 472 126 128 -1 -2 
15 29 73 92 324 98 584 114 712 904 -1 -2 
29 73 120 92 98 114 128 652 778 873 -1 -2 
119 127 134 142 299 628 757 836 898 988 -1 -2 
173 119 127 326 467 471 601 602 842 867 -1 -2 
198 251 385 525 572 595 630 663 693 861 -1 -2 
91 156 204 320 350 497 560 677 727 770 -1 -2 
13 41 68 150 305 310 577 627 891 903 -1 -2 
47 113 332 334 357 526 561 599 866 902 -1 -2 
37 119 85 127 328 352 611 616 627 780 -1 -2 
94 198 348 394 450 569 625 654 700 884 -1 -2 
79 140 219 283 724 726 755 760 771 868 -1 -2 
75 119 127 355 485 556 562 635 725 779 -1 -2 
21 119 127 156 451 454 547 568 648 887 -1 -2 
69 119 127 646 665 789 912 914 935 936 -1 -2 
21 143 167 331 405 464 621 674 692 866 -1 -2 
4 55 60 210 368 526 632 645 820 860 -1 -2 
119 65 127 267 342 394 395 728 740 921 -1 -2 
20 316 354 408 421 466 484 510 870 963 -1 -2 
209 223 270 340 387 833 849 891 900 906 -1 -2 
18 28 28 122 120 126 122 125 126 128 -1 -2 
18 28 365 120 525 122 607 125 126 128 -1 -2 
119 127 212 279 560 693 793 823 888 971 -1 -2 
18 91 114 339 356 389 521 594 912 941 -1 -2 
39 18 28 226 120 122 125 126 128 993 -1 -2 
35 85 121 312 393 804 842 868 922 998 -1 -2 
119 139 127 264 353 437 438 483 718 907 -1 -2 
190 119 420 127 490 511 553 726 810 901 -1 -2 
18 28 120 122 451 125 126 128 845 893 -1 -2 
29 398 73 92 686 98 114 840 921 936 -1 -2 
27 163 185 219 221 321 400 489 870 975 -1 -2 
186 119 664 127 737 790 811 865 866 950 -1 -2 
205 330 357 420 434 449 475 571 748 992 -1 -2 
62 86 281 378 398 584 697 776 833 884 -1 -2 
171 176 312 335 342 528 549 621 655 938 -1 -2 
72 119 407 127 571 612 649 742 796 891 -1 -2 
18 73 28 98 120 122 125 126 128 929 -1 -2 
28 126 193 257 318 523 755 806 885 967 -1 -2 
18 119 127 122 125 126 128 616 722 806 -1 -2 
10 69 309 484 510 578 584 632 870 952 -1 -2 
121 18 255 28 120 647 122 125 126 128 -1 -2 
15 119 260 127 483 503 520 764 883 957 -1 -2 
11 13 169 209 221 640 747 856 958 985 -1 -2 
75 121 343 405 606 662 835 943 949 966 -1 -2 
29 73 92 98 114 126 128 550 709 882 -1 -2 
40 18 456 28 521 120 122 125 126 128 -1 -2 
47 59 172 231 289 309 359 504 806 844 -1 -2 
10 119 85 127 501 656 664 833 898 951 -1 -2 
116 142 308 330 477 479 647 668 670 859 -1 -2 
30 88 200 261 340 461 556 587 663 706 -1 -2 
100 243 258 443 547 706 748 768 782 893 -1 -2 
85 131 387 454 570 695 702 704 841 883 -1 -2 
179 367 471 672 674 679 700 731 935 981 -1 -2 
29 29 73 98 92 98 114 701 860 926 -1 -2 
54 62 331 361 376 444 601 665 752 936 -1 -2 
119 132 127 516 581 614 658 750 753 900 -1 -2 
197 218 448 508 517 608 694 727 746 988 -1 -2 
20 18 28 398 120 595 122 125 126 128 -1 -2 
93 145 185 187 215 454 541 825 868 932 -1 -2 
56 127 231 255 285 329 339 526 547 549 -1 -2 
18 28 120 122 390 125 651 126 128 822 -1 -2 
23 14 156 82 91 278 116 769 852 853 -1 -2 
38 18 28 267 120 122 391 125 126 128 -1 -2 
29 127 73 122 92 98 128 114 874 922 -1 -2 
119 191 127 323 396 627 661 777 885 928 -1 -2 
122 316 410 449 471 482 621 636 866 991 -1 -2 
94 168 395 429 713 733 808 822 847 848 -1 -2 
29 400 573 619 650 705 776 849 927 942 -1 -2 
36 63 259 345 504 568 670 736 807 969 -1 -2 
52 75 97 180 238 495 572 587 708 747 -1 -2 
49 119 208 127 490 657 732 809 819 852 -1 -2 
67 227 253 533 682 709 720 816 888 904 -1 -2 
