45 68 68 120 126 447 128 705 771 898 -1 -2 
227 45 367 68 448 120 126 128 850 941 -1 -2 
45 74 119 126 124 219 125 237 725 820 -1 -2 
45 68 120 126 128 128 939 944 949 981 -1 -2 
45 68 120 126 126 744 128 773 904 906 -1 -2 
45 68 120 126 311 128 531 702 783 833 -1 -2 
45 126 68 120 126 128 538 581 650 831 -1 -2 
74 68 119 126 124 125 695 736 795 920 -1 -2 
74 45 68 120 126 638 128 836 910 954 -1 -2 
45 68 120 126 128 128 675 790 808 885 -1 -2 
74 119 119 124 504 125 686 787 805 977 -1 -2 
15 204 209 273 338 446 816 827 961 971 -1 -2 
45 68 68 126 120 448 126 128 981 993 -1 -2 
45 45 68 126 120 597 126 128 859 922 -1 -2 
45 45 68 126 120 280 126 128 965 988 -1 -2 
45 68 120 120 126 128 515 553 700 984 -1 -2 
45 74 119 126 124 125 388 576 579 975 -1 -2 
45 68 120 126 128 584 735 736 764 798 -1 -2 
45 534 68 591 120 733 126 128 889 928 -1 -2 
74 45 68 120 126 128 368 406 787 910 -1 -2 
45 119 68 120 126 128 431 449 657 826 -1 -2 
45 68 120 125 126 128 657 712 717 912 -1 -2 
45 68 120 127 126 128 526 562 820 832 -1 -2 
45 45 120 68 128 120 126 128 960 985 -1 -2 
192 74 429 119 124 657 125 792 953 978 -1 -2 
95 45 320 68 412 120 126 128 824 950 -1 -2 
45 74 120 119 128 124 125 718 906 934 -1 -2 
45 388 68 120 126 128 698 771 970 983 -1 -2 
3 45 153 68 253 120 126 128 769 918 -1 -2 
74 119 116 124 655 125 771 814 889 937 -1 -2 
45 45 68 126 120 324 126 128 865 956 -1 -2 
45 68 68 120 126 289 128 651 776 934 -1 -2 
45 173 68 120 548 126 737 128 807 909 -1 -2 
42 74 116 119 539 124 125 600 756 801 -1 -2 
45 68 68 120 128 126 128 912 956 989 -1 -2 
1 45 497 68 120 628 126 128 767 877 -1 -2 
45 68 68 120 126 128 768 829 861 979 -1 -2 
92 159 334 335 404 533 679 781 813 822 -1 -2 
55 45 68 574 120 641 126 128 866 883 -1 -2 
45 45 68 120 126 128 464 722 843 916 -1 -2 
96 104 341 400 436 446 556 603 785 835 -1 -2 
45 68 120 126 723 128 760 826 914 971 -1 -2 
45 45 120 68 120 587 126 128 716 930 -1 -2 
24 45 68 509 120 828 126 128 865 893 -1 -2 
42 46 142 116 776 127 877 888 902 999 -1 -2 
115 45 68 120 126 447 128 825 874 876 -1 -2 
42 45 68 127 120 126 128 689 866 950 -1 -2 
115 45 68 126 120 361 126 128 622 764 -1 -2 
2 269 280 314 407 573 697 715 889 929 -1 -2 
74 45 124 68 120 426 126 128 670 996 -1 -2 
45 68 68 120 126 450 128 618 654 862 -1 -2 
45 188 68 264 120 549 126 128 782 948 -1 -2 
45 45 120 68 128 120 126 128 496 850 -1 -2 
45 45 120 68 120 126 128 804 854 983 -1 -2 
45 68 120 120 128 126 544 128 880 954 -1 -2 
74 45 68 125 120 767 126 128 862 883 -1 -2 
45 93 68 136 120 126 128 767 858 871 -1 -2 
45 68 124 120 576 126 128 834 873 933 -1 -2 
74 45 124 68 755 120 126 128 858 968 -1 -2 
45 74 120 119 128 124 125 627 656 805 -1 -2 
45 68 120 464 126 532 128 663 807 936 -1 -2 
45 68 290 120 587 126 128 746 747 967 -1 -2 
74 92 119 124 125 616 649 823 835 904 -1 -2 
45 45 68 120 128 126 128 632 817 889 -1 -2 
45 42 46 126 116 383 127 665 776 897 -1 -2 
45 74 120 119 124 439 125 790 877 977 -1 -2 
45 67 68 251 120 470 126 128 904 985 -1 -2 
74 42 46 125 116 347 127 583 701 798 -1 -2 
45 68 120 127 126 128 592 849 967 980 -1 -2 
74 117 119 124 398 125 646 851 894 958 -1 -2 
45 45 120 68 128 120 126 128 946 993 -1 -2 
42 279 46 445 116 127 786 813 899 1000 -1 -2 
45 74 120 119 124 125 767 848 934 966 -1 -2 
45 45 68 120 126 553 128 580 823 992 -1 -2 
6 74 119 124 515 125 766 971 984 986 -1 -2 
74 119 124 125 128 559 641 699 848 965 -1 -2 
77 45 456 68 670 120 126 128 965 973 -1 -2 
45 45 68 120 126 487 128 776 811 947 -1 -2 
45 74 119 126 124 654 125 854 942 977 -1 -2 
42 46 541 116 814 127 874 928 938 1000 -1 -2 
45 74 119 126 124 274 125 353 665 893 -1 -2 
74 45 68 120 126 681 128 866 921 966 -1 -2 
45 68 120 120 126 128 633 681 847 955 -1 -2 
45 68 120 126 128 369 442 462 591 701 -1 -2 
66 131 276 285 395 828 877 909 964 977 -1 -2 
45 68 120 126 128 617 628 636 830 914 -1 -2 
45 68 120 127 126 291 128 414 570 835 -1 -2 
155 45 239 68 403 120 126 128 867 954 -1 -2 
81 45 68 491 120 126 128 644 731 944 -1 -2 
45 45 68 120 128 126 696 128 902 909 -1 -2 
108 74 340 119 124 125 777 821 900 977 -1 -2 
74 119 124 124 685 125 732 923 947 996 -1 -2 
45 45 120 68 128 120 126 128 855 909 -1 -2 
35 45 68 474 120 838 126 128 960 993 -1 -2 
45 68 68 120 126 199 128 400 579 975 -1 -2 
74 119 124 366 125 572 610 650 727 864 -1 -2 
45 45 120 68 128 120 126 128 639 998 -1 -2 
35 74 83 119 217 124 125 636 692 932 -1 -2 
45 112 68 277 120 460 126 128 864 897 -1 -2 
74 42 46 116 127 516 574 584 832 899 -1 -2 
45 68 313 120 126 423 128 639 761 993 -1 -2 
212 74 119 124 542 125 731 745 846 954 -1 -2 
45 57 68 120 494 126 574 128 872 988 -1 -2 
65 83 134 449 462 531 705 784 896 958 -1 -2 
45 45 68 120 128 126 128 569 579 1000 -1 -2 
20 131 258 419 501 550 557 677 687 835 -1 -2 
45 188 68 120 126 451 128 534 570 989 -1 -2 
42 45 68 120 714 126 128 797 849 991 -1 -2 
45 119 68 120 256 126 371 128 721 845 -1 -2 
45 46 68 127 120 126 128 845 862 900 -1 -2 
45 68 120 120 126 616 128 846 927 943 -1 -2 
45 68 120 126 128 349 353 682 799 989 -1 -2 
78 159 280 335 557 641 658 836 935 951 -1 -2 
45 68 116 120 273 126 128 771 861 942 -1 -2 
44 45 245 68 302 120 126 128 860 930 -1 -2 
42 123 46 412 116 127 534 591 645 963 -1 -2 
45 132 68 200 120 371 126 128 915 926 -1 -2 
45 45 120 68 128 120 126 128 775 938 -1 -2 
45 68 124 120 427 126 128 806 903 952 -1 -2 
89 74 119 124 125 730 823 901 918 945 -1 -2 
193 45 247 68 635 120 126 128 750 924 -1 -2 
45 46 68 127 120 126 405 128 621 741 -1 -2 
53 45 133 68 221 120 126 128 714 830 -1 -2 
45 45 120 68 120 657 126 128 957 986 -1 -2 
45 45 120 68 120 449 126 128 770 875 -1 -2 
129 413 460 462 634 791 804 855 954 986 -1 -2 
42 74 116 119 596 124 125 889 892 925 -1 -2 
130 162 220 394 470 584 640 659 681 925 -1 -2 
45 68 120 358 126 128 809 822 836 927 -1 -2 
45 46 68 120 126 645 128 745 855 978 -1 -2 
45 46 68 127 120 705 126 128 886 923 -1 -2 
115 123 283 390 422 533 626 674 716 814 -1 -2 
45 68 120 120 126 616 128 737 800 915 -1 -2 
45 45 120 68 120 688 126 128 857 878 -1 -2 
45 68 120 126 128 604 622 889 890 934 -1 -2 
74 119 119 124 587 125 777 852 893 958 -1 -2 
210 42 386 46 116 127 709 740 742 985 -1 -2 
45 68 272 120 126 480 128 846 916 984 -1 -2 
45 68 120 126 126 128 677 825 932 966 -1 -2 
45 68 120 126 126 759 128 790 860 984 -1 -2 
45 45 68 120 128 126 739 128 865 919 -1 -2 
45 68 120 120 126 780 128 828 891 932 -1 -2 
74 68 119 124 125 235 431 493 611 830 -1 -2 
45 68 120 126 128 128 661 670 706 859 -1 -2 
42 123 46 116 340 127 485 673 860 869 -1 -2 
45 45 120 68 128 120 126 128 773 983 -1 -2 
23 74 122 119 298 124 125 842 946 960 -1 -2 
45 74 119 126 124 125 487 533 892 916 -1 -2 
74 119 124 125 128 398 759 891 907 970 -1 -2 
45 46 68 120 412 126 818 128 946 980 -1 -2 
215 45 68 120 126 701 128 808 903 920 -1 -2 
74 45 68 125 120 513 126 128 838 852 -1 -2 
42 45 116 68 741 120 126 128 876 952 -1 -2 
106 74 401 119 523 124 125 685 708 985 -1 -2 
74 74 124 119 651 124 125 877 913 978 -1 -2 
45 74 120 119 128 124 125 792 877 942 -1 -2 
74 45 124 68 345 120 126 128 974 980 -1 -2 
74 74 119 124 125 442 692 850 853 879 -1 -2 
42 45 116 68 120 126 128 704 757 986 -1 -2 
45 68 68 126 120 647 126 128 907 990 -1 -2 
45 74 120 119 124 125 666 672 825 982 -1 -2 
74 68 119 126 124 125 715 747 818 968 -1 -2 
74 45 124 68 120 463 126 128 699 880 -1 -2 
45 68 143 120 218 126 128 491 835 983 -1 -2 
45 9 68 120 300 126 128 519 606 645 -1 -2 
45 68 120 127 126 739 128 871 886 999 -1 -2 
134 287 407 438 470 612 675 680 818 849 -1 -2 
45 68 120 120 128 126 838 128 977 1000 -1 -2 
45 68 120 120 128 126 128 630 753 977 -1 -2 
74 119 120 124 125 638 879 912 946 954 -1 -2 
45 46 68 120 126 128 755 810 954 969 -1 -2 
74 45 68 125 120 126 128 772 810 922 -1 -2 
45 45 68 126 120 126 308 128 644 871 -1 -2 
45 68 68 126 120 126 128 333 392 567 -1 -2 
45 45 68 120 128 126 128 673 811 920 -1 -2 
45 45 120 68 120 446 126 128 633 807 -1 -2 
42 74 116 119 124 125 344 645 742 886 -1 -2 
45 74 119 124 125 283 725 735 795 963 -1 -2 
45 119 68 120 126 780 128 911 934 973 -1 -2 
238 282 319 322 376 505 608 874 880 911 -1 -2 
45 68 120 126 321 128 470 851 875 947 -1 -2 
45 68 68 126 120 126 128 607 645 853 -1 -2 
74 119 124 125 403 504 535 871 911 919 -1 -2 
45 74 120 119 128 124 125 566 710 747 -1 -2 
74 74 124 119 530 124 125 717 856 863 -1 -2 
42 45 68 120 126 128 293 316 402 468 -1 -2 
45 68 120 126 128 625 652 693 918 972 -1 -2 
45 68 120 126 128 128 789 810 845 879 -1 -2 
45 45 120 68 120 126 427 128 758 866 -1 -2 
18 45 68 120 126 128 424 808 875 908 -1 -2 
45 68 68 120 126 514 128 695 751 963 -1 -2 
42 45 116 68 481 120 126 128 890 931 -1 -2 
45 45 120 68 120 443 126 128 925 943 -1 -2 
45 68 314 120 572 126 650 128 868 988 -1 -2 
45 68 68 120 126 331 128 656 951 996 -1 -2 
131 156 190 360 367 557 652 658 673 805 -1 -2 
45 45 68 126 120 720 126 128 967 988 -1 -2 
74 74 119 125 124 578 125 801 816 896 -1 -2 
74 119 116 124 125 809 892 919 923 928 -1 -2 
45 119 68 125 120 737 126 128 887 978 -1 -2 
45 68 120 335 126 128 451 774 926 991 -1 -2 
74 261 119 394 124 125 719 726 733 907 -1 -2 
45 119 68 125 120 126 688 128 752 936 -1 -2 
74 92 119 183 124 452 125 654 661 685 -1 -2 
45 45 120 68 120 126 338 128 969 998 -1 -2 
45 45 68 126 120 126 128 766 931 940 -1 -2 
74 68 119 124 128 125 659 765 928 955 -1 -2 
45 45 120 68 128 120 126 128 877 937 -1 -2 
74 428 119 124 676 125 818 828 858 895 -1 -2 
120 196 358 368 434 501 687 710 891 989 -1 -2 
45 74 119 126 124 125 661 745 756 861 -1 -2 
207 45 68 120 126 128 738 871 914 928 -1 -2 
45 68 376 120 126 128 714 762 807 920 -1 -2 
45 45 120 68 128 120 126 128 856 930 -1 -2 
45 68 68 120 126 128 642 729 942 948 -1 -2 
45 45 68 126 120 456 126 128 763 979 -1 -2 
45 68 68 126 120 126 641 128 712 772 -1 -2 
45 68 120 126 128 668 720 795 879 949 -1 -2 
282 400 576 629 674 736 745 772 893 918 -1 -2 
42 68 46 116 128 127 427 488 613 712 -1 -2 
115 119 123 125 572 675 683 720 881 900 -1 -2 
74 46 119 124 125 507 668 798 835 996 -1 -2 
45 46 68 120 126 596 128 808 831 886 -1 -2 
45 119 68 125 120 525 126 128 863 910 -1 -2 
45 45 68 120 128 126 473 128 683 760 -1 -2 
131 45 68 253 120 615 126 128 873 875 -1 -2 
74 218 119 378 124 125 689 690 719 975 -1 -2 
19 45 68 120 652 126 128 852 898 963 -1 -2 
74 45 68 125 120 126 616 128 906 981 -1 -2 
45 119 68 120 126 302 128 417 651 708 -1 -2 
45 45 120 68 120 126 128 872 877 912 -1 -2 
74 91 119 386 124 125 494 615 828 872 -1 -2 
45 68 120 126 128 128 669 747 818 840 -1 -2 
74 46 119 124 125 666 791 904 953 978 -1 -2 
45 42 46 116 128 127 621 667 870 914 -1 -2 
74 45 124 68 582 120 126 128 935 991 -1 -2 
45 68 124 120 485 126 810 128 918 960 -1 -2 
45 229 68 120 126 128 833 883 967 997 -1 -2 
74 459 119 655 124 125 722 740 805 949 -1 -2 
52 45 251 68 120 126 534 128 663 949 -1 -2 
26 216 232 257 411 499 679 754 913 940 -1 -2 
45 45 68 120 128 126 128 618 690 972 -1 -2 
45 68 68 126 120 126 128 606 726 933 -1 -2 
158 199 517 520 630 747 897 924 933 980 -1 -2 
42 45 68 127 120 126 128 727 905 996 -1 -2 
45 45 120 68 128 120 126 128 638 686 -1 -2 
185 45 395 68 497 120 126 128 715 833 -1 -2 
45 74 120 119 124 710 125 908 977 1000 -1 -2 
45 254 68 479 120 126 128 721 777 965 -1 -2 
74 46 119 127 124 125 626 697 811 883 -1 -2 
19 159 295 372 424 498 628 817 919 925 -1 -2 
42 45 68 127 120 363 126 128 791 942 -1 -2 
40 79 143 279 461 502 682 747 896 988 -1 -2 
45 45 68 120 128 126 128 571 592 643 -1 -2 
45 68 171 120 126 128 804 889 910 995 -1 -2 
13 45 137 68 120 126 128 491 919 987 -1 -2 
171 45 396 68 120 126 128 871 899 951 -1 -2 
74 333 119 124 125 603 680 785 799 816 -1 -2 
45 45 68 120 128 126 128 782 884 931 -1 -2 
51 174 225 271 382 401 452 685 869 934 -1 -2 
103 74 291 119 124 580 125 743 891 914 -1 -2 
90 136 259 280 289 439 514 781 844 967 -1 -2 
74 119 120 124 125 614 698 707 930 959 -1 -2 
74 45 124 68 120 126 524 128 722 848 -1 -2 
45 45 120 68 128 120 126 128 756 1000 -1 -2 
45 119 68 125 120 166 126 128 938 974 -1 -2 
162 45 250 68 333 120 126 128 937 974 -1 -2 
42 74 119 127 124 125 650 852 866 940 -1 -2 
19 45 47 68 401 120 126 128 648 762 -1 -2 
74 119 124 125 328 405 420 469 588 857 -1 -2 
45 68 120 126 128 381 658 929 940 980 -1 -2 
45 68 68 126 120 645 126 128 921 958 -1 -2 
74 119 124 125 128 480 535 607 706 838 -1 -2 
5 74 119 266 124 125 726 733 836 971 -1 -2 
74 119 124 119 125 462 471 671 727 940 -1 -2 
167 45 68 120 472 126 676 128 912 995 -1 -2 
45 68 120 120 128 126 626 128 749 841 -1 -2 
45 68 68 126 120 126 751 128 936 1000 -1 -2 
45 109 68 120 126 568 128 874 896 977 -1 -2 
74 94 119 307 124 618 125 807 938 953 -1 -2 
42 46 124 116 625 127 787 824 841 905 -1 -2 
184 74 119 395 124 552 125 646 773 810 -1 -2 
45 96 68 454 120 126 921 128 953 977 -1 -2 
247 42 588 46 649 116 127 912 934 998 -1 -2 
45 68 120 125 126 754 128 830 837 996 -1 -2 
45 68 120 120 126 128 338 381 622 845 -1 -2 
45 237 68 120 298 126 603 128 766 926 -1 -2 
74 45 68 125 120 609 126 128 935 940 -1 -2 
74 68 119 126 124 125 715 840 851 921 -1 -2 
45 45 120 68 128 120 126 128 773 983 -1 -2 
45 68 68 120 128 126 634 128 821 912 -1 -2 
74 119 119 124 125 515 571 625 661 979 -1 -2 
45 74 119 126 124 125 736 761 851 893 -1 -2 
45 74 120 119 124 734 125 815 836 943 -1 -2 
45 68 120 126 128 761 796 871 959 965 -1 -2 
45 68 120 125 126 537 128 568 735 999 -1 -2 
45 68 120 126 128 581 744 773 794 915 -1 -2 
45 68 120 126 128 622 679 703 867 910 -1 -2 
74 74 119 124 125 398 478 734 791 857 -1 -2 
45 68 120 127 126 497 128 769 782 906 -1 -2 
45 68 120 203 126 327 128 696 786 839 -1 -2 
45 68 68 120 126 329 128 672 744 926 -1 -2 
42 65 46 116 542 127 668 807 889 982 -1 -2 
45 199 68 120 126 128 679 907 910 921 -1 -2 
74 74 124 119 704 124 125 906 937 967 -1 -2 
42 119 46 116 494 127 648 666 748 884 -1 -2 
74 42 124 46 219 116 127 507 647 669 -1 -2 
42 115 123 325 364 603 675 764 806 975 -1 -2 
45 68 332 120 126 573 128 770 853 949 -1 -2 
45 68 116 120 126 128 750 754 845 861 -1 -2 
187 249 335 556 617 666 784 812 908 960 -1 -2 
45 46 68 120 237 126 712 128 887 900 -1 -2 
74 68 119 124 125 375 668 809 850 882 -1 -2 
45 68 120 125 126 128 845 855 872 945 -1 -2 
45 68 68 120 126 128 588 793 866 934 -1 -2 
74 119 124 125 553 675 687 796 865 895 -1 -2 
55 69 257 328 373 384 424 691 902 932 -1 -2 
29 42 162 46 336 116 127 888 984 992 -1 -2 
45 68 68 126 120 687 126 128 766 910 -1 -2 
45 26 68 368 120 126 128 553 616 846 -1 -2 
45 45 120 68 128 120 126 128 820 884 -1 -2 
45 68 120 126 126 128 563 755 895 966 -1 -2 
74 119 295 124 125 630 637 660 703 797 -1 -2 
74 107 119 124 125 448 501 772 951 998 -1 -2 
35 74 119 124 364 125 572 581 629 731 -1 -2 
45 68 120 126 396 128 543 713 766 996 -1 -2 
45 68 120 126 128 128 706 712 895 993 -1 -2 
45 42 120 46 116 127 690 790 868 885 -1 -2 
115 74 364 119 450 124 125 759 773 902 -1 -2 
45 45 68 126 120 563 126 128 735 806 -1 -2 
45 68 120 126 126 128 519 584 835 957 -1 -2 
45 45 120 68 128 120 126 128 863 927 -1 -2 
45 119 68 120 126 128 556 743 889 992 -1 -2 
257 45 68 120 126 780 128 887 918 936 -1 -2 
45 45 120 68 120 126 640 128 756 870 -1 -2 
125 45 68 470 120 594 126 128 902 977 -1 -2 
42 46 446 116 127 567 641 679 770 937 -1 -2 
74 45 68 120 255 126 586 128 783 907 -1 -2 
45 68 120 126 128 901 930 966 990 995 -1 -2 
45 68 120 126 128 815 864 955 970 1000 -1 -2 
45 68 120 120 126 128 558 670 702 975 -1 -2 
45 45 68 126 120 422 126 128 867 983 -1 -2 
45 68 68 126 120 695 126 128 932 941 -1 -2 
74 119 124 125 128 356 406 616 670 735 -1 -2 
39 223 460 499 699 746 758 834 907 1000 -1 -2 
45 74 119 124 128 125 519 769 788 814 -1 -2 
115 45 68 531 120 126 128 717 746 781 -1 -2 
5 26 75 223 293 408 694 757 968 977 -1 -2 
24 90 140 398 414 538 578 694 786 887 -1 -2 
45 45 68 120 128 126 128 696 829 994 -1 -2 
45 68 282 120 494 126 703 128 774 962 -1 -2 
74 68 119 124 128 125 436 717 850 960 -1 -2 
45 68 120 120 128 126 602 128 888 894 -1 -2 
74 45 124 68 120 126 598 128 724 997 -1 -2 
45 74 119 124 128 125 594 625 716 738 -1 -2 
45 36 68 120 126 128 457 559 600 851 -1 -2 
45 45 120 68 128 120 126 128 486 982 -1 -2 
45 45 120 68 128 120 126 128 731 860 -1 -2 
45 46 68 120 348 126 470 128 716 852 -1 -2 
45 68 68 126 120 126 554 128 666 903 -1 -2 
45 68 124 120 128 126 620 128 826 873 -1 -2 
45 68 120 126 128 128 547 666 736 974 -1 -2 
37 45 68 120 126 128 599 686 792 916 -1 -2 
42 45 116 68 120 126 734 128 838 999 -1 -2 
203 45 428 68 120 639 126 128 809 866 -1 -2 
45 45 68 126 120 625 126 128 842 907 -1 -2 
74 68 119 126 124 500 125 527 717 825 -1 -2 
74 45 68 125 120 126 128 820 966 976 -1 -2 
74 68 119 126 124 650 125 727 883 892 -1 -2 
45 68 68 120 128 126 637 128 929 930 -1 -2 
45 68 120 126 128 603 696 780 913 962 -1 -2 
45 58 68 120 126 128 629 643 718 958 -1 -2 
45 68 120 126 128 464 662 765 826 926 -1 -2 
45 45 120 68 120 126 128 703 783 833 -1 -2 
74 45 68 120 126 594 128 822 874 914 -1 -2 
74 74 124 119 124 125 626 676 745 783 -1 -2 
45 45 68 120 126 128 505 637 708 971 -1 -2 
74 68 119 126 124 667 125 817 850 853 -1 -2 
45 68 410 120 126 128 701 716 730 733 -1 -2 
74 46 119 127 124 613 125 722 794 890 -1 -2 
45 123 68 120 126 403 128 789 848 880 -1 -2 
74 45 68 125 120 126 128 753 770 872 -1 -2 
306 358 559 574 617 696 710 712 755 860 -1 -2 
45 68 68 120 126 736 128 791 820 997 -1 -2 
45 68 126 120 126 128 447 517 778 856 -1 -2 
45 45 68 120 126 128 880 881 958 962 -1 -2 
74 45 124 68 236 120 126 128 705 908 -1 -2 
45 68 120 126 126 676 128 750 926 936 -1 -2 
45 123 68 120 392 126 737 128 781 862 -1 -2 
45 68 120 120 126 713 128 877 949 955 -1 -2 
42 46 116 127 527 601 635 721 847 868 -1 -2 
73 42 46 116 584 127 759 862 945 982 -1 -2 
42 46 116 127 602 615 624 655 753 917 -1 -2 
74 68 119 124 128 125 808 870 916 951 -1 -2 
45 68 120 126 128 505 547 557 580 670 -1 -2 
45 68 120 126 126 407 128 505 543 837 -1 -2 
74 301 119 350 124 125 495 531 611 768 -1 -2 
52 68 178 215 237 438 450 559 732 961 -1 -2 
45 119 68 125 120 126 128 802 854 890 -1 -2 
45 45 120 68 128 120 126 128 978 990 -1 -2 
66 23 28 427 507 731 896 898 934 998 -1 -2 
35 338 363 404 444 448 526 643 648 980 -1 -2 
74 119 124 125 125 584 739 795 885 911 -1 -2 
74 119 124 424 125 455 524 584 675 919 -1 -2 
115 123 76 267 278 441 664 679 733 881 -1 -2 
74 74 124 119 124 125 715 851 949 966 -1 -2 
4 42 46 116 127 662 689 723 871 978 -1 -2 
74 119 124 360 125 398 526 735 863 891 -1 -2 
74 119 124 125 453 545 557 612 757 953 -1 -2 
56 183 305 412 481 491 659 755 758 837 -1 -2 
430 42 637 46 116 127 703 847 863 876 -1 -2 
113 42 376 46 681 116 127 941 945 977 -1 -2 
62 88 155 210 259 661 796 817 923 950 -1 -2 
42 46 124 116 226 127 536 564 878 893 -1 -2 
42 290 46 341 116 127 478 708 738 903 -1 -2 
42 415 46 116 127 738 806 911 979 996 -1 -2 
10 33 105 191 544 554 593 662 891 960 -1 -2 
115 74 216 119 124 125 673 694 729 940 -1 -2 
74 119 124 125 584 595 602 619 711 744 -1 -2 
74 293 119 523 124 681 125 824 856 961 -1 -2 
2 24 117 184 262 313 372 470 588 805 -1 -2 
41 107 228 416 442 528 584 656 661 760 -1 -2 
74 348 119 124 125 468 735 930 960 1000 -1 -2 
74 119 119 124 489 125 743 754 819 951 -1 -2 
42 46 116 116 127 440 505 760 778 998 -1 -2 
63 74 92 119 236 124 125 703 806 922 -1 -2 
112 146 330 427 495 542 729 815 820 841 -1 -2 
300 74 568 119 124 842 125 967 987 997 -1 -2 
42 46 116 127 225 427 449 472 551 717 -1 -2 
42 46 46 127 116 538 127 673 712 904 -1 -2 
29 135 164 312 573 592 611 652 778 873 -1 -2 
74 119 134 124 299 125 757 836 898 988 -1 -2 
74 42 124 46 467 116 127 602 842 867 -1 -2 
198 251 385 525 572 595 630 663 693 861 -1 -2 
91 156 204 320 350 497 560 677 727 770 -1 -2 
13 41 68 150 305 310 577 627 891 903 -1 -2 
47 113 332 334 357 526 561 599 866 902 -1 -2 
74 74 124 119 124 125 611 616 627 780 -1 -2 
94 198 348 394 450 569 625 654 700 884 -1 -2 
79 140 219 283 724 726 755 760 771 868 -1 -2 
75 74 119 355 124 125 562 635 725 779 -1 -2 
21 114 131 156 451 454 547 568 648 887 -1 -2 
74 74 124 119 124 125 912 914 935 936 -1 -2 
74 143 119 331 124 464 125 674 692 866 -1 -2 
74 46 119 127 124 125 632 645 820 860 -1 -2 
51 65 100 267 342 394 395 728 740 921 -1 -2 
20 316 354 408 421 466 484 510 870 963 -1 -2 
209 223 270 340 387 833 849 891 900 906 -1 -2 
42 46 124 116 290 127 462 817 894 987 -1 -2 
70 159 365 429 525 603 607 684 816 937 -1 -2 
42 42 46 116 560 127 793 823 888 971 -1 -2 
74 42 46 125 116 389 127 594 912 941 -1 -2 
42 46 116 127 254 357 748 849 896 993 -1 -2 
35 85 121 312 393 804 842 868 922 998 -1 -2 
74 119 212 124 125 437 438 483 718 907 -1 -2 
190 315 420 483 490 511 553 726 810 901 -1 -2 
42 46 116 125 127 492 534 610 845 893 -1 -2 
345 398 409 462 686 761 772 840 921 936 -1 -2 
115 163 123 219 221 321 400 489 870 975 -1 -2 
42 343 46 116 127 790 811 865 866 950 -1 -2 
205 330 357 420 434 449 475 571 748 992 -1 -2 
74 74 119 124 125 584 697 776 833 884 -1 -2 
74 119 119 124 125 528 549 621 655 938 -1 -2 
42 42 46 127 116 612 127 742 796 891 -1 -2 
70 202 526 537 685 770 895 901 908 929 -1 -2 
28 126 193 257 318 523 755 806 885 967 -1 -2 
106 233 271 388 478 490 510 616 722 806 -1 -2 
10 74 309 119 510 124 125 632 870 952 -1 -2 
74 119 255 124 125 647 753 761 854 952 -1 -2 
74 46 119 124 125 503 520 764 883 957 -1 -2 
11 74 169 119 124 125 747 856 958 985 -1 -2 
74 121 119 405 124 662 125 943 949 966 -1 -2 
42 46 116 206 127 366 447 550 709 882 -1 -2 
42 350 46 116 521 127 705 777 785 843 -1 -2 
47 74 172 119 289 124 125 504 806 844 -1 -2 
10 74 119 124 501 125 664 833 898 951 -1 -2 
116 142 308 330 477 479 647 668 670 859 -1 -2 
74 88 119 261 124 461 125 587 663 706 -1 -2 
74 243 119 443 124 125 748 768 782 893 -1 -2 
74 131 119 454 124 125 702 704 841 883 -1 -2 
179 74 119 124 125 679 700 731 935 981 -1 -2 
3 74 119 124 125 421 606 701 860 926 -1 -2 
54 62 331 361 376 444 601 665 752 936 -1 -2 
74 74 124 119 124 125 658 750 753 900 -1 -2 
74 119 448 124 517 125 694 727 746 988 -1 -2 
20 115 318 123 522 595 691 717 835 884 -1 -2 
74 119 185 124 125 454 541 825 868 932 -1 -2 
42 32 116 81 285 102 114 526 547 549 -1 -2 
74 115 123 125 390 449 651 669 675 822 -1 -2 
74 119 124 197 125 278 691 769 852 853 -1 -2 
74 119 184 124 125 379 391 626 636 662 -1 -2 
8 74 207 119 570 124 125 797 874 922 -1 -2 
97 191 217 323 396 627 661 777 885 928 -1 -2 
74 316 119 124 125 482 621 636 866 991 -1 -2 
94 168 395 429 713 733 808 822 847 848 -1 -2 
74 400 119 619 124 125 776 849 927 942 -1 -2 
36 74 259 119 504 124 125 736 807 969 -1 -2 
52 74 119 180 124 125 572 587 708 747 -1 -2 
49 152 208 410 490 657 732 809 819 852 -1 -2 
67 74 119 533 124 709 125 816 888 904 -1 -2 
