101 101 117 107 125 117 118 705 771 898 -1 -2 
18 28 117 120 122 126 125 126 128 941 -1 -2 
101 18 117 28 125 120 122 125 126 128 -1 -2 
18 18 120 28 120 122 125 944 126 128 -1 -2 
18 28 120 122 125 125 126 128 904 906 -1 -2 
101 18 117 28 120 122 125 126 783 128 -1 -2 
101 101 117 107 125 117 118 581 650 831 -1 -2 
18 107 28 118 120 126 122 125 126 128 -1 -2 
101 107 117 118 125 126 128 836 910 954 -1 -2 
101 18 117 28 125 120 122 125 126 128 -1 -2 
101 18 28 120 125 122 128 125 126 128 -1 -2 
101 107 117 117 125 118 128 827 961 971 -1 -2 
101 107 117 118 125 126 128 693 981 993 -1 -2 
101 18 117 28 120 122 125 725 126 128 -1 -2 
101 18 117 28 114 120 122 125 126 128 -1 -2 
101 18 28 120 114 122 125 126 128 984 -1 -2 
101 18 117 28 125 120 122 125 126 128 -1 -2 
18 107 28 120 122 126 125 126 764 128 -1 -2 
18 107 28 118 120 126 122 125 126 128 -1 -2 
18 28 28 120 122 126 125 406 126 128 -1 -2 
101 101 117 107 125 117 118 449 657 826 -1 -2 
18 107 28 120 125 122 125 712 126 128 -1 -2 
119 107 127 118 279 518 526 562 820 832 -1 -2 
101 107 107 117 118 126 128 746 960 985 -1 -2 
101 119 117 127 125 126 128 792 953 978 -1 -2 
18 18 120 28 125 120 122 125 126 128 -1 -2 
29 18 92 28 120 126 122 125 126 128 -1 -2 
18 107 28 118 120 122 128 125 126 128 -1 -2 
119 127 117 118 125 126 128 447 769 918 -1 -2 
18 107 28 120 122 126 125 126 889 128 -1 -2 
101 18 28 118 120 126 122 125 126 128 -1 -2 
18 18 28 120 125 122 128 125 126 128 -1 -2 
18 28 117 120 125 122 128 125 126 128 -1 -2 
18 28 120 120 122 126 125 126 128 801 -1 -2 
18 28 120 122 122 125 126 912 128 989 -1 -2 
101 101 117 107 117 126 118 661 767 877 -1 -2 
18 28 117 120 125 122 128 125 126 128 -1 -2 
101 119 127 118 125 126 128 781 813 822 -1 -2 
18 28 28 120 125 122 128 125 126 128 -1 -2 
18 28 120 122 122 125 128 126 843 128 -1 -2 
101 18 28 118 120 126 122 125 126 128 -1 -2 
101 107 117 118 118 126 128 826 914 971 -1 -2 
101 101 107 118 117 118 128 614 716 930 -1 -2 
18 107 28 120 125 122 128 125 126 128 -1 -2 
101 107 117 118 118 126 128 888 902 999 -1 -2 
18 101 107 117 118 126 128 825 874 876 -1 -2 
101 107 107 118 117 126 118 689 866 950 -1 -2 
18 107 28 118 120 126 122 125 126 128 -1 -2 
101 107 117 118 118 126 128 715 889 929 -1 -2 
18 107 28 118 120 126 122 125 126 128 -1 -2 
101 101 117 107 125 117 118 618 654 862 -1 -2 
101 18 28 120 122 126 125 731 126 128 -1 -2 
18 28 120 122 125 125 126 453 128 850 -1 -2 
18 28 28 122 120 126 122 125 126 128 -1 -2 
101 107 107 117 118 126 128 832 880 954 -1 -2 
18 107 28 120 122 126 125 828 126 128 -1 -2 
18 28 28 122 120 122 128 125 126 128 -1 -2 
18 18 120 28 125 120 122 125 126 128 -1 -2 
101 107 117 118 125 126 128 849 858 968 -1 -2 
18 107 28 118 120 126 122 125 126 128 -1 -2 
18 73 28 98 120 122 125 126 128 936 -1 -2 
101 107 107 117 125 118 128 746 747 967 -1 -2 
101 107 117 117 125 118 128 823 835 904 -1 -2 
18 28 117 120 122 125 128 126 128 889 -1 -2 
18 28 120 122 122 126 125 665 126 128 -1 -2 
18 107 28 118 120 122 125 790 126 128 -1 -2 
101 101 107 118 117 118 128 627 904 985 -1 -2 
119 127 117 118 125 126 128 583 701 798 -1 -2 
101 18 28 118 120 126 122 125 126 128 -1 -2 
18 107 28 118 120 122 128 125 126 128 -1 -2 
101 119 117 127 125 126 128 927 946 993 -1 -2 
18 107 28 120 122 126 125 126 128 1000 -1 -2 
101 119 117 127 125 126 128 848 934 966 -1 -2 
18 28 28 122 120 122 128 125 126 128 -1 -2 
101 18 28 118 120 122 125 971 126 128 -1 -2 
18 18 28 120 125 122 125 699 126 128 -1 -2 
101 119 127 118 125 126 128 960 965 973 -1 -2 
101 107 117 118 118 126 128 776 811 947 -1 -2 
101 107 117 117 125 118 128 854 942 977 -1 -2 
18 18 120 28 125 120 122 125 126 128 -1 -2 
101 18 28 120 122 126 125 353 126 128 -1 -2 
18 28 120 122 125 126 126 866 128 966 -1 -2 
101 18 117 28 125 120 122 125 126 128 -1 -2 
18 18 120 28 120 126 122 125 126 128 -1 -2 
18 107 28 120 125 122 128 125 126 128 -1 -2 
18 18 120 28 125 120 122 125 126 128 -1 -2 
18 28 28 120 122 126 125 126 570 128 -1 -2 
101 107 120 117 118 126 128 499 867 954 -1 -2 
18 101 120 107 125 117 118 644 731 944 -1 -2 
18 28 117 120 122 126 125 815 126 128 -1 -2 
18 18 120 28 120 122 125 126 128 977 -1 -2 
18 28 28 120 122 126 125 923 126 128 -1 -2 
18 107 28 118 120 122 125 689 126 128 -1 -2 
14 101 91 107 117 126 118 863 960 993 -1 -2 
119 127 120 122 125 126 128 400 579 975 -1 -2 
18 28 28 122 120 122 128 125 126 128 -1 -2 
101 18 117 28 125 120 122 125 126 128 -1 -2 
101 18 117 28 125 120 122 125 126 128 -1 -2 
18 28 28 122 120 126 122 125 126 128 -1 -2 
18 101 120 107 117 118 128 584 832 899 -1 -2 
18 28 28 120 125 122 128 125 126 128 -1 -2 
18 18 120 28 125 120 122 125 126 128 -1 -2 
18 28 120 122 125 126 126 128 872 988 -1 -2 
18 28 28 122 120 126 122 125 126 128 -1 -2 
18 28 28 120 122 125 126 128 579 1000 -1 -2 
18 18 120 28 120 126 122 125 126 128 -1 -2 
18 18 120 28 125 120 122 125 126 128 -1 -2 
18 28 28 120 122 126 125 797 126 128 -1 -2 
18 18 120 28 120 126 122 125 126 128 -1 -2 
18 18 28 122 120 122 125 845 126 128 -1 -2 
18 18 120 28 125 120 122 125 126 128 -1 -2 
18 28 28 122 120 126 122 125 126 128 -1 -2 
18 28 28 120 125 122 128 125 126 128 -1 -2 
18 28 28 120 122 126 125 126 128 942 -1 -2 
18 28 28 122 120 126 122 125 126 128 -1 -2 
18 119 127 122 125 126 128 591 645 963 -1 -2 
18 28 28 122 120 126 122 125 126 128 -1 -2 
18 119 127 122 125 126 128 774 775 938 -1 -2 
18 28 28 122 120 122 125 126 128 952 -1 -2 
18 28 120 120 122 125 128 126 918 128 -1 -2 
18 28 120 122 125 125 126 128 750 924 -1 -2 
18 18 28 120 122 126 125 421 126 128 -1 -2 
18 28 120 120 125 122 128 125 126 128 -1 -2 
18 119 127 122 125 126 128 693 957 986 -1 -2 
18 18 28 120 125 122 125 707 126 128 -1 -2 
18 18 120 28 125 120 122 125 126 128 -1 -2 
18 28 120 122 122 125 126 889 128 925 -1 -2 
18 119 127 122 125 126 128 659 681 925 -1 -2 
18 28 120 120 122 125 126 822 128 927 -1 -2 
18 28 28 122 120 126 122 125 126 128 -1 -2 
18 28 120 120 125 122 128 125 126 128 -1 -2 
119 119 120 127 125 126 128 674 716 814 -1 -2 
18 28 28 120 125 122 128 125 126 128 -1 -2 
18 18 28 120 122 125 126 128 857 878 -1 -2 
18 18 28 122 120 122 128 125 126 128 -1 -2 
18 119 127 122 125 126 128 852 893 958 -1 -2 
18 18 120 28 120 122 125 126 742 128 -1 -2 
18 28 28 122 120 126 122 125 126 128 -1 -2 
119 127 120 122 125 126 128 825 932 966 -1 -2 
18 28 120 120 125 122 125 790 126 128 -1 -2 
18 18 28 120 122 126 125 126 865 128 -1 -2 
18 28 28 122 120 126 122 125 126 128 -1 -2 
18 18 28 120 125 122 128 125 126 128 -1 -2 
18 28 120 120 125 122 125 670 126 128 -1 -2 
18 14 82 91 125 116 128 673 860 869 -1 -2 
18 50 28 93 120 122 125 732 126 128 -1 -2 
119 127 120 122 125 126 128 842 946 960 -1 -2 
18 28 28 122 120 122 128 125 126 128 -1 -2 
18 18 120 28 125 120 122 125 126 128 -1 -2 
18 28 120 120 125 122 125 126 128 980 -1 -2 
18 28 28 122 120 122 128 125 126 128 -1 -2 
18 18 120 28 120 126 122 125 126 128 -1 -2 
18 18 120 28 120 126 122 125 126 128 -1 -2 
18 28 120 122 125 125 128 126 128 985 -1 -2 
18 28 28 120 125 122 128 125 126 128 -1 -2 
18 28 28 122 120 122 125 792 126 128 -1 -2 
18 119 120 127 125 126 128 963 974 980 -1 -2 
18 18 28 120 122 126 125 850 126 128 -1 -2 
18 18 28 120 122 125 126 128 757 986 -1 -2 
18 28 28 122 120 126 122 125 126 128 -1 -2 
18 18 120 28 120 122 125 672 126 128 -1 -2 
18 18 28 122 120 126 122 125 126 128 -1 -2 
3 18 120 28 120 122 125 126 699 128 -1 -2 
18 28 28 122 120 122 128 125 126 128 -1 -2 
18 18 28 120 122 126 125 519 126 128 -1 -2 
119 18 28 122 120 122 128 125 126 128 -1 -2 
18 28 28 120 122 126 125 680 126 128 -1 -2 
18 18 28 120 125 122 128 125 126 128 -1 -2 
29 28 73 92 98 114 128 630 753 977 -1 -2 
18 28 28 120 122 125 128 126 128 954 -1 -2 
18 28 28 120 122 125 126 128 954 969 -1 -2 
119 119 120 127 125 126 128 772 810 922 -1 -2 
18 18 28 120 122 125 126 128 644 871 -1 -2 
18 18 28 122 120 122 125 126 392 128 -1 -2 
18 119 120 127 125 126 128 673 811 920 -1 -2 
18 28 28 120 125 122 125 610 126 128 -1 -2 
18 28 120 122 125 125 126 645 128 886 -1 -2 
18 28 120 120 125 122 128 125 126 128 -1 -2 
18 28 120 120 125 122 125 911 126 128 -1 -2 
18 28 120 120 122 126 125 874 126 128 -1 -2 
18 28 28 122 120 122 125 851 126 128 -1 -2 
18 18 120 28 125 120 122 125 126 128 -1 -2 
18 18 28 120 125 122 128 125 126 128 -1 -2 
18 119 127 122 125 126 128 566 710 747 -1 -2 
119 18 120 28 125 120 122 125 126 128 -1 -2 
18 18 120 28 125 120 122 125 126 128 -1 -2 
18 18 120 28 120 122 128 125 126 128 -1 -2 
18 28 120 122 122 125 128 126 845 128 -1 -2 
18 28 28 122 120 122 125 726 126 128 -1 -2 
18 28 28 122 120 126 122 125 126 128 -1 -2 
18 18 120 28 120 122 125 126 128 963 -1 -2 
18 28 28 120 125 122 128 125 126 128 -1 -2 
119 29 120 73 125 92 98 114 925 943 -1 -2 
18 28 28 120 125 122 125 716 126 128 -1 -2 
29 73 120 92 125 98 128 114 951 996 -1 -2 
18 28 120 122 125 126 128 658 673 805 -1 -2 
18 18 120 28 120 126 122 125 126 128 -1 -2 
18 18 120 28 120 122 128 125 126 128 -1 -2 
18 18 28 122 120 122 125 126 923 128 -1 -2 
119 28 127 122 125 126 128 841 887 978 -1 -2 
29 119 127 98 114 126 128 774 926 991 -1 -2 
119 127 127 122 125 126 128 726 733 907 -1 -2 
119 73 127 98 114 126 128 708 752 936 -1 -2 
119 73 127 98 114 126 128 654 661 685 -1 -2 
119 127 127 98 114 126 128 681 969 998 -1 -2 
119 119 92 127 114 126 128 766 931 940 -1 -2 
119 119 120 127 125 126 128 765 928 955 -1 -2 
119 119 127 122 125 126 128 868 877 937 -1 -2 
3 119 92 127 114 126 128 828 858 895 -1 -2 
119 119 127 98 114 126 128 710 891 989 -1 -2 
29 119 127 98 114 126 128 745 756 861 -1 -2 
119 119 127 98 114 126 128 871 914 928 -1 -2 
119 119 120 127 125 126 128 762 807 920 -1 -2 
119 119 120 127 125 126 128 807 856 930 -1 -2 
119 119 92 127 114 126 128 729 942 948 -1 -2 
119 127 127 98 114 126 128 673 763 979 -1 -2 
119 127 120 122 125 126 128 711 712 772 -1 -2 
119 119 127 98 114 126 128 795 879 949 -1 -2 
119 119 92 127 114 126 128 772 893 918 -1 -2 
29 73 92 92 114 98 114 488 613 712 -1 -2 
119 127 120 122 125 126 128 720 881 900 -1 -2 
119 119 127 122 125 126 128 798 835 996 -1 -2 
119 119 120 127 125 126 128 808 831 886 -1 -2 
119 119 127 98 114 126 128 713 863 910 -1 -2 
29 119 127 98 114 126 128 590 683 760 -1 -2 
119 119 92 127 114 126 128 788 873 875 -1 -2 
119 127 92 98 114 126 128 690 719 975 -1 -2 
119 127 127 116 125 126 128 852 898 963 -1 -2 
119 119 120 127 125 126 128 694 906 981 -1 -2 
119 127 127 122 125 126 128 417 651 708 -1 -2 
119 119 127 122 125 126 128 872 877 912 -1 -2 
119 119 127 116 125 126 128 615 828 872 -1 -2 
119 127 120 122 125 126 128 747 818 840 -1 -2 
119 29 73 92 125 98 114 904 953 978 -1 -2 
119 127 127 122 125 126 128 667 870 914 -1 -2 
119 119 120 127 125 126 128 764 935 991 -1 -2 
119 29 91 73 92 98 128 114 918 960 -1 -2 
119 127 92 98 114 126 128 883 967 997 -1 -2 
29 119 127 98 114 126 128 740 805 949 -1 -2 
119 127 127 122 125 126 128 547 663 949 -1 -2 
119 127 127 122 125 126 128 754 913 940 -1 -2 
119 119 92 127 114 126 128 618 690 972 -1 -2 
119 127 120 122 125 126 128 606 726 933 -1 -2 
119 119 127 98 114 126 128 924 933 980 -1 -2 
119 119 127 98 114 126 128 727 905 996 -1 -2 
119 127 127 122 125 126 128 623 638 686 -1 -2 
119 119 127 98 114 126 128 656 715 833 -1 -2 
14 28 82 91 116 126 128 908 977 1000 -1 -2 
119 127 127 122 125 126 128 721 777 965 -1 -2 
29 119 92 127 114 126 128 697 811 883 -1 -2 
119 127 127 122 125 126 128 817 919 925 -1 -2 
119 127 127 98 114 126 128 649 791 942 -1 -2 
119 127 91 116 114 126 128 747 896 988 -1 -2 
119 127 91 116 125 126 128 571 592 643 -1 -2 
119 119 127 98 114 126 128 889 910 995 -1 -2 
119 127 120 122 125 126 128 491 919 987 -1 -2 
119 127 120 122 125 126 128 871 899 951 -1 -2 
29 119 92 127 114 126 128 785 799 816 -1 -2 
29 73 92 98 125 114 128 782 884 931 -1 -2 
29 119 127 98 114 126 128 685 869 934 -1 -2 
119 119 120 127 125 126 128 743 891 914 -1 -2 
119 119 127 122 125 126 128 781 844 967 -1 -2 
119 127 127 98 114 126 128 707 930 959 -1 -2 
14 127 82 91 125 116 128 557 722 848 -1 -2 
119 14 82 98 91 116 128 739 756 1000 -1 -2 
14 82 120 91 125 116 128 699 938 974 -1 -2 
119 119 97 127 125 126 128 819 937 974 -1 -2 
14 119 91 127 125 126 128 852 866 940 -1 -2 
119 127 127 116 125 126 128 599 648 762 -1 -2 
29 127 73 122 92 126 98 114 588 857 -1 -2 
119 119 127 122 125 126 128 929 940 980 -1 -2 
119 127 91 116 125 126 128 883 921 958 -1 -2 
119 127 92 98 114 126 128 607 706 838 -1 -2 
29 73 92 122 98 126 114 733 836 971 -1 -2 
119 119 127 122 125 126 128 671 727 940 -1 -2 
119 127 92 98 114 126 128 768 912 995 -1 -2 
119 127 127 98 114 126 128 671 749 841 -1 -2 
14 82 120 91 125 116 128 878 936 1000 -1 -2 
119 127 127 116 114 126 128 874 896 977 -1 -2 
119 127 120 122 125 126 128 807 938 953 -1 -2 
119 127 91 116 125 126 128 824 841 905 -1 -2 
119 119 127 98 114 126 128 646 773 810 -1 -2 
119 119 91 127 125 126 128 932 953 977 -1 -2 
119 127 127 122 125 126 128 912 934 998 -1 -2 
119 119 120 127 125 126 128 830 837 996 -1 -2 
119 127 127 116 125 126 128 381 622 845 -1 -2 
119 119 120 127 125 126 128 737 766 926 -1 -2 
119 127 127 122 125 126 128 860 935 940 -1 -2 
119 127 120 122 125 126 128 840 851 921 -1 -2 
75 119 92 127 114 126 128 760 773 983 -1 -2 
119 119 127 122 125 126 128 655 821 912 -1 -2 
119 127 127 122 125 126 128 625 661 979 -1 -2 
119 29 120 73 92 126 98 114 851 893 -1 -2 
119 127 120 122 125 126 128 815 836 943 -1 -2 
119 119 127 122 125 126 128 871 959 965 -1 -2 
119 119 120 127 125 126 128 568 735 999 -1 -2 
119 119 127 122 125 126 128 773 794 915 -1 -2 
119 127 92 98 114 126 128 703 867 910 -1 -2 
119 119 120 127 125 126 128 734 791 857 -1 -2 
119 127 127 98 114 126 128 769 782 906 -1 -2 
119 14 82 91 125 116 128 696 786 839 -1 -2 
18 29 120 73 125 92 98 114 744 926 -1 -2 
14 29 91 73 125 92 98 114 889 982 -1 -2 
119 29 73 92 125 98 128 114 910 921 -1 -2 
18 28 28 122 120 126 122 125 126 128 -1 -2 
29 73 73 98 92 126 98 114 748 884 -1 -2 
3 14 82 91 125 116 128 507 647 669 -1 -2 
18 28 120 122 122 126 125 764 126 128 -1 -2 
14 82 92 91 114 116 128 770 853 949 -1 -2 
18 119 120 127 125 126 128 754 845 861 -1 -2 
29 73 92 116 98 114 128 812 908 960 -1 -2 
18 28 120 122 125 126 128 740 887 900 -1 -2 
14 82 120 91 116 126 128 809 850 882 -1 -2 
14 82 91 91 116 126 128 855 872 945 -1 -2 
14 29 91 73 92 126 98 114 866 934 -1 -2 
29 29 92 73 92 126 98 114 865 895 -1 -2 
29 73 91 92 125 98 128 114 902 932 -1 -2 
29 73 73 92 98 126 114 888 984 992 -1 -2 
3 73 95 98 114 126 128 750 766 910 -1 -2 
29 73 92 98 114 114 128 553 616 846 -1 -2 
18 18 120 28 125 120 122 125 126 128 -1 -2 
14 29 91 73 92 98 114 755 895 966 -1 -2 
18 29 73 122 92 126 98 114 703 797 -1 -2 
119 18 28 98 120 122 125 772 126 128 -1 -2 
14 82 91 98 116 126 128 581 629 731 -1 -2 
18 14 82 122 91 116 128 713 766 996 -1 -2 
29 73 92 98 114 126 128 712 895 993 -1 -2 
29 73 120 92 125 98 128 114 868 885 -1 -2 
29 73 120 92 98 126 114 759 773 902 -1 -2 
119 127 120 122 125 126 128 716 735 806 -1 -2 
3 29 92 73 92 98 114 584 835 957 -1 -2 
119 29 120 73 92 126 98 114 863 927 -1 -2 
119 29 120 73 92 126 98 114 889 992 -1 -2 
3 95 91 116 125 126 128 887 918 936 -1 -2 
18 119 127 122 125 126 128 721 756 870 -1 -2 
119 29 120 73 125 92 98 114 902 977 -1 -2 
119 28 127 122 125 126 128 679 770 937 -1 -2 
18 14 120 82 91 126 116 672 783 907 -1 -2 
14 104 82 122 91 116 128 966 990 995 -1 -2 
14 82 92 91 114 116 128 955 970 1000 -1 -2 
119 127 127 122 125 126 128 670 702 975 -1 -2 
29 29 92 73 114 92 98 114 867 983 -1 -2 
14 29 91 73 92 98 128 114 932 941 -1 -2 
18 14 120 82 91 126 116 616 670 735 -1 -2 
14 82 82 116 91 116 128 834 907 1000 -1 -2 
14 95 82 116 91 126 116 769 788 814 -1 -2 
14 82 120 91 125 116 128 717 746 781 -1 -2 
14 29 73 116 92 126 98 114 968 977 -1 -2 
29 28 73 122 92 98 114 694 786 887 -1 -2 
29 3 92 95 114 126 128 696 829 994 -1 -2 
119 14 82 122 91 116 128 731 774 962 -1 -2 
119 29 120 73 125 92 98 114 850 960 -1 -2 
29 73 92 98 114 126 128 665 888 894 -1 -2 
18 119 127 122 125 126 128 625 724 997 -1 -2 
29 73 120 92 98 126 114 625 716 738 -1 -2 
18 28 120 122 125 126 128 559 600 851 -1 -2 
14 28 82 122 91 126 116 407 486 982 -1 -2 
14 82 91 122 116 126 128 626 731 860 -1 -2 
18 119 127 122 125 126 128 489 716 852 -1 -2 
29 73 92 122 98 126 114 599 666 903 -1 -2 
3 95 92 98 114 126 128 726 826 873 -1 -2 
14 82 91 122 116 126 128 666 736 974 -1 -2 
14 29 73 116 92 98 114 686 792 916 -1 -2 
3 127 95 122 125 126 128 830 838 999 -1 -2 
29 29 73 92 98 114 128 743 809 866 -1 -2 
29 119 92 127 114 126 128 822 842 907 -1 -2 
18 14 82 122 91 116 128 527 717 825 -1 -2 
29 3 95 98 114 126 128 820 966 976 -1 -2 
14 29 73 116 92 126 98 114 883 892 -1 -2 
29 82 73 116 92 98 128 114 929 930 -1 -2 
18 14 82 91 125 116 128 780 913 962 -1 -2 
29 29 73 92 98 126 114 643 718 958 -1 -2 
3 14 91 82 125 91 116 765 826 926 -1 -2 
29 28 73 122 92 98 114 703 783 833 -1 -2 
29 29 73 98 92 98 114 822 874 914 -1 -2 
18 14 120 82 91 126 116 676 745 783 -1 -2 
29 29 92 73 114 92 98 114 708 971 -1 -2 
29 73 92 98 114 126 128 817 850 853 -1 -2 
19 14 82 93 91 126 116 716 730 733 -1 -2 
14 14 91 82 114 91 116 722 794 890 -1 -2 
3 95 92 98 114 126 128 789 848 880 -1 -2 
119 127 120 122 125 126 128 753 770 872 -1 -2 
3 14 82 122 91 116 128 712 755 860 -1 -2 
14 127 82 91 125 116 128 791 820 997 -1 -2 
18 19 120 50 57 126 93 517 778 856 -1 -2 
14 82 91 116 114 126 128 881 958 962 -1 -2 
18 18 120 28 125 120 122 125 126 128 -1 -2 
3 95 120 122 125 126 128 750 926 936 -1 -2 
14 29 73 116 92 126 98 114 781 862 -1 -2 
14 82 91 98 116 126 128 877 949 955 -1 -2 
18 18 120 28 120 126 122 125 126 128 -1 -2 
119 14 82 91 125 116 128 862 945 982 -1 -2 
18 28 120 120 122 126 125 655 126 128 -1 -2 
119 28 127 122 125 126 128 870 916 951 -1 -2 
14 82 91 98 116 126 128 557 580 670 -1 -2 
51 104 109 122 125 126 128 505 543 837 -1 -2 
18 29 73 122 92 98 114 531 611 768 -1 -2 
29 73 120 92 125 98 114 559 732 961 -1 -2 
18 19 50 122 57 126 93 802 854 890 -1 -2 
29 127 73 92 125 98 128 114 978 990 -1 -2 
119 119 120 127 125 126 128 898 934 998 -1 -2 
119 119 127 404 444 448 526 643 648 980 -1 -2 
119 28 127 122 125 126 128 795 885 911 -1 -2 
119 28 127 122 125 126 128 584 675 919 -1 -2 
29 73 76 92 98 441 114 679 733 881 -1 -2 
29 73 92 122 98 126 114 851 949 966 -1 -2 
3 50 95 93 638 662 689 723 871 978 -1 -2 
119 14 250 82 91 398 116 735 863 891 -1 -2 
3 95 120 122 125 126 128 612 757 953 -1 -2 
3 95 91 116 125 126 128 755 758 837 -1 -2 
29 119 127 98 114 126 128 847 863 876 -1 -2 
14 82 92 91 116 126 128 941 945 977 -1 -2 
119 119 91 127 259 661 796 817 923 950 -1 -2 
119 127 120 122 125 126 128 564 878 893 -1 -2 
119 119 120 127 125 126 128 708 738 903 -1 -2 
14 73 82 91 116 738 806 911 979 996 -1 -2 
119 127 120 122 125 126 128 662 891 960 -1 -2 
119 127 127 122 125 126 128 694 729 940 -1 -2 
119 14 82 122 91 126 116 619 711 744 -1 -2 
14 14 91 82 125 91 116 824 856 961 -1 -2 
29 73 92 98 114 126 128 470 588 805 -1 -2 
14 14 82 91 114 116 128 656 661 760 -1 -2 
51 104 109 122 125 126 128 930 960 1000 -1 -2 
18 119 120 127 125 126 128 754 819 951 -1 -2 
14 82 91 98 116 126 128 760 778 998 -1 -2 
14 127 82 91 116 126 128 703 806 922 -1 -2 
14 82 91 91 116 126 128 815 820 841 -1 -2 
119 73 127 98 114 842 858 967 987 997 -1 -2 
119 29 120 73 92 98 128 114 551 717 -1 -2 
14 73 82 98 91 116 128 673 712 904 -1 -2 
18 29 73 122 92 126 98 114 778 873 -1 -2 
29 73 92 92 114 98 128 114 898 988 -1 -2 
18 14 82 122 91 116 128 602 842 867 -1 -2 
14 82 91 98 116 126 128 663 693 861 -1 -2 
14 82 91 116 125 126 128 677 727 770 -1 -2 
119 127 91 116 125 126 128 627 891 903 -1 -2 
29 14 92 82 91 116 128 599 866 902 -1 -2 
14 14 91 82 91 126 116 616 627 780 -1 -2 
3 95 92 98 114 569 625 654 700 884 -1 -2 
14 73 82 98 91 116 128 760 771 868 -1 -2 
119 14 82 91 116 126 128 635 725 779 -1 -2 
29 127 73 122 92 98 128 114 648 887 -1 -2 
14 73 82 98 91 116 912 914 935 936 -1 -2 
119 119 120 127 125 126 128 674 692 866 -1 -2 
4 19 60 50 368 57 93 645 820 860 -1 -2 
18 28 28 122 120 122 125 126 128 921 -1 -2 
18 29 120 73 125 92 98 114 870 963 -1 -2 
209 119 270 127 387 833 849 891 900 906 -1 -2 
119 127 120 122 125 126 128 817 894 987 -1 -2 
119 127 120 122 125 126 128 684 816 937 -1 -2 
3 82 95 116 560 693 793 823 888 971 -1 -2 
3 14 92 82 91 389 116 594 912 941 -1 -2 
14 14 91 82 91 116 128 849 896 993 -1 -2 
14 82 121 91 116 804 842 868 922 998 -1 -2 
14 127 82 91 114 116 128 483 718 907 -1 -2 
29 73 92 98 114 511 553 726 810 901 -1 -2 
119 73 127 98 114 126 128 610 845 893 -1 -2 
14 14 82 91 116 761 772 840 921 936 -1 -2 
119 119 120 127 125 126 128 489 870 975 -1 -2 
119 127 127 122 125 126 128 865 866 950 -1 -2 
29 73 91 92 125 98 128 114 748 992 -1 -2 
119 29 92 73 92 98 114 776 833 884 -1 -2 
75 127 121 122 125 126 128 621 655 938 -1 -2 
14 3 91 95 125 126 128 742 796 891 -1 -2 
119 127 92 98 114 126 128 901 908 929 -1 -2 
14 14 91 82 125 91 116 806 885 967 -1 -2 
119 119 120 127 125 126 128 616 722 806 -1 -2 
14 82 82 91 116 578 584 632 870 952 -1 -2 
119 127 127 122 125 126 128 761 854 952 -1 -2 
119 14 120 82 91 116 128 764 883 957 -1 -2 
14 82 169 91 116 640 747 856 958 985 -1 -2 
119 119 127 122 125 126 128 943 949 966 -1 -2 
14 127 82 91 116 126 128 550 709 882 -1 -2 
14 95 82 91 125 116 128 777 785 843 -1 -2 
119 119 120 127 125 126 128 504 806 844 -1 -2 
119 29 73 122 92 126 98 114 898 951 -1 -2 
29 14 82 98 91 116 128 668 670 859 -1 -2 
14 82 82 91 114 116 128 587 663 706 -1 -2 
3 95 95 122 125 126 128 768 782 893 -1 -2 
14 82 91 122 116 126 128 704 841 883 -1 -2 
14 82 82 116 91 116 128 731 935 981 -1 -2 
14 82 91 116 125 126 128 701 860 926 -1 -2 
14 127 82 361 91 116 601 665 752 936 -1 -2 
119 29 73 98 92 98 114 750 753 900 -1 -2 
3 127 95 122 125 126 128 727 746 988 -1 -2 
29 3 95 98 114 126 128 717 835 884 -1 -2 
18 29 73 122 92 98 128 114 868 932 -1 -2 
14 127 82 91 285 116 339 526 547 549 -1 -2 
14 14 82 116 91 116 128 669 675 822 -1 -2 
14 73 82 91 114 116 128 769 852 853 -1 -2 
119 127 127 122 125 126 128 626 636 662 -1 -2 
37 119 127 113 125 126 128 797 874 922 -1 -2 
14 14 82 116 91 126 116 777 885 928 -1 -2 
29 119 127 98 114 482 621 636 866 991 -1 -2 
3 82 95 116 713 733 808 822 847 848 -1 -2 
119 400 127 619 650 705 776 849 927 942 -1 -2 
119 73 127 98 114 126 128 736 807 969 -1 -2 
119 14 120 82 91 126 116 587 708 747 -1 -2 
119 73 127 98 114 657 732 809 819 852 -1 -2 
3 95 120 122 125 126 128 816 888 904 -1 -2 
