14 61 61 115 428 447 610 705 771 898 -1 -2 
14 61 110 115 448 670 750 846 850 941 -1 -2 
14 61 61 115 147 219 223 237 725 820 -1 -2 
14 61 110 115 763 923 939 944 949 981 -1 -2 
14 61 110 115 126 128 764 773 904 906 -1 -2 
14 14 110 61 126 128 531 702 783 833 -1 -2 
14 14 61 115 336 368 538 581 650 831 -1 -2 
14 61 61 115 538 594 695 736 795 920 -1 -2 
14 14 257 61 494 638 658 836 910 954 -1 -2 
14 61 61 115 631 658 675 790 808 885 -1 -2 
14 14 61 115 504 633 686 787 805 977 -1 -2 
14 14 110 61 338 446 816 827 961 971 -1 -2 
14 61 87 122 126 128 505 693 981 993 -1 -2 
14 14 110 61 514 597 607 725 859 922 -1 -2 
14 61 61 115 228 280 476 627 965 988 -1 -2 
14 14 127 61 296 354 515 553 700 984 -1 -2 
14 61 110 115 261 317 388 576 579 975 -1 -2 
14 61 61 122 126 128 735 736 764 798 -1 -2 
14 61 61 115 614 733 798 805 889 928 -1 -2 
14 14 61 122 126 128 368 406 787 910 -1 -2 
14 61 110 115 328 376 431 449 657 826 -1 -2 
14 61 61 115 349 506 657 712 717 912 -1 -2 
14 14 61 115 279 518 526 562 820 832 -1 -2 
14 14 110 61 310 673 738 746 960 985 -1 -2 
14 14 110 61 655 657 754 792 953 978 -1 -2 
14 14 87 61 126 128 529 762 824 950 -1 -2 
14 61 61 115 306 545 690 718 906 934 -1 -2 
14 14 61 122 126 128 698 771 970 983 -1 -2 
14 14 110 61 253 306 437 447 769 918 -1 -2 
14 61 61 115 655 757 771 814 889 937 -1 -2 
14 14 61 115 126 128 538 588 865 956 -1 -2 
14 14 61 122 126 128 311 651 776 934 -1 -2 
14 14 110 61 548 719 737 780 807 909 -1 -2 
14 61 61 284 539 553 565 600 756 801 -1 -2 
14 61 110 115 636 758 872 912 956 989 -1 -2 
14 14 61 122 126 128 658 661 767 877 -1 -2 
14 14 351 61 539 655 768 829 861 979 -1 -2 
14 61 61 115 404 533 679 781 813 822 -1 -2 
14 14 110 61 618 641 688 852 866 883 -1 -2 
14 61 85 188 308 382 464 722 843 916 -1 -2 
14 14 110 61 436 446 556 603 785 835 -1 -2 
14 14 439 61 723 752 760 826 914 971 -1 -2 
14 61 61 122 126 128 602 614 716 930 -1 -2 
14 61 110 115 744 828 839 854 865 893 -1 -2 
14 61 110 115 776 829 877 888 902 999 -1 -2 
14 61 61 127 126 128 745 825 874 876 -1 -2 
14 61 120 127 430 447 475 689 866 950 -1 -2 
14 61 61 115 153 361 367 588 622 764 -1 -2 
14 61 110 115 407 573 697 715 889 929 -1 -2 
14 14 120 61 289 426 514 583 670 996 -1 -2 
14 61 110 115 375 450 553 618 654 862 -1 -2 
14 61 61 115 126 128 623 731 782 948 -1 -2 
14 14 61 127 126 128 366 453 496 850 -1 -2 
14 61 61 115 417 425 543 804 854 983 -1 -2 
14 14 61 115 439 511 544 832 880 954 -1 -2 
14 61 369 479 595 767 783 828 862 883 -1 -2 
14 14 110 61 137 203 633 767 858 871 -1 -2 
14 61 61 115 576 578 588 834 873 933 -1 -2 
14 14 110 61 755 768 811 849 858 968 -1 -2 
14 14 61 115 373 385 614 627 656 805 -1 -2 
14 61 61 115 509 532 625 663 807 936 -1 -2 
14 14 61 115 587 601 616 746 747 967 -1 -2 
14 14 61 115 126 128 649 823 835 904 -1 -2 
14 14 110 61 345 380 436 632 817 889 -1 -2 
14 14 110 61 381 383 461 665 776 897 -1 -2 
14 61 61 115 423 439 753 790 877 977 -1 -2 
14 61 61 122 126 128 574 627 904 985 -1 -2 
14 61 110 115 300 347 574 583 701 798 -1 -2 
14 61 110 115 126 128 592 849 967 980 -1 -2 
14 61 87 122 126 128 646 851 894 958 -1 -2 
14 61 61 122 126 128 775 927 946 993 -1 -2 
14 61 110 115 476 483 786 813 899 1000 -1 -2 
14 61 347 437 454 658 767 848 934 966 -1 -2 
14 61 110 115 445 553 574 580 823 992 -1 -2 
14 61 290 337 515 658 766 971 984 986 -1 -2 
14 61 61 115 533 559 641 699 848 965 -1 -2 
14 61 61 127 670 725 958 960 965 973 -1 -2 
14 61 164 292 358 487 673 776 811 947 -1 -2 
14 61 61 115 581 654 814 854 942 977 -1 -2 
14 14 120 61 814 852 874 928 938 1000 -1 -2 
14 14 110 61 243 274 279 353 665 893 -1 -2 
14 61 110 115 460 681 737 866 921 966 -1 -2 
14 61 87 122 126 128 633 681 847 955 -1 -2 
14 61 110 115 346 369 442 462 591 701 -1 -2 
14 14 110 61 395 828 877 909 964 977 -1 -2 
14 14 405 61 586 617 628 636 830 914 -1 -2 
14 14 61 122 126 128 348 414 570 835 -1 -2 
14 14 61 115 403 426 491 499 867 954 -1 -2 
14 14 120 61 507 567 596 644 731 944 -1 -2 
14 61 87 122 126 128 696 815 902 909 -1 -2 
14 14 61 115 656 659 777 821 900 977 -1 -2 
14 61 110 115 685 696 732 923 947 996 -1 -2 
14 14 61 115 594 637 685 689 855 909 -1 -2 
14 14 61 122 126 128 856 863 960 993 -1 -2 
14 14 61 115 190 199 208 400 579 975 -1 -2 
14 14 110 61 444 572 610 650 727 864 -1 -2 
14 61 87 122 126 128 421 578 639 998 -1 -2 
14 61 110 115 217 311 540 636 692 932 -1 -2 
14 61 110 115 458 460 553 627 864 897 -1 -2 
14 14 61 122 126 128 574 584 832 899 -1 -2 
28 72 72 110 115 128 495 639 761 993 -1 -2 
28 28 110 72 542 110 115 745 846 954 -1 -2 
28 28 72 115 110 115 574 807 872 988 -1 -2 
107 72 112 115 120 127 705 784 896 958 -1 -2 
28 72 110 115 115 128 558 569 579 1000 -1 -2 
28 72 72 115 110 115 557 677 687 835 -1 -2 
28 72 110 110 126 115 479 534 570 989 -1 -2 
28 72 110 110 115 128 739 797 849 991 -1 -2 
28 72 72 110 115 128 371 391 721 845 -1 -2 
28 72 72 115 110 115 677 845 862 900 -1 -2 
107 28 72 127 110 115 695 846 927 943 -1 -2 
28 72 72 115 110 128 115 682 799 989 -1 -2 
28 107 110 112 120 127 658 836 935 951 -1 -2 
28 28 72 110 115 361 728 771 861 942 -1 -2 
28 72 110 110 115 324 566 708 860 930 -1 -2 
28 72 110 115 126 128 534 591 645 963 -1 -2 
28 28 110 72 287 110 115 885 915 926 -1 -2 
28 112 72 127 110 115 700 774 775 938 -1 -2 
107 28 72 127 110 115 795 806 903 952 -1 -2 
28 72 110 110 115 128 823 901 918 945 -1 -2 
28 28 110 72 110 115 702 729 750 924 -1 -2 
28 28 72 110 126 115 405 421 621 741 -1 -2 
28 28 110 72 110 128 115 710 714 830 -1 -2 
28 72 72 110 126 115 670 693 957 986 -1 -2 
28 28 72 115 110 128 115 707 770 875 -1 -2 
107 28 120 72 110 115 804 855 954 986 -1 -2 
21 72 79 87 122 126 864 128 892 925 -1 -2 
28 72 72 115 110 128 115 659 681 925 -1 -2 
107 72 112 115 120 127 809 822 836 927 -1 -2 
28 72 87 110 126 115 668 745 855 978 -1 -2 
28 72 110 110 115 128 735 750 886 923 -1 -2 
28 28 72 115 110 128 115 674 716 814 -1 -2 
21 28 72 122 110 128 115 737 800 915 -1 -2 
28 28 110 72 467 110 115 853 857 878 -1 -2 
28 72 72 115 110 115 622 889 890 934 -1 -2 
28 72 110 115 587 751 777 852 893 958 -1 -2 
28 72 72 115 110 128 115 740 742 985 -1 -2 
28 72 72 110 126 115 577 846 916 984 -1 -2 
28 72 72 110 126 115 677 825 932 966 -1 -2 
28 72 120 110 115 128 781 790 860 984 -1 -2 
28 72 72 115 110 115 739 850 865 919 -1 -2 
28 28 72 115 110 780 115 828 891 932 -1 -2 
28 72 110 115 115 128 431 493 611 830 -1 -2 
21 28 87 72 110 115 661 670 706 859 -1 -2 
28 28 110 72 110 115 485 673 860 869 -1 -2 
28 28 110 72 110 128 115 732 773 983 -1 -2 
28 72 72 110 115 128 736 842 946 960 -1 -2 
28 72 72 110 279 115 487 533 892 916 -1 -2 
107 28 72 110 247 115 759 891 907 970 -1 -2 
28 72 110 110 115 128 818 861 946 980 -1 -2 
28 72 72 115 110 115 705 808 903 920 -1 -2 
28 28 72 110 126 115 619 675 838 852 -1 -2 
28 28 110 72 741 110 115 816 876 952 -1 -2 
107 112 120 127 523 537 641 685 708 985 -1 -2 
28 72 110 115 126 128 806 877 913 978 -1 -2 
107 72 112 120 127 128 729 792 877 942 -1 -2 
28 28 72 110 115 378 516 963 974 980 -1 -2 
28 72 72 115 110 115 692 850 853 879 -1 -2 
28 112 72 110 126 115 674 704 757 986 -1 -2 
28 112 72 127 110 115 703 855 907 990 -1 -2 
105 72 110 115 276 642 666 672 825 982 -1 -2 
21 28 87 72 126 110 115 747 818 968 -1 -2 
28 72 72 110 115 128 498 580 699 880 -1 -2 
28 28 72 115 110 115 469 491 835 983 -1 -2 
28 72 110 110 115 128 436 519 606 645 -1 -2 
28 28 72 115 110 128 115 871 886 999 -1 -2 
28 72 110 110 470 115 675 680 818 849 -1 -2 
28 72 72 115 110 128 115 904 977 1000 -1 -2 
28 28 72 110 472 115 609 630 753 977 -1 -2 
28 72 110 110 575 115 879 912 946 954 -1 -2 
28 72 110 110 115 604 755 810 954 969 -1 -2 
28 28 72 110 115 128 650 772 810 922 -1 -2 
28 72 110 115 115 128 308 535 644 871 -1 -2 
28 79 72 110 126 115 315 333 392 567 -1 -2 
28 72 72 115 110 115 637 673 811 920 -1 -2 
28 28 72 115 110 128 115 610 633 807 -1 -2 
28 28 72 115 110 128 115 645 742 886 -1 -2 
28 72 87 110 115 128 725 735 795 963 -1 -2 
28 28 72 110 115 128 855 911 934 973 -1 -2 
28 112 72 127 110 128 115 874 880 911 -1 -2 
28 79 72 110 115 128 470 851 875 947 -1 -2 
28 28 110 72 110 115 553 607 645 853 -1 -2 
105 72 110 115 126 128 535 871 911 919 -1 -2 
28 72 72 115 110 115 526 566 710 747 -1 -2 
28 72 72 115 110 115 710 717 856 863 -1 -2 
28 72 110 110 126 115 293 316 402 468 -1 -2 
21 72 79 115 87 122 652 126 128 972 -1 -2 
28 72 72 110 115 691 789 810 845 879 -1 -2 
21 28 72 110 126 115 427 726 758 866 -1 -2 
28 72 110 115 126 128 424 808 875 908 -1 -2 
28 28 110 72 446 110 115 695 751 963 -1 -2 
28 72 72 115 110 128 115 665 890 931 -1 -2 
28 72 72 115 110 115 486 816 925 943 -1 -2 
21 28 72 122 110 115 650 716 868 988 -1 -2 
28 28 72 110 316 115 504 656 951 996 -1 -2 
28 72 72 110 115 128 652 658 673 805 -1 -2 
28 28 110 72 488 110 115 898 967 988 -1 -2 
28 72 110 110 126 115 740 801 816 896 -1 -2 
28 79 72 110 126 115 892 919 923 928 -1 -2 
28 72 110 110 115 128 812 841 887 978 -1 -2 
21 79 79 87 122 126 128 774 926 991 -1 -2 
21 21 79 87 126 122 126 726 128 907 -1 -2 
21 21 87 79 126 87 122 126 128 936 -1 -2 
21 79 87 87 122 128 126 654 128 685 -1 -2 
107 21 79 87 126 122 338 126 128 998 -1 -2 
21 79 79 87 122 126 128 766 931 940 -1 -2 
21 79 362 87 122 607 126 128 928 955 -1 -2 
123 79 87 122 126 128 810 868 877 937 -1 -2 
107 79 112 120 127 128 818 828 858 895 -1 -2 
107 112 87 120 127 128 687 710 891 989 -1 -2 
107 21 120 79 126 87 122 126 128 861 -1 -2 
21 112 79 87 122 128 126 871 128 928 -1 -2 
21 125 87 122 126 128 714 762 807 920 -1 -2 
107 79 112 120 126 127 676 807 856 930 -1 -2 
21 79 87 122 122 126 642 128 942 948 -1 -2 
21 79 87 87 122 128 126 128 763 979 -1 -2 
21 21 79 87 126 122 641 126 128 772 -1 -2 
21 112 79 127 87 128 122 126 128 949 -1 -2 
21 125 87 122 126 128 745 772 893 918 -1 -2 
107 112 87 120 126 127 427 488 613 712 -1 -2 
21 21 87 79 126 87 122 126 128 900 -1 -2 
21 21 79 122 87 128 122 126 128 996 -1 -2 
21 79 87 122 122 126 128 808 831 886 -1 -2 
21 107 87 112 120 128 127 713 863 910 -1 -2 
21 21 87 79 87 122 473 126 128 760 -1 -2 
21 21 87 79 87 122 767 126 128 875 -1 -2 
21 79 79 87 126 122 689 126 128 975 -1 -2 
21 21 79 122 87 128 122 126 128 963 -1 -2 
21 79 87 122 126 128 616 694 906 981 -1 -2 
21 107 112 122 120 128 127 417 651 708 -1 -2 
21 107 112 120 127 128 821 872 877 912 -1 -2 
21 79 87 122 122 126 494 128 828 872 -1 -2 
21 21 79 87 126 122 126 747 128 840 -1 -2 
107 79 112 122 120 127 791 904 953 978 -1 -2 
125 21 87 79 126 87 122 126 128 914 -1 -2 
21 107 112 122 120 127 674 764 935 991 -1 -2 
21 79 120 87 126 122 810 126 128 960 -1 -2 
21 107 87 112 120 127 833 883 967 997 -1 -2 
107 21 120 79 87 128 122 126 128 949 -1 -2 
21 79 79 87 122 126 128 547 663 949 -1 -2 
21 21 87 79 126 87 122 126 128 940 -1 -2 
21 21 79 87 122 128 126 128 690 972 -1 -2 
21 79 79 122 87 122 592 126 128 933 -1 -2 
21 21 87 79 87 122 897 126 128 980 -1 -2 
107 79 112 122 120 127 710 727 905 996 -1 -2 
105 21 79 87 122 126 593 128 638 686 -1 -2 
21 79 87 87 126 122 126 656 128 833 -1 -2 
21 79 79 122 87 128 122 126 128 1000 -1 -2 
21 79 79 87 126 122 718 126 128 965 -1 -2 
107 112 87 120 127 128 626 697 811 883 -1 -2 
21 21 87 79 87 122 126 128 919 925 -1 -2 
21 21 79 87 122 128 126 649 128 942 -1 -2 
21 21 87 79 126 87 122 126 128 988 -1 -2 
21 107 87 112 120 128 127 571 592 643 -1 -2 
107 112 120 122 127 128 804 889 910 995 -1 -2 
21 79 79 122 87 122 400 126 128 987 -1 -2 
21 107 112 120 126 127 779 871 899 951 -1 -2 
21 79 79 122 87 128 122 126 128 816 -1 -2 
21 107 112 122 120 128 127 782 884 931 -1 -2 
21 79 79 122 87 128 122 126 128 934 -1 -2 
107 112 120 127 126 128 612 743 891 914 -1 -2 
21 79 87 87 126 122 126 781 128 967 -1 -2 
21 112 79 87 126 122 126 128 930 959 -1 -2 
107 21 79 127 87 122 126 557 128 848 -1 -2 
21 79 87 122 126 128 411 739 756 1000 -1 -2 
21 79 87 87 122 126 544 128 938 974 -1 -2 
125 79 87 122 126 128 743 819 937 974 -1 -2 
21 79 87 122 126 128 650 852 866 940 -1 -2 
21 112 79 87 122 126 128 599 648 762 -1 -2 
21 79 87 87 122 126 420 128 588 857 -1 -2 
21 21 79 122 87 122 658 126 128 980 -1 -2 
21 21 79 122 87 122 738 126 128 958 -1 -2 
21 79 79 122 87 122 126 607 128 838 -1 -2 
21 107 112 122 120 128 127 733 836 971 -1 -2 
107 112 120 127 126 128 471 671 727 940 -1 -2 
21 21 87 79 126 87 122 126 128 995 -1 -2 
21 107 87 112 126 120 127 671 749 841 -1 -2 
107 21 79 127 87 128 122 126 128 1000 -1 -2 
21 107 112 120 127 128 598 874 896 977 -1 -2 
21 21 79 122 87 122 126 128 938 953 -1 -2 
21 79 120 87 122 126 128 824 841 905 -1 -2 
107 107 120 112 126 120 127 646 773 810 -1 -2 
21 79 87 87 126 122 126 932 128 977 -1 -2 
21 21 79 122 87 122 889 126 128 998 -1 -2 
21 21 79 87 122 126 785 128 837 996 -1 -2 
21 21 79 122 87 122 126 128 622 845 -1 -2 
21 79 87 122 126 126 603 128 766 926 -1 -2 
125 107 112 122 120 127 825 860 935 940 -1 -2 
21 107 87 112 120 128 127 840 851 921 -1 -2 
21 21 87 79 126 87 122 126 128 983 -1 -2 
21 21 79 122 87 128 122 126 128 912 -1 -2 
107 112 87 120 126 127 571 625 661 979 -1 -2 
107 112 120 122 127 128 736 761 851 893 -1 -2 
21 21 87 79 87 128 122 126 128 943 -1 -2 
107 21 79 87 126 122 126 871 128 965 -1 -2 
21 79 87 122 126 126 551 128 735 999 -1 -2 
21 107 87 112 120 128 127 773 794 915 -1 -2 
107 112 120 127 126 128 679 703 867 910 -1 -2 
21 107 112 122 120 128 127 734 791 857 -1 -2 
21 79 87 122 122 128 126 769 128 906 -1 -2 
107 107 120 112 243 120 127 696 786 839 -1 -2 
125 112 120 127 271 329 526 672 744 926 -1 -2 
16 125 76 179 542 580 668 807 889 982 -1 -2 
148 107 272 112 120 508 127 907 910 921 -1 -2 
87 105 342 457 704 806 858 906 937 967 -1 -2 
94 107 112 416 120 577 127 666 748 884 -1 -2 
107 107 120 112 219 120 127 507 647 669 -1 -2 
107 189 112 120 127 603 675 764 806 975 -1 -2 
107 224 112 120 127 573 678 770 853 949 -1 -2 
107 125 120 127 467 608 750 754 845 861 -1 -2 
107 107 112 127 120 127 784 812 908 960 -1 -2 
107 112 112 120 237 127 712 740 887 900 -1 -2 
68 179 201 251 253 375 668 809 850 882 -1 -2 
125 107 112 509 120 127 845 855 872 945 -1 -2 
28 107 112 232 120 527 127 793 866 934 -1 -2 
107 312 112 120 127 675 687 796 865 895 -1 -2 
107 125 120 127 373 384 424 691 902 932 -1 -2 
125 112 120 127 336 382 583 888 984 992 -1 -2 
50 136 211 487 537 687 726 750 766 910 -1 -2 
107 107 112 120 431 127 494 553 616 846 -1 -2 
7 123 140 230 506 513 533 700 820 884 -1 -2 
107 107 120 112 491 120 127 755 895 966 -1 -2 
134 107 112 314 120 630 127 660 703 797 -1 -2 
6 107 221 260 384 448 501 772 951 998 -1 -2 
35 107 132 112 120 127 572 581 629 731 -1 -2 
107 95 112 270 120 127 543 713 766 996 -1 -2 
17 125 237 381 527 661 706 712 895 993 -1 -2 
107 112 120 127 127 634 690 790 868 885 -1 -2 
138 125 364 378 450 580 659 759 773 902 -1 -2 
107 112 120 127 127 563 658 716 735 806 -1 -2 
134 180 323 488 496 512 519 584 835 957 -1 -2 
107 112 120 120 294 127 692 856 863 927 -1 -2 
107 112 112 127 120 127 556 743 889 992 -1 -2 
123 107 112 120 669 127 818 887 918 936 -1 -2 
97 107 112 271 120 127 640 721 756 870 -1 -2 
125 326 345 470 512 594 699 867 902 977 -1 -2 
107 112 446 120 558 127 641 679 770 937 -1 -2 
125 161 221 251 255 581 586 672 783 907 -1 -2 
125 112 120 127 900 901 930 966 990 995 -1 -2 
107 107 112 120 789 127 864 955 970 1000 -1 -2 
107 132 112 329 120 497 127 670 702 975 -1 -2 
107 112 120 127 127 422 825 852 867 983 -1 -2 
107 112 112 127 120 695 127 850 932 941 -1 -2 
78 107 112 251 120 356 127 616 670 735 -1 -2 
125 112 120 127 699 746 758 834 907 1000 -1 -2 
107 107 120 112 377 120 127 769 788 814 -1 -2 
107 107 120 112 120 673 127 717 746 781 -1 -2 
125 125 75 223 293 408 694 757 968 977 -1 -2 
107 112 140 120 414 127 578 694 786 887 -1 -2 
107 125 120 127 409 540 595 696 829 994 -1 -2 
15 213 282 353 494 538 703 731 774 962 -1 -2 
107 107 112 127 120 127 436 717 850 960 -1 -2 
107 66 112 120 127 572 602 665 888 894 -1 -2 
57 166 195 398 484 518 598 625 724 997 -1 -2 
102 123 144 270 341 511 594 625 716 738 -1 -2 
107 112 120 269 127 352 457 559 600 851 -1 -2 
125 112 120 127 283 326 372 407 486 982 -1 -2 
107 112 112 120 127 571 604 626 731 860 -1 -2 
107 125 120 127 348 373 470 489 716 852 -1 -2 
107 107 120 112 376 120 127 599 666 903 -1 -2 
109 107 112 120 581 127 620 726 826 873 -1 -2 
123 112 120 127 340 443 547 666 736 974 -1 -2 
107 112 120 127 476 570 599 686 792 916 -1 -2 
125 174 262 408 499 608 734 830 838 999 -1 -2 
203 107 428 112 614 120 127 743 809 866 -1 -2 
107 204 112 449 120 625 127 822 842 907 -1 -2 
107 107 120 112 302 120 127 527 717 825 -1 -2 
103 107 312 112 648 120 127 820 966 976 -1 -2 
107 112 112 120 127 650 703 727 883 892 -1 -2 
107 107 120 112 529 120 127 827 929 930 -1 -2 
99 107 303 112 488 120 127 780 913 962 -1 -2 
107 107 120 112 120 227 127 643 718 958 -1 -2 
10 100 110 329 397 464 662 765 826 926 -1 -2 
107 112 120 127 564 676 692 703 783 833 -1 -2 
107 107 112 127 120 127 667 822 874 914 -1 -2 
107 112 120 120 127 612 626 676 745 783 -1 -2 
107 112 112 127 120 463 127 637 708 971 -1 -2 
107 112 120 242 127 667 744 817 850 853 -1 -2 
107 112 120 120 127 613 701 716 730 733 -1 -2 
230 107 112 120 127 613 694 722 794 890 -1 -2 
107 107 112 127 120 403 127 789 848 880 -1 -2 
107 112 298 120 127 408 538 753 770 872 -1 -2 
306 358 559 574 617 696 710 712 755 860 -1 -2 
107 112 112 120 594 127 760 791 820 997 -1 -2 
125 112 120 127 346 379 447 517 778 856 -1 -2 
107 107 112 120 337 127 880 881 958 962 -1 -2 
107 112 112 127 120 394 127 558 705 908 -1 -2 
107 112 112 127 120 127 726 750 926 936 -1 -2 
35 107 225 112 392 120 127 750 781 862 -1 -2 
125 43 227 265 451 713 867 877 949 955 -1 -2 
107 112 120 127 527 601 635 721 847 868 -1 -2 
107 112 112 120 584 127 759 862 945 982 -1 -2 
107 112 112 127 120 615 127 655 753 917 -1 -2 
107 112 112 120 127 747 808 870 916 951 -1 -2 
18 151 256 397 447 505 547 557 580 670 -1 -2 
91 125 245 283 325 407 425 505 543 837 -1 -2 
107 112 120 350 127 424 495 531 611 768 -1 -2 
123 68 178 215 237 438 450 559 732 961 -1 -2 
227 107 448 112 519 120 127 802 854 890 -1 -2 
107 107 112 120 127 557 569 887 978 990 -1 -2 
66 139 261 427 507 731 896 898 934 998 -1 -2 
35 338 363 404 444 448 526 643 648 980 -1 -2 
84 131 206 287 460 584 739 795 885 911 -1 -2 
105 39 58 424 431 455 524 584 675 919 -1 -2 
40 105 76 267 278 441 664 679 733 881 -1 -2 
123 206 216 367 468 699 715 851 949 966 -1 -2 
4 481 484 615 638 662 689 723 871 978 -1 -2 
4 119 250 360 373 398 526 735 863 891 -1 -2 
27 245 253 377 453 545 557 612 757 953 -1 -2 
56 183 305 412 481 491 659 755 758 837 -1 -2 
125 540 637 674 676 693 703 847 863 876 -1 -2 
113 125 376 390 681 799 938 941 945 977 -1 -2 
62 125 155 210 259 661 796 817 923 950 -1 -2 
105 55 59 172 226 313 536 564 878 893 -1 -2 
125 290 306 341 365 398 478 708 738 903 -1 -2 
123 415 590 687 716 738 806 911 979 996 -1 -2 
10 125 105 191 544 554 593 662 891 960 -1 -2 
115 196 216 301 466 530 673 694 729 940 -1 -2 
125 237 268 427 584 595 602 619 711 744 -1 -2 
18 293 296 523 537 681 709 824 856 961 -1 -2 
2 24 117 184 262 313 372 470 588 805 -1 -2 
41 107 228 416 442 528 584 656 661 760 -1 -2 
203 348 376 410 451 468 735 930 960 1000 -1 -2 
128 125 313 434 489 602 743 754 819 951 -1 -2 
22 173 226 234 366 440 505 760 778 998 -1 -2 
63 80 92 228 236 581 613 703 806 922 -1 -2 
9 146 60 75 98 114 729 815 820 841 -1 -2 
300 464 568 660 687 842 858 967 987 997 -1 -2 
32 51 174 181 225 427 449 472 551 717 -1 -2 
15 36 117 273 324 538 584 673 712 904 -1 -2 
29 135 164 312 573 592 611 652 778 873 -1 -2 
123 115 134 142 299 628 757 836 898 988 -1 -2 
173 205 316 326 467 471 601 602 842 867 -1 -2 
125 83 385 525 572 595 630 663 693 861 -1 -2 
91 125 204 320 350 497 560 677 727 770 -1 -2 
13 41 68 150 305 310 577 627 891 903 -1 -2 
47 125 332 334 357 526 561 599 866 902 -1 -2 
37 62 85 256 328 352 611 616 627 780 -1 -2 
94 125 348 394 450 569 625 654 700 884 -1 -2 
79 140 219 283 724 726 755 760 771 868 -1 -2 
75 97 142 355 485 556 562 635 725 779 -1 -2 
21 114 131 156 451 454 547 568 648 887 -1 -2 
69 341 579 646 665 789 912 914 935 936 -1 -2 
105 125 167 331 405 464 621 674 692 866 -1 -2 
4 55 60 210 368 526 632 645 820 860 -1 -2 
51 65 100 267 342 394 395 728 740 921 -1 -2 
20 316 354 408 421 466 484 510 870 963 -1 -2 
209 223 270 340 387 833 849 891 900 906 -1 -2 
6 56 99 256 290 390 462 817 894 987 -1 -2 
70 159 365 429 525 603 607 684 816 937 -1 -2 
125 157 212 279 560 693 793 823 888 971 -1 -2 
18 91 114 339 356 389 521 594 912 941 -1 -2 
125 95 222 226 254 357 748 849 896 993 -1 -2 
35 85 121 312 393 804 842 868 922 998 -1 -2 
116 139 212 264 353 437 438 483 718 907 -1 -2 
190 315 420 483 490 511 553 726 810 901 -1 -2 
58 125 268 335 451 492 534 610 845 893 -1 -2 
345 125 409 462 686 761 772 840 921 936 -1 -2 
27 163 185 219 221 321 400 489 870 975 -1 -2 
186 125 664 681 737 790 811 865 866 950 -1 -2 
205 105 357 420 434 449 475 571 748 992 -1 -2 
62 86 281 378 398 584 697 776 833 884 -1 -2 
171 176 312 335 342 528 549 621 655 938 -1 -2 
72 327 407 475 571 612 649 742 796 891 -1 -2 
70 125 526 537 685 770 895 901 908 929 -1 -2 
105 126 193 257 318 523 755 806 885 967 -1 -2 
106 233 271 388 478 490 510 616 722 806 -1 -2 
10 69 309 484 510 578 584 632 870 952 -1 -2 
121 156 255 599 623 647 753 761 854 952 -1 -2 
15 153 260 293 483 503 520 764 883 957 -1 -2 
11 13 169 209 221 640 747 856 958 985 -1 -2 
123 121 343 405 606 662 835 943 949 966 -1 -2 
36 123 95 206 325 366 447 550 709 882 -1 -2 
40 350 456 498 521 701 705 777 785 843 -1 -2 
47 59 172 231 289 309 359 504 806 844 -1 -2 
10 18 85 158 501 656 664 833 898 951 -1 -2 
116 125 308 330 477 479 647 668 670 859 -1 -2 
30 88 200 261 340 461 556 587 663 706 -1 -2 
100 243 258 443 547 706 748 768 782 893 -1 -2 
85 125 387 454 570 695 702 704 841 883 -1 -2 
105 125 471 672 674 679 700 731 935 981 -1 -2 
3 26 170 306 342 421 606 701 860 926 -1 -2 
54 62 331 361 376 444 601 665 752 936 -1 -2 
96 105 483 516 581 614 658 750 753 900 -1 -2 
197 218 448 508 517 608 694 727 746 988 -1 -2 
20 246 318 398 522 595 691 717 835 884 -1 -2 
93 125 185 187 215 454 541 825 868 932 -1 -2 
56 127 231 255 285 329 339 526 547 549 -1 -2 
105 103 346 362 390 449 651 669 675 822 -1 -2 
23 125 156 197 253 278 691 769 852 853 -1 -2 
38 96 184 267 361 379 391 626 636 662 -1 -2 
8 125 207 313 570 695 750 797 874 922 -1 -2 
125 191 217 323 396 627 661 777 885 928 -1 -2 
122 316 410 449 471 482 621 636 866 991 -1 -2 
125 60 75 98 114 733 808 822 847 848 -1 -2 
105 400 573 619 650 705 776 849 927 942 -1 -2 
36 63 259 345 504 568 670 736 807 969 -1 -2 
52 75 97 180 238 495 572 587 708 747 -1 -2 
125 152 208 410 490 657 732 809 819 852 -1 -2 
125 125 253 533 682 709 720 816 888 904 -1 -2 
