28 69 123 123 128 447 610 705 771 898 -1 -2 
227 28 367 69 448 123 128 846 850 941 -1 -2 
28 69 123 128 147 219 223 237 725 820 -1 -2 
75 28 319 69 763 123 128 944 949 981 -1 -2 
28 28 69 128 123 128 764 773 904 906 -1 -2 
28 69 69 123 128 463 531 702 783 833 -1 -2 
28 28 69 123 336 128 538 581 650 831 -1 -2 
28 28 69 128 123 128 695 736 795 920 -1 -2 
28 69 257 123 494 128 658 836 910 954 -1 -2 
303 28 69 597 123 128 675 790 808 885 -1 -2 
28 69 123 128 504 633 686 787 805 977 -1 -2 
28 69 69 128 123 446 128 827 961 971 -1 -2 
28 69 123 128 437 448 505 693 981 993 -1 -2 
28 42 69 365 123 128 607 725 859 922 -1 -2 
28 69 162 123 228 128 476 627 965 988 -1 -2 
28 28 69 128 123 354 128 553 700 984 -1 -2 
28 69 123 128 261 317 388 576 579 975 -1 -2 
28 69 123 128 439 584 735 736 764 798 -1 -2 
28 28 123 69 123 733 128 805 889 928 -1 -2 
28 69 123 128 276 321 368 406 787 910 -1 -2 
28 28 69 128 123 376 128 449 657 826 -1 -2 
28 28 69 128 123 128 657 712 717 912 -1 -2 
28 28 69 123 128 518 526 562 820 832 -1 -2 
28 69 69 123 310 128 738 746 960 985 -1 -2 
28 69 123 128 655 657 754 792 953 978 -1 -2 
28 28 123 69 123 128 529 762 824 950 -1 -2 
28 28 123 69 306 123 128 718 906 934 -1 -2 
28 69 69 123 674 128 698 771 970 983 -1 -2 
28 28 69 128 123 128 437 447 769 918 -1 -2 
227 28 421 69 655 123 128 814 889 937 -1 -2 
28 69 123 128 128 324 538 588 865 956 -1 -2 
28 69 69 123 128 289 311 651 776 934 -1 -2 
91 28 69 127 123 719 128 780 807 909 -1 -2 
199 28 69 284 123 128 565 600 756 801 -1 -2 
28 69 584 123 128 758 872 912 956 989 -1 -2 
28 69 123 128 573 628 658 661 767 877 -1 -2 
28 69 69 128 123 655 128 829 861 979 -1 -2 
28 69 69 128 123 533 128 781 813 822 -1 -2 
28 69 123 123 618 128 688 852 866 883 -1 -2 
28 69 123 188 128 382 464 722 843 916 -1 -2 
28 28 69 128 123 446 128 603 785 835 -1 -2 
28 28 69 128 123 752 128 826 914 971 -1 -2 
171 28 296 69 580 123 128 614 716 930 -1 -2 
24 28 69 123 128 828 839 854 865 893 -1 -2 
28 28 69 123 128 829 877 888 902 999 -1 -2 
28 69 334 123 434 128 745 825 874 876 -1 -2 
59 28 292 69 430 123 128 689 866 950 -1 -2 
28 28 69 128 123 361 128 588 622 764 -1 -2 
28 69 69 123 128 573 697 715 889 929 -1 -2 
28 69 255 123 128 426 514 583 670 996 -1 -2 
28 69 123 128 375 450 553 618 654 862 -1 -2 
28 69 69 128 123 549 128 731 782 948 -1 -2 
28 69 69 128 123 128 366 453 496 850 -1 -2 
28 28 123 69 123 128 543 804 854 983 -1 -2 
28 69 123 128 439 511 544 832 880 954 -1 -2 
28 69 69 128 123 767 128 828 862 883 -1 -2 
35 28 69 90 123 128 633 767 858 871 -1 -2 
28 69 435 123 576 128 588 834 873 933 -1 -2 
26 28 288 69 123 768 128 849 858 968 -1 -2 
4 28 69 123 128 385 614 627 656 805 -1 -2 
28 69 123 128 128 532 625 663 807 936 -1 -2 
28 28 123 69 123 601 128 746 747 967 -1 -2 
28 28 69 128 123 616 128 823 835 904 -1 -2 
28 28 123 69 345 123 128 632 817 889 -1 -2 
28 28 69 128 123 383 128 665 776 897 -1 -2 
28 28 69 123 128 439 753 790 877 977 -1 -2 
28 67 69 251 123 470 128 627 904 985 -1 -2 
28 167 69 294 123 347 128 583 701 798 -1 -2 
28 28 123 69 371 123 128 849 967 980 -1 -2 
105 28 69 123 128 399 646 851 894 958 -1 -2 
28 149 69 244 123 545 128 927 946 993 -1 -2 
28 69 123 128 128 483 786 813 899 1000 -1 -2 
28 69 347 123 454 128 767 848 934 966 -1 -2 
11 28 96 69 123 553 128 580 823 992 -1 -2 
28 28 123 69 123 128 766 971 984 986 -1 -2 
28 28 69 123 533 128 641 699 848 965 -1 -2 
28 28 69 123 128 725 958 960 965 973 -1 -2 
28 97 69 123 128 487 673 776 811 947 -1 -2 
91 28 124 69 581 123 128 854 942 977 -1 -2 
28 69 69 123 814 128 874 928 938 1000 -1 -2 
28 69 116 123 243 128 279 353 665 893 -1 -2 
28 28 69 123 128 681 737 866 921 966 -1 -2 
28 69 123 128 443 486 633 681 847 955 -1 -2 
23 28 73 69 123 128 442 462 591 701 -1 -2 
28 28 69 123 395 128 877 909 964 977 -1 -2 
43 28 69 481 123 617 128 636 830 914 -1 -2 
5 28 158 69 123 128 348 414 570 835 -1 -2 
28 28 69 123 128 426 491 499 867 954 -1 -2 
28 69 69 128 123 567 128 644 731 944 -1 -2 
2 28 69 123 128 593 696 815 902 909 -1 -2 
28 69 340 123 128 659 777 821 900 977 -1 -2 
129 28 420 69 123 128 732 923 947 996 -1 -2 
179 28 329 69 594 123 128 689 855 909 -1 -2 
28 28 69 128 123 838 128 863 960 993 -1 -2 
28 69 153 123 190 128 208 400 579 975 -1 -2 
116 28 191 69 444 123 128 650 727 864 -1 -2 
28 28 69 123 128 416 421 578 639 998 -1 -2 
28 28 123 69 123 128 540 636 692 932 -1 -2 
28 69 123 128 128 460 553 627 864 897 -1 -2 
28 28 123 69 123 128 574 584 832 899 -1 -2 
22 35 313 46 422 47 90 639 761 993 -1 -2 
212 312 345 438 542 652 731 745 846 954 -1 -2 
55 57 74 146 494 510 574 807 872 988 -1 -2 
65 83 134 449 462 531 705 784 896 958 -1 -2 
1 62 232 100 342 536 558 569 579 1000 -1 -2 
86 126 258 419 501 550 557 677 687 835 -1 -2 
35 46 47 90 410 451 479 534 570 989 -1 -2 
257 86 573 126 714 731 739 797 849 991 -1 -2 
175 35 46 221 47 337 90 391 721 845 -1 -2 
35 72 46 47 545 90 677 845 862 900 -1 -2 
105 143 271 453 531 616 695 846 927 943 -1 -2 
91 113 124 265 127 349 353 682 799 989 -1 -2 
78 1 62 100 557 641 658 836 935 951 -1 -2 
1 138 62 100 273 361 728 771 861 942 -1 -2 
44 1 245 62 302 100 566 708 860 930 -1 -2 
139 35 409 46 433 47 90 591 645 963 -1 -2 
35 132 46 200 47 90 535 885 915 926 -1 -2 
35 46 47 387 90 679 700 774 775 938 -1 -2 
54 242 412 426 427 700 795 806 903 952 -1 -2 
89 86 489 126 634 730 823 901 918 945 -1 -2 
193 91 247 113 635 124 127 729 750 924 -1 -2 
50 91 262 113 333 124 127 421 621 741 -1 -2 
91 86 124 126 221 267 338 710 714 830 -1 -2 
104 386 589 594 655 657 670 693 957 986 -1 -2 
99 35 162 46 47 90 540 707 770 875 -1 -2 
129 413 460 462 634 791 804 855 954 986 -1 -2 
32 86 126 557 596 609 864 889 892 925 -1 -2 
130 1 220 62 470 100 640 659 681 925 -1 -2 
35 232 46 358 47 90 809 822 836 927 -1 -2 
3 113 191 408 463 645 668 745 855 978 -1 -2 
76 111 377 425 440 705 735 750 886 923 -1 -2 
86 134 126 390 422 533 626 674 716 814 -1 -2 
106 164 344 383 549 616 626 737 800 915 -1 -2 
23 35 411 46 467 47 90 853 857 878 -1 -2 
63 35 46 274 47 604 90 889 890 934 -1 -2 
1 130 62 450 100 751 777 852 893 958 -1 -2 
210 308 386 540 580 702 709 740 742 985 -1 -2 
86 164 126 364 379 480 577 846 916 984 -1 -2 
91 113 124 380 127 624 677 825 932 966 -1 -2 
75 91 457 113 124 759 127 790 860 984 -1 -2 
16 24 28 35 172 730 739 850 865 919 -1 -2 
185 190 391 637 749 780 814 828 891 932 -1 -2 
71 86 126 160 194 235 431 493 611 830 -1 -2 
91 91 124 113 124 577 127 670 706 859 -1 -2 
117 91 197 113 124 127 485 673 860 869 -1 -2 
79 141 197 404 479 574 644 732 773 983 -1 -2 
91 76 113 168 124 127 736 842 946 960 -1 -2 
86 126 148 173 279 340 487 533 892 916 -1 -2 
154 199 202 222 247 398 759 891 907 970 -1 -2 
84 91 113 124 412 127 818 861 946 980 -1 -2 
215 35 46 47 573 90 705 808 903 920 -1 -2 
12 107 356 362 488 513 619 675 838 852 -1 -2 
329 1 637 62 741 100 792 816 876 952 -1 -2 
35 46 47 90 523 537 641 685 708 985 -1 -2 
35 291 46 574 47 90 806 877 913 978 -1 -2 
95 183 206 294 416 721 729 792 877 942 -1 -2 
7 17 50 238 345 378 516 963 974 980 -1 -2 
21 86 126 113 124 442 692 850 853 879 -1 -2 
91 86 124 126 425 642 674 704 757 986 -1 -2 
35 35 47 46 530 47 90 855 907 990 -1 -2 
87 86 187 126 276 642 666 672 825 982 -1 -2 
52 76 193 209 493 615 715 747 818 968 -1 -2 
91 178 113 124 127 463 498 580 699 880 -1 -2 
51 91 143 113 218 124 127 491 835 983 -1 -2 
8 9 215 283 300 356 436 519 606 645 -1 -2 
86 126 491 582 663 739 821 871 886 999 -1 -2 
134 91 407 113 124 127 675 680 818 849 -1 -2 
91 113 180 124 605 127 838 904 977 1000 -1 -2 
86 154 126 357 472 598 609 630 753 977 -1 -2 
13 35 46 472 47 90 879 912 946 954 -1 -2 
35 83 46 190 47 604 90 810 954 969 -1 -2 
86 309 126 411 570 601 650 772 810 922 -1 -2 
22 68 115 117 129 205 308 535 644 871 -1 -2 
21 35 46 133 47 90 315 333 392 567 -1 -2 
35 233 46 47 90 445 637 673 811 920 -1 -2 
49 1 400 62 100 446 515 610 633 807 -1 -2 
6 60 69 182 200 234 344 645 742 886 -1 -2 
91 75 113 214 124 127 725 735 795 963 -1 -2 
1 232 62 100 773 780 855 911 934 973 -1 -2 
86 126 319 322 376 505 608 874 880 911 -1 -2 
68 86 285 126 321 441 470 851 875 947 -1 -2 
1 62 100 107 137 352 553 607 645 853 -1 -2 
10 130 167 252 403 504 535 871 911 919 -1 -2 
3 53 78 147 263 404 526 566 710 747 -1 -2 
388 35 458 46 47 90 710 717 856 863 -1 -2 
5 31 93 134 196 270 293 316 402 468 -1 -2 
180 91 113 124 127 625 652 693 918 972 -1 -2 
35 18 46 47 90 691 789 810 845 879 -1 -2 
35 103 46 252 47 90 427 726 758 866 -1 -2 
18 91 113 227 124 127 424 808 875 908 -1 -2 
110 35 46 356 47 514 90 695 751 963 -1 -2 
99 1 429 62 100 513 556 665 890 931 -1 -2 
210 86 126 318 436 443 486 816 925 943 -1 -2 
35 46 47 359 90 609 650 716 868 988 -1 -2 
25 102 235 256 316 331 504 656 951 996 -1 -2 
35 156 46 360 47 90 652 658 673 805 -1 -2 
127 86 465 126 488 720 836 898 967 988 -1 -2 
20 35 105 46 346 47 90 801 816 896 -1 -2 
111 91 561 113 124 127 892 919 923 928 -1 -2 
193 91 113 124 607 127 812 841 887 978 -1 -2 
160 35 297 46 47 408 90 774 926 991 -1 -2 
253 261 281 394 437 575 719 726 733 907 -1 -2 
130 237 324 361 624 687 688 708 752 936 -1 -2 
77 92 125 183 330 452 499 654 661 685 -1 -2 
35 72 93 146 154 225 338 681 969 998 -1 -2 
98 188 207 301 559 751 760 766 931 940 -1 -2 
205 244 362 422 529 607 659 765 928 955 -1 -2 
70 250 263 630 631 774 810 868 877 937 -1 -2 
397 86 126 649 676 751 818 828 858 895 -1 -2 
120 196 358 368 434 501 687 710 891 989 -1 -2 
29 89 113 291 396 585 661 745 756 861 -1 -2 
207 227 331 407 468 619 738 871 914 928 -1 -2 
209 1 376 62 509 100 714 762 807 920 -1 -2 
86 126 347 400 495 531 676 807 856 930 -1 -2 
101 135 189 254 517 594 642 729 942 948 -1 -2 
40 85 87 182 349 456 622 673 763 979 -1 -2 
94 170 286 575 585 599 641 711 712 772 -1 -2 
35 77 46 47 90 668 720 795 879 949 -1 -2 
35 400 46 47 90 736 745 772 893 918 -1 -2 
34 186 291 325 335 402 427 488 613 712 -1 -2 
54 86 126 357 572 675 683 720 881 900 -1 -2 
1 62 231 100 463 507 668 798 835 996 -1 -2 
35 165 46 380 47 596 90 808 831 886 -1 -2 
92 105 182 189 361 525 576 713 863 910 -1 -2 
29 35 46 47 314 90 473 590 683 760 -1 -2 
131 35 229 46 47 615 90 788 873 875 -1 -2 
71 218 257 378 386 618 689 690 719 975 -1 -2 
19 319 330 420 652 788 801 852 898 963 -1 -2 
179 367 414 475 502 530 616 694 906 981 -1 -2 
4 35 67 46 47 90 403 417 651 708 -1 -2 
38 35 46 666 47 90 821 872 877 912 -1 -2 
32 91 297 386 464 478 494 615 828 872 -1 -2 
1 129 62 100 397 506 669 747 818 840 -1 -2 
184 387 511 587 657 666 791 904 953 978 -1 -2 
237 35 324 46 559 47 90 667 870 914 -1 -2 
93 86 126 509 582 636 674 764 935 991 -1 -2 
1 62 100 470 485 746 810 864 918 960 -1 -2 
1 62 397 100 484 556 833 883 967 997 -1 -2 
1 62 590 100 689 712 722 740 805 949 -1 -2 
35 250 46 47 339 90 534 547 663 949 -1 -2 
26 1 62 257 100 499 679 754 913 940 -1 -2 
86 126 281 406 449 525 611 618 690 972 -1 -2 
145 371 435 448 451 467 592 606 726 933 -1 -2 
158 199 517 520 630 747 897 924 933 980 -1 -2 
86 61 126 321 322 478 710 727 905 996 -1 -2 
35 46 47 261 90 578 593 623 638 686 -1 -2 
185 35 395 46 497 47 90 656 715 833 -1 -2 
86 126 312 313 360 710 870 908 977 1000 -1 -2 
35 46 47 90 523 595 718 721 777 965 -1 -2 
69 35 46 47 90 621 626 697 811 883 -1 -2 
19 35 295 46 47 90 628 817 919 925 -1 -2 
59 124 137 141 161 363 419 649 791 942 -1 -2 
40 79 143 279 461 502 682 747 896 988 -1 -2 
39 215 232 240 329 437 454 571 592 643 -1 -2 
33 78 171 533 618 628 804 889 910 995 -1 -2 
13 119 137 199 311 343 400 491 919 987 -1 -2 
171 254 396 401 475 525 779 871 899 951 -1 -2 
35 333 46 47 90 603 680 785 799 816 -1 -2 
35 153 46 47 528 90 713 782 884 931 -1 -2 
35 46 225 47 90 401 452 685 869 934 -1 -2 
1 106 62 303 100 580 612 743 891 914 -1 -2 
86 126 259 280 289 439 514 781 844 967 -1 -2 
196 315 346 455 544 614 698 707 930 959 -1 -2 
109 159 252 280 296 303 524 557 722 848 -1 -2 
61 63 76 190 207 361 411 739 756 1000 -1 -2 
35 46 47 120 90 166 544 699 938 974 -1 -2 
35 217 46 47 333 90 743 819 937 974 -1 -2 
89 182 234 324 522 623 650 852 866 940 -1 -2 
19 41 47 297 401 527 564 599 648 762 -1 -2 
1 34 62 198 100 405 420 469 588 857 -1 -2 
1 55 62 211 100 381 658 929 940 980 -1 -2 
35 120 46 353 47 645 90 883 921 958 -1 -2 
86 126 447 459 467 480 535 607 706 838 -1 -2 
5 97 256 266 296 382 726 733 836 971 -1 -2 
14 86 118 126 423 462 471 671 727 940 -1 -2 
167 202 211 448 472 599 676 768 912 995 -1 -2 
86 101 126 304 436 483 626 671 749 841 -1 -2 
57 35 174 46 718 47 90 878 936 1000 -1 -2 
83 35 171 46 47 90 598 874 896 977 -1 -2 
35 46 47 307 90 618 679 807 938 953 -1 -2 
53 1 62 458 100 705 787 824 841 905 -1 -2 
184 35 287 46 47 552 90 646 773 810 -1 -2 
35 46 153 47 691 90 921 932 953 977 -1 -2 
247 304 588 637 649 795 889 912 934 998 -1 -2 
1 62 329 100 420 754 785 830 837 996 -1 -2 
17 42 61 78 89 259 338 381 622 845 -1 -2 
204 237 268 273 298 571 603 737 766 926 -1 -2 
1 62 307 100 498 609 825 860 935 940 -1 -2 
30 174 589 630 675 699 715 840 851 921 -1 -2 
251 285 311 319 330 349 688 760 773 983 -1 -2 
1 393 62 571 100 619 634 655 821 912 -1 -2 
35 46 388 47 90 515 571 625 661 979 -1 -2 
60 1 62 545 100 730 736 761 851 893 -1 -2 
351 433 563 579 698 734 779 815 836 943 -1 -2 
55 1 694 62 100 761 796 871 959 965 -1 -2 
24 86 203 126 384 537 551 568 735 999 -1 -2 
35 92 46 47 90 581 744 773 794 915 -1 -2 
229 1 62 466 100 622 679 703 867 910 -1 -2 
39 1 62 298 100 398 478 734 791 857 -1 -2 
35 228 46 325 47 497 90 769 782 906 -1 -2 
9 22 104 203 243 327 368 696 786 839 -1 -2 
54 70 128 138 271 329 526 672 744 926 -1 -2 
35 46 76 47 90 580 668 807 889 982 -1 -2 
148 199 272 358 423 508 679 907 910 921 -1 -2 
87 105 342 457 704 806 858 906 937 967 -1 -2 
1 101 62 416 100 577 648 666 748 884 -1 -2 
70 94 201 212 219 299 489 507 647 669 -1 -2 
42 1 62 325 100 603 675 764 806 975 -1 -2 
86 224 332 416 419 573 678 770 853 949 -1 -2 
1 62 100 328 467 608 750 754 845 861 -1 -2 
1 249 62 100 617 666 784 812 908 960 -1 -2 
11 46 138 209 237 528 712 740 887 900 -1 -2 
68 179 201 251 253 375 668 809 850 882 -1 -2 
35 243 46 509 47 768 90 855 872 945 -1 -2 
28 1 117 62 100 527 588 793 866 934 -1 -2 
232 312 355 535 553 675 687 796 865 895 -1 -2 
55 35 257 46 47 384 90 691 902 932 -1 -2 
35 156 46 211 47 90 583 888 984 992 -1 -2 
50 1 211 62 537 100 726 750 766 910 -1 -2 
35 46 82 47 90 478 494 553 616 846 -1 -2 
7 123 140 230 506 513 533 700 820 884 -1 -2 
92 135 159 364 491 526 563 755 895 966 -1 -2 
134 35 295 46 459 47 90 660 703 797 -1 -2 
1 62 100 260 384 448 501 772 951 998 -1 -2 
35 60 46 140 47 90 572 581 629 731 -1 -2 
35 46 47 270 90 444 543 713 766 996 -1 -2 
17 35 46 381 47 661 90 712 895 993 -1 -2 
22 51 149 219 516 634 690 790 868 885 -1 -2 
138 231 364 378 450 580 659 759 773 902 -1 -2 
1 72 62 100 215 563 658 716 735 806 -1 -2 
35 180 46 488 47 90 519 584 835 957 -1 -2 
35 49 46 47 294 90 692 856 863 927 -1 -2 
25 35 46 47 90 482 556 743 889 992 -1 -2 
35 346 46 645 47 780 90 887 918 936 -1 -2 
97 1 62 271 100 607 640 721 756 870 -1 -2 
35 326 46 470 47 90 699 867 902 977 -1 -2 
35 46 47 520 90 567 641 679 770 937 -1 -2 
18 161 221 251 255 581 586 672 783 907 -1 -2 
35 515 46 47 90 901 930 966 990 995 -1 -2 
79 406 598 718 789 815 864 955 970 1000 -1 -2 
25 132 237 329 422 497 558 670 702 975 -1 -2 
35 232 46 47 90 422 825 852 867 983 -1 -2 
20 35 177 46 47 90 746 850 932 941 -1 -2 
35 146 46 47 90 356 406 616 670 735 -1 -2 
35 223 46 499 47 90 758 834 907 1000 -1 -2 
35 58 46 367 47 432 90 769 788 814 -1 -2 
156 35 46 531 47 673 90 717 746 781 -1 -2 
5 26 75 223 293 408 694 757 968 977 -1 -2 
24 35 46 47 414 90 578 694 786 887 -1 -2 
35 46 345 47 90 540 595 696 829 994 -1 -2 
15 35 46 47 494 90 703 731 774 962 -1 -2 
11 48 63 199 203 372 436 717 850 960 -1 -2 
1 66 62 100 547 572 602 665 888 894 -1 -2 
35 46 195 47 90 518 598 625 724 997 -1 -2 
102 35 46 270 47 511 90 625 716 738 -1 -2 
13 36 180 269 329 352 457 559 600 851 -1 -2 
35 104 46 47 90 326 372 407 486 982 -1 -2 
65 1 212 62 473 100 604 626 731 860 -1 -2 
96 172 195 338 348 373 470 489 716 852 -1 -2 
152 158 222 305 376 446 554 599 666 903 -1 -2 
109 35 46 47 90 610 620 726 826 873 -1 -2 
34 1 62 100 340 443 547 666 736 974 -1 -2 
37 285 296 474 476 570 599 686 792 916 -1 -2 
131 174 262 408 499 608 734 830 838 999 -1 -2 
56 109 428 548 614 639 658 743 809 866 -1 -2 
35 46 325 47 90 625 732 822 842 907 -1 -2 
85 1 62 100 302 500 520 527 717 825 -1 -2 
103 35 312 46 47 90 737 820 966 976 -1 -2 
94 200 219 255 304 650 703 727 883 892 -1 -2 
13 38 181 316 529 569 637 827 929 930 -1 -2 
99 201 303 323 488 603 696 780 913 962 -1 -2 
35 58 46 47 220 90 629 643 718 958 -1 -2 
35 100 46 329 47 90 662 765 826 926 -1 -2 
35 46 47 399 90 676 692 703 783 833 -1 -2 
122 218 336 364 588 594 667 822 874 914 -1 -2 
50 59 135 214 385 612 626 676 745 783 -1 -2 
17 71 110 233 394 463 505 637 708 971 -1 -2 
35 46 47 242 90 667 744 817 850 853 -1 -2 
281 338 410 589 598 613 701 716 730 733 -1 -2 
1 62 374 100 602 613 694 722 794 890 -1 -2 
35 87 91 203 317 403 757 789 848 880 -1 -2 
1 193 298 343 395 408 538 753 770 872 -1 -2 
306 358 559 574 617 696 710 712 755 860 -1 -2 
279 35 477 46 47 736 90 791 820 997 -1 -2 
35 46 47 90 346 379 447 517 778 856 -1 -2 
157 159 199 255 337 772 880 881 958 962 -1 -2 
127 129 137 170 236 394 531 558 705 908 -1 -2 
149 35 46 333 47 90 726 750 926 936 -1 -2 
1 183 62 288 100 621 737 750 781 862 -1 -2 
24 43 227 265 451 713 867 877 949 955 -1 -2 
53 35 432 46 527 47 90 721 847 868 -1 -2 
73 122 311 530 584 731 759 862 945 982 -1 -2 
180 272 273 444 602 615 624 655 753 917 -1 -2 
1 412 62 609 100 747 808 870 916 951 -1 -2 
35 46 256 47 447 90 547 557 580 670 -1 -2 
91 35 46 47 90 407 425 505 543 837 -1 -2 
35 46 319 47 90 424 495 531 611 768 -1 -2 
52 1 62 215 100 438 450 559 732 961 -1 -2 
227 437 448 472 519 530 623 802 854 890 -1 -2 
158 350 395 415 516 557 569 887 978 990 -1 -2 
1 139 62 100 507 731 896 898 934 998 -1 -2 
35 338 363 404 444 448 526 643 648 980 -1 -2 
84 1 206 62 100 584 739 795 885 911 -1 -2 
35 39 58 424 431 455 524 584 675 919 -1 -2 
40 74 76 267 278 441 664 679 733 881 -1 -2 
1 206 62 100 468 699 715 851 949 966 -1 -2 
4 481 484 615 638 662 689 723 871 978 -1 -2 
1 62 250 100 373 398 526 735 863 891 -1 -2 
27 245 253 377 453 545 557 612 757 953 -1 -2 
56 183 305 412 481 491 659 755 758 837 -1 -2 
430 540 637 674 676 693 703 847 863 876 -1 -2 
113 188 376 390 681 799 938 941 945 977 -1 -2 
62 88 155 210 259 661 796 817 923 950 -1 -2 
7 55 59 172 226 313 536 564 878 893 -1 -2 
1 290 62 100 365 398 478 708 738 903 -1 -2 
1 62 590 100 716 738 806 911 979 996 -1 -2 
10 33 105 191 544 554 593 662 891 960 -1 -2 
115 196 216 301 466 530 673 694 729 940 -1 -2 
1 62 100 427 584 595 602 619 711 744 -1 -2 
18 293 296 523 537 681 709 824 856 961 -1 -2 
2 24 117 184 262 313 372 470 588 805 -1 -2 
41 107 228 416 442 528 584 656 661 760 -1 -2 
203 348 376 410 451 468 735 930 960 1000 -1 -2 
128 1 62 100 489 602 743 754 819 951 -1 -2 
22 173 226 234 366 440 505 760 778 998 -1 -2 
63 80 92 228 236 581 613 703 806 922 -1 -2 
112 1 330 62 100 542 729 815 820 841 -1 -2 
300 464 568 660 687 842 858 967 987 997 -1 -2 
32 51 174 181 225 427 449 472 551 717 -1 -2 
15 36 117 273 324 538 584 673 712 904 -1 -2 
29 1 164 62 573 100 611 652 778 873 -1 -2 
108 115 134 142 299 628 757 836 898 988 -1 -2 
173 1 316 62 100 471 601 602 842 867 -1 -2 
198 251 385 525 572 595 630 663 693 861 -1 -2 
91 156 204 320 350 497 560 677 727 770 -1 -2 
1 62 100 150 305 310 577 627 891 903 -1 -2 
47 1 62 334 100 526 561 599 866 902 -1 -2 
37 62 85 256 328 352 611 616 627 780 -1 -2 
94 1 348 62 450 100 625 654 700 884 -1 -2 
1 140 62 100 724 726 755 760 771 868 -1 -2 
75 97 142 355 485 556 562 635 725 779 -1 -2 
21 114 131 156 451 454 547 568 648 887 -1 -2 
1 341 62 100 665 789 912 914 935 936 -1 -2 
1 62 100 331 405 464 621 674 692 866 -1 -2 
4 55 60 210 368 526 632 645 820 860 -1 -2 
51 65 100 267 342 394 395 728 740 921 -1 -2 
20 316 354 408 421 466 484 510 870 963 -1 -2 
1 223 62 100 387 833 849 891 900 906 -1 -2 
1 62 99 100 290 390 462 817 894 987 -1 -2 
70 159 365 429 525 603 607 684 816 937 -1 -2 
21 157 212 279 560 693 793 823 888 971 -1 -2 
18 91 114 339 356 389 521 594 912 941 -1 -2 
39 95 222 226 254 357 748 849 896 993 -1 -2 
35 85 121 312 393 804 842 868 922 998 -1 -2 
1 62 100 264 353 437 438 483 718 907 -1 -2 
190 315 420 483 490 511 553 726 810 901 -1 -2 
58 64 268 335 451 492 534 610 845 893 -1 -2 
345 398 409 462 686 761 772 840 921 936 -1 -2 
27 163 185 219 221 321 400 489 870 975 -1 -2 
186 343 664 681 737 790 811 865 866 950 -1 -2 
205 1 357 62 434 100 475 571 748 992 -1 -2 
62 86 281 378 398 584 697 776 833 884 -1 -2 
171 1 62 335 100 528 549 621 655 938 -1 -2 
72 327 407 475 571 612 649 742 796 891 -1 -2 
70 1 526 62 100 770 895 901 908 929 -1 -2 
28 126 193 257 318 523 755 806 885 967 -1 -2 
1 62 271 100 478 490 510 616 722 806 -1 -2 
10 1 309 62 100 578 584 632 870 952 -1 -2 
121 156 255 599 623 647 753 761 854 952 -1 -2 
15 1 260 62 483 100 520 764 883 957 -1 -2 
11 13 169 209 221 640 747 856 958 985 -1 -2 
75 121 343 405 606 662 835 943 949 966 -1 -2 
36 70 95 206 325 366 447 550 709 882 -1 -2 
1 350 62 100 521 701 705 777 785 843 -1 -2 
47 1 62 231 100 309 359 504 806 844 -1 -2 
10 18 85 158 501 656 664 833 898 951 -1 -2 
116 142 308 330 477 479 647 668 670 859 -1 -2 
30 88 200 261 340 461 556 587 663 706 -1 -2 
100 1 258 62 547 100 748 768 782 893 -1 -2 
85 1 62 454 100 695 702 704 841 883 -1 -2 
179 367 471 672 674 679 700 731 935 981 -1 -2 
3 26 170 306 342 421 606 701 860 926 -1 -2 
54 62 331 361 376 444 601 665 752 936 -1 -2 
96 132 483 516 581 614 658 750 753 900 -1 -2 
197 218 448 508 517 608 694 727 746 988 -1 -2 
1 62 100 398 522 595 691 717 835 884 -1 -2 
93 145 185 187 215 454 541 825 868 932 -1 -2 
56 127 231 255 285 329 339 526 547 549 -1 -2 
62 103 346 362 390 449 651 669 675 822 -1 -2 
1 126 62 197 100 278 691 769 852 853 -1 -2 
1 62 100 267 361 379 391 626 636 662 -1 -2 
8 203 207 313 570 695 750 797 874 922 -1 -2 
1 191 62 323 100 627 661 777 885 928 -1 -2 
1 316 62 100 471 482 621 636 866 991 -1 -2 
94 1 62 100 713 733 808 822 847 848 -1 -2 
1 400 62 100 650 705 776 849 927 942 -1 -2 
36 63 259 345 504 568 670 736 807 969 -1 -2 
52 75 97 180 238 495 572 587 708 747 -1 -2 
49 152 208 410 490 657 732 809 819 852 -1 -2 
67 1 253 62 682 100 720 816 888 904 -1 -2 
