122 122 128 127 428 447 610 705 771 898 -1 -2 
24 62 98 101 119 670 750 846 850 941 -1 -2 
24 24 87 98 101 119 223 237 725 820 -1 -2 
122 28 100 123 127 923 939 944 949 981 -1 -2 
62 122 128 719 742 744 764 773 904 906 -1 -2 
28 100 100 127 123 463 127 702 783 833 -1 -2 
28 122 128 127 117 124 538 581 650 831 -1 -2 
28 100 123 127 538 594 695 736 795 920 -1 -2 
122 28 100 127 123 638 127 836 910 954 -1 -2 
122 128 434 597 631 658 675 790 808 885 -1 -2 
122 122 128 419 504 633 686 787 805 977 -1 -2 
28 128 100 123 119 127 816 827 961 971 -1 -2 
28 122 128 127 119 448 505 693 981 993 -1 -2 
64 28 99 100 117 123 127 725 859 922 -1 -2 
122 100 128 127 117 124 476 627 965 988 -1 -2 
122 128 128 127 119 354 515 553 700 984 -1 -2 
122 122 123 128 261 317 388 576 579 975 -1 -2 
122 128 123 127 119 584 735 736 764 798 -1 -2 
24 128 87 591 98 101 119 805 889 928 -1 -2 
28 122 123 128 276 321 368 406 787 910 -1 -2 
24 122 98 128 119 376 431 449 657 826 -1 -2 
122 122 123 128 349 506 657 712 717 912 -1 -2 
24 24 98 87 98 101 526 119 820 832 -1 -2 
122 128 211 305 310 673 738 746 960 985 -1 -2 
125 28 100 123 655 127 754 792 953 978 -1 -2 
122 128 98 101 119 432 529 762 824 950 -1 -2 
24 122 128 101 119 545 690 718 906 934 -1 -2 
122 28 98 100 119 123 127 771 970 983 -1 -2 
122 128 123 127 253 306 437 447 769 918 -1 -2 
122 24 421 87 98 101 119 814 889 937 -1 -2 
24 87 98 101 119 124 538 588 865 956 -1 -2 
122 128 123 127 119 289 311 651 776 934 -1 -2 
122 28 100 127 123 127 737 780 807 909 -1 -2 
28 122 128 127 119 553 565 600 756 801 -1 -2 
24 122 98 128 119 758 872 912 956 989 -1 -2 
28 122 128 127 119 628 658 661 767 877 -1 -2 
125 122 123 128 539 655 768 829 861 979 -1 -2 
125 122 123 128 404 533 679 781 813 822 -1 -2 
125 122 123 128 618 641 688 852 866 883 -1 -2 
122 128 128 127 308 382 464 722 843 916 -1 -2 
28 24 87 127 98 101 556 119 785 835 -1 -2 
125 100 126 127 723 752 760 826 914 971 -1 -2 
122 128 99 108 117 124 602 614 716 930 -1 -2 
122 122 405 128 744 828 839 854 865 893 -1 -2 
122 128 142 189 776 829 877 888 902 999 -1 -2 
28 122 123 128 117 124 745 825 874 876 -1 -2 
125 126 123 127 119 447 475 689 866 950 -1 -2 
28 128 100 127 123 361 127 588 622 764 -1 -2 
28 24 87 127 98 101 119 715 889 929 -1 -2 
62 100 123 127 289 426 514 583 670 996 -1 -2 
24 122 128 101 119 450 553 618 654 862 -1 -2 
122 122 128 127 425 549 623 731 782 948 -1 -2 
24 128 87 185 98 101 119 453 496 850 -1 -2 
122 28 123 100 417 123 127 804 854 983 -1 -2 
28 122 123 128 439 511 544 832 880 954 -1 -2 
24 87 369 98 595 101 783 119 862 883 -1 -2 
64 100 97 99 108 203 117 767 124 871 -1 -2 
125 122 128 127 576 578 588 834 873 933 -1 -2 
122 100 128 127 755 768 811 849 858 968 -1 -2 
28 128 100 123 119 127 614 627 656 805 -1 -2 
62 126 456 464 509 532 625 663 807 936 -1 -2 
28 128 100 123 587 127 616 746 747 967 -1 -2 
28 122 128 127 119 616 649 823 835 904 -1 -2 
24 87 87 98 119 101 436 119 817 889 -1 -2 
28 122 123 128 117 124 461 665 776 897 -1 -2 
28 100 100 127 123 127 753 790 877 977 -1 -2 
122 24 99 87 117 98 101 119 904 985 -1 -2 
28 100 123 123 127 347 574 583 701 798 -1 -2 
28 100 123 127 117 124 592 849 967 980 -1 -2 
28 62 123 127 117 124 646 851 894 958 -1 -2 
24 28 100 101 123 127 775 927 946 993 -1 -2 
28 100 123 123 127 483 786 813 899 1000 -1 -2 
28 28 100 123 454 127 767 848 934 966 -1 -2 
28 122 123 128 119 553 574 580 823 992 -1 -2 
28 28 100 123 127 658 766 971 984 986 -1 -2 
122 64 97 99 108 559 117 699 124 965 -1 -2 
122 128 123 127 670 725 958 960 965 973 -1 -2 
24 24 87 101 98 101 673 119 811 947 -1 -2 
24 100 87 98 581 101 814 119 942 977 -1 -2 
122 128 541 793 814 852 874 928 938 1000 -1 -2 
28 122 123 128 117 124 279 353 665 893 -1 -2 
24 100 87 127 98 101 737 119 921 966 -1 -2 
122 128 123 127 443 486 633 681 847 955 -1 -2 
64 128 97 127 99 369 108 117 124 701 -1 -2 
28 122 123 128 119 828 877 909 964 977 -1 -2 
125 62 123 127 586 617 628 636 830 914 -1 -2 
122 128 123 127 189 291 348 414 570 835 -1 -2 
28 100 99 123 127 124 491 499 867 954 -1 -2 
64 97 99 127 108 117 124 644 731 944 -1 -2 
24 122 128 101 119 124 696 815 902 909 -1 -2 
28 28 100 127 123 124 127 821 900 977 -1 -2 
122 122 123 128 685 696 732 923 947 996 -1 -2 
28 126 100 123 127 637 685 689 855 909 -1 -2 
28 100 123 127 127 838 856 863 960 993 -1 -2 
122 87 128 101 119 199 208 400 579 975 -1 -2 
122 122 123 128 119 572 610 650 727 864 -1 -2 
24 122 98 128 119 416 421 578 639 998 -1 -2 
122 128 128 127 119 311 540 636 692 932 -1 -2 
122 100 128 127 119 460 553 627 864 897 -1 -2 
125 64 99 97 117 99 108 117 124 899 -1 -2 
125 24 313 87 422 98 101 119 761 993 -1 -2 
125 24 87 127 98 652 101 119 846 954 -1 -2 
122 64 97 99 119 108 574 117 124 988 -1 -2 
122 128 123 127 462 531 705 784 896 958 -1 -2 
125 28 100 123 342 127 558 569 579 1000 -1 -2 
28 122 123 128 501 550 557 677 687 835 -1 -2 
62 100 123 127 410 451 479 534 570 989 -1 -2 
64 87 97 101 99 731 108 117 124 991 -1 -2 
122 128 123 127 119 337 371 391 721 845 -1 -2 
122 128 123 127 545 609 677 845 862 900 -1 -2 
122 128 123 127 531 616 695 846 927 943 -1 -2 
28 100 123 123 127 349 353 682 799 989 -1 -2 
24 122 128 101 119 641 658 836 935 951 -1 -2 
125 126 246 272 273 361 728 771 861 942 -1 -2 
125 126 245 276 302 324 566 708 860 930 -1 -2 
28 87 100 123 127 442 534 591 645 963 -1 -2 
122 128 98 101 119 371 535 885 915 926 -1 -2 
122 128 319 387 512 679 700 774 775 938 -1 -2 
24 24 87 101 98 700 101 119 903 952 -1 -2 
122 128 123 127 634 730 823 901 918 945 -1 -2 
28 100 123 127 127 700 702 729 750 924 -1 -2 
28 24 123 87 117 98 101 119 621 741 -1 -2 
122 24 123 87 221 98 101 119 714 830 -1 -2 
122 128 123 127 655 657 670 693 957 986 -1 -2 
122 24 87 98 101 119 540 707 770 875 -1 -2 
122 62 123 127 634 791 804 855 954 986 -1 -2 
24 97 87 108 98 101 119 889 892 925 -1 -2 
122 126 128 127 470 584 640 659 681 925 -1 -2 
122 128 128 127 119 516 809 822 836 927 -1 -2 
125 28 100 127 123 127 668 745 855 978 -1 -2 
122 100 128 127 440 705 735 750 886 923 -1 -2 
28 28 123 100 123 533 127 674 716 814 -1 -2 
64 97 123 99 108 117 626 124 800 915 -1 -2 
122 126 128 101 119 688 761 853 857 878 -1 -2 
28 122 128 127 119 604 622 889 890 934 -1 -2 
122 128 99 108 117 124 777 852 893 958 -1 -2 
28 100 100 123 580 127 709 740 742 985 -1 -2 
122 28 123 100 379 123 127 846 916 984 -1 -2 
24 122 128 101 119 624 677 825 932 966 -1 -2 
122 24 87 127 98 759 101 119 860 984 -1 -2 
24 87 98 101 101 730 119 850 865 919 -1 -2 
28 64 97 99 119 108 117 828 124 932 -1 -2 
28 100 123 123 194 127 431 493 611 830 -1 -2 
122 87 128 101 119 124 661 670 706 859 -1 -2 
122 24 197 87 98 373 101 119 860 869 -1 -2 
125 126 99 108 117 124 644 732 773 983 -1 -2 
24 24 98 87 119 98 101 119 946 960 -1 -2 
24 87 123 98 119 101 119 533 892 916 -1 -2 
28 122 123 128 117 124 759 891 907 970 -1 -2 
28 122 123 128 412 784 818 861 946 980 -1 -2 
24 128 87 127 98 701 101 119 903 920 -1 -2 
28 122 123 128 119 513 619 675 838 852 -1 -2 
125 122 128 127 119 765 792 816 876 952 -1 -2 
122 28 401 100 123 127 641 685 708 985 -1 -2 
122 100 128 127 651 747 806 877 913 978 -1 -2 
122 62 123 127 416 721 729 792 877 942 -1 -2 
28 62 123 127 345 378 516 963 974 980 -1 -2 
122 28 100 123 127 442 692 850 853 879 -1 -2 
122 128 128 127 119 642 674 704 757 986 -1 -2 
28 24 123 87 530 98 101 119 907 990 -1 -2 
28 122 128 127 276 642 666 672 825 982 -1 -2 
122 122 128 209 493 615 715 747 818 968 -1 -2 
24 128 87 108 98 124 101 119 699 880 -1 -2 
125 122 128 201 218 292 469 491 835 983 -1 -2 
122 128 123 127 119 356 436 519 606 645 -1 -2 
122 122 123 128 119 739 821 871 886 999 -1 -2 
24 28 98 100 123 124 127 680 818 849 -1 -2 
28 28 123 100 123 823 127 904 977 1000 -1 -2 
122 125 126 127 472 598 609 630 753 977 -1 -2 
28 122 128 127 575 638 879 912 946 954 -1 -2 
28 128 100 123 127 604 755 810 954 969 -1 -2 
125 122 128 101 119 601 650 772 810 922 -1 -2 
122 128 123 127 129 205 308 535 644 871 -1 -2 
122 128 123 127 145 183 315 333 392 567 -1 -2 
122 100 128 127 412 445 637 673 811 920 -1 -2 
28 100 400 123 127 446 515 610 633 807 -1 -2 
125 28 123 100 200 123 127 645 742 886 -1 -2 
64 126 97 108 99 124 108 117 124 963 -1 -2 
122 62 99 108 117 124 855 911 934 973 -1 -2 
122 122 319 128 376 505 608 874 880 911 -1 -2 
64 87 97 99 119 108 117 124 875 947 -1 -2 
24 28 98 100 123 127 553 607 645 853 -1 -2 
28 128 100 252 123 127 535 871 911 919 -1 -2 
125 128 126 147 263 404 526 566 710 747 -1 -2 
28 122 123 128 530 627 710 717 856 863 -1 -2 
24 87 98 101 119 270 293 316 402 468 -1 -2 
122 128 128 101 119 625 652 693 918 972 -1 -2 
24 87 123 98 119 101 789 119 845 879 -1 -2 
28 100 123 127 127 381 427 726 758 866 -1 -2 
24 122 98 128 119 364 424 808 875 908 -1 -2 
28 100 123 127 117 124 653 695 751 963 -1 -2 
24 87 123 98 101 513 119 665 890 931 -1 -2 
24 87 98 101 119 119 486 816 925 943 -1 -2 
122 125 98 126 119 609 650 716 868 988 -1 -2 
28 122 128 127 316 331 504 656 951 996 -1 -2 
28 122 123 128 367 557 652 658 673 805 -1 -2 
122 128 128 108 117 124 836 898 967 988 -1 -2 
122 125 123 126 119 578 740 801 816 896 -1 -2 
24 87 123 98 119 101 119 919 923 928 -1 -2 
122 122 548 128 607 737 812 841 887 978 -1 -2 
28 100 123 127 127 408 451 774 926 991 -1 -2 
28 64 97 99 119 108 117 124 733 907 -1 -2 
28 100 99 123 127 124 688 708 752 936 -1 -2 
28 100 123 127 127 452 499 654 661 685 -1 -2 
28 125 126 127 154 225 338 681 969 998 -1 -2 
28 28 123 100 119 123 127 766 931 940 -1 -2 
125 122 128 108 117 124 659 765 928 955 -1 -2 
28 100 123 123 127 774 810 868 877 937 -1 -2 
28 100 123 649 127 751 818 828 858 895 -1 -2 
125 126 123 127 434 501 687 710 891 989 -1 -2 
64 97 99 108 117 124 661 745 756 861 -1 -2 
122 125 126 127 468 619 738 871 914 928 -1 -2 
122 122 98 128 119 633 714 762 807 920 -1 -2 
122 28 100 101 123 531 127 807 856 930 -1 -2 
24 24 98 87 119 98 101 119 942 948 -1 -2 
28 100 98 123 119 127 622 673 763 979 -1 -2 
122 128 286 575 585 599 641 711 712 772 -1 -2 
28 24 87 98 541 101 720 119 879 949 -1 -2 
122 122 576 128 674 736 745 772 893 918 -1 -2 
24 100 87 98 335 101 427 119 613 712 -1 -2 
125 28 100 127 123 127 683 720 881 900 -1 -2 
125 122 128 127 119 507 668 798 835 996 -1 -2 
24 87 123 98 119 101 800 119 831 886 -1 -2 
122 24 123 87 98 525 101 119 863 910 -1 -2 
28 122 123 128 314 369 473 590 683 760 -1 -2 
28 28 100 127 123 615 127 788 873 875 -1 -2 
122 24 257 87 98 618 101 119 719 975 -1 -2 
64 28 99 100 117 123 127 852 898 963 -1 -2 
122 28 100 123 502 127 616 694 906 981 -1 -2 
24 87 98 98 101 302 119 417 651 708 -1 -2 
122 128 123 127 677 738 821 872 877 912 -1 -2 
24 87 98 101 119 119 494 615 828 872 -1 -2 
24 24 87 101 98 101 669 119 818 840 -1 -2 
28 128 100 123 657 127 791 904 953 978 -1 -2 
24 24 98 87 119 98 101 119 870 914 -1 -2 
28 100 123 123 127 636 674 764 935 991 -1 -2 
122 126 128 108 117 124 810 864 918 960 -1 -2 
122 128 98 101 119 556 833 883 967 997 -1 -2 
24 122 98 128 119 712 722 740 805 949 -1 -2 
125 122 99 128 117 124 534 547 663 949 -1 -2 
28 100 123 127 119 499 679 754 913 940 -1 -2 
122 128 128 101 119 525 611 618 690 972 -1 -2 
122 128 98 101 119 467 592 606 726 933 -1 -2 
122 128 98 101 119 747 897 924 933 980 -1 -2 
28 64 123 97 99 108 117 124 905 996 -1 -2 
24 122 98 128 119 578 593 623 638 686 -1 -2 
122 122 98 128 119 554 576 656 715 833 -1 -2 
125 97 126 108 117 124 870 908 977 1000 -1 -2 
122 128 123 127 523 595 718 721 777 965 -1 -2 
122 128 123 127 119 621 626 697 811 883 -1 -2 
122 128 295 372 424 498 628 817 919 925 -1 -2 
122 28 137 100 161 123 127 649 791 942 -1 -2 
122 87 128 101 119 502 682 747 896 988 -1 -2 
125 28 100 108 123 124 127 571 592 643 -1 -2 
125 126 171 533 618 628 804 889 910 995 -1 -2 
122 122 123 128 119 343 400 491 919 987 -1 -2 
28 28 123 100 123 124 127 871 899 951 -1 -2 
62 122 128 486 598 603 680 785 799 816 -1 -2 
28 100 100 123 127 619 713 782 884 931 -1 -2 
64 97 225 99 382 108 452 117 124 934 -1 -2 
28 28 100 127 123 580 127 743 891 914 -1 -2 
64 128 97 101 99 108 117 124 844 967 -1 -2 
28 100 123 123 127 614 698 707 930 959 -1 -2 
64 24 99 87 117 98 101 119 722 848 -1 -2 
122 128 123 127 207 361 411 739 756 1000 -1 -2 
24 87 123 98 133 101 119 699 938 974 -1 -2 
28 100 123 127 127 735 743 819 937 974 -1 -2 
24 24 98 87 98 623 101 119 866 940 -1 -2 
24 87 98 101 119 119 564 599 648 762 -1 -2 
24 87 123 98 101 405 119 469 588 857 -1 -2 
125 122 123 128 308 381 658 929 940 980 -1 -2 
24 64 97 99 108 645 117 124 921 958 -1 -2 
125 100 126 127 467 480 535 607 706 838 -1 -2 
125 122 256 128 296 382 726 733 836 971 -1 -2 
122 24 118 87 423 98 101 119 727 940 -1 -2 
122 128 98 101 119 599 676 768 912 995 -1 -2 
125 122 245 128 436 483 626 671 749 841 -1 -2 
122 126 128 593 718 736 751 878 936 1000 -1 -2 
28 100 123 127 353 568 598 874 896 977 -1 -2 
125 24 87 98 119 101 679 119 938 953 -1 -2 
125 126 98 101 119 705 787 824 841 905 -1 -2 
28 128 100 123 119 127 585 646 773 810 -1 -2 
24 100 87 98 691 101 921 119 953 977 -1 -2 
125 64 97 637 99 108 889 117 124 998 -1 -2 
125 24 87 127 98 754 101 119 837 996 -1 -2 
125 62 123 127 89 259 338 381 622 845 -1 -2 
24 122 98 128 119 571 603 737 766 926 -1 -2 
125 24 307 87 98 609 101 119 935 940 -1 -2 
24 126 87 630 98 699 101 119 851 921 -1 -2 
28 122 128 127 330 349 688 760 773 983 -1 -2 
122 87 128 101 119 124 634 655 821 912 -1 -2 
122 128 123 127 119 515 571 625 661 979 -1 -2 
122 128 98 101 119 730 736 761 851 893 -1 -2 
28 62 123 127 698 734 779 815 836 943 -1 -2 
64 128 97 127 99 108 117 124 959 965 -1 -2 
28 100 123 127 384 537 551 568 735 999 -1 -2 
28 100 123 127 579 581 744 773 794 915 -1 -2 
28 122 128 127 597 622 679 703 867 910 -1 -2 
24 87 98 101 119 398 478 734 791 857 -1 -2 
24 122 128 101 119 497 517 769 782 906 -1 -2 
122 28 104 100 243 123 127 696 786 839 -1 -2 
24 128 87 138 98 329 101 119 744 926 -1 -2 
24 122 98 128 119 580 668 807 889 982 -1 -2 
125 28 100 127 123 127 679 907 910 921 -1 -2 
24 24 87 98 119 101 858 119 937 967 -1 -2 
122 122 128 416 494 577 648 666 748 884 -1 -2 
122 24 98 87 98 299 101 119 647 669 -1 -2 
64 100 97 99 108 603 117 124 806 975 -1 -2 
24 122 98 128 119 573 678 770 853 949 -1 -2 
125 126 123 127 467 608 750 754 845 861 -1 -2 
122 128 128 101 119 666 784 812 908 960 -1 -2 
64 122 128 108 117 124 712 740 887 900 -1 -2 
122 24 87 101 98 101 119 809 850 882 -1 -2 
64 28 99 100 123 124 127 855 872 945 -1 -2 
125 122 128 127 388 527 588 793 866 934 -1 -2 
64 122 128 108 117 124 687 796 865 895 -1 -2 
125 28 100 123 127 124 424 691 902 932 -1 -2 
122 128 128 101 119 382 583 888 984 992 -1 -2 
24 28 98 100 123 127 726 750 766 910 -1 -2 
24 24 87 98 101 119 494 553 616 846 -1 -2 
24 87 123 98 101 513 119 700 820 884 -1 -2 
122 87 128 101 119 124 563 755 895 966 -1 -2 
24 87 87 98 119 101 119 660 703 797 -1 -2 
24 122 128 101 119 448 501 772 951 998 -1 -2 
122 128 123 127 117 124 572 581 629 731 -1 -2 
28 122 123 128 119 444 543 713 766 996 -1 -2 
5 64 97 104 99 661 108 117 124 993 -1 -2 
28 100 123 127 516 634 690 790 868 885 -1 -2 
64 122 128 108 117 124 659 759 773 902 -1 -2 
125 122 128 101 119 563 658 716 735 806 -1 -2 
24 87 123 98 496 101 519 119 835 957 -1 -2 
24 87 98 101 119 687 692 856 863 927 -1 -2 
122 126 128 127 119 482 556 743 889 992 -1 -2 
24 24 98 87 98 780 101 119 918 936 -1 -2 
122 128 128 101 119 607 640 721 756 870 -1 -2 
122 122 123 128 512 594 699 867 902 977 -1 -2 
122 128 123 127 558 567 641 679 770 937 -1 -2 
122 122 123 128 255 581 586 672 783 907 -1 -2 
122 128 123 127 900 901 930 966 990 995 -1 -2 
122 125 126 718 789 815 864 955 970 1000 -1 -2 
122 28 100 108 123 127 558 670 702 975 -1 -2 
28 122 128 127 117 124 825 852 867 983 -1 -2 
122 122 123 128 311 695 746 850 932 941 -1 -2 
28 100 98 123 127 356 406 616 670 735 -1 -2 
122 128 460 499 699 746 758 834 907 1000 -1 -2 
125 126 123 127 377 432 519 769 788 814 -1 -2 
64 97 99 108 119 117 703 124 746 781 -1 -2 
125 24 123 87 293 98 101 119 968 977 -1 -2 
28 24 123 87 117 98 101 119 786 887 -1 -2 
24 87 98 127 101 119 595 696 829 994 -1 -2 
125 122 99 128 117 124 703 731 774 962 -1 -2 
122 28 123 100 123 127 436 717 850 960 -1 -2 
122 24 123 87 119 98 101 119 888 894 -1 -2 
28 24 87 127 98 518 101 119 724 997 -1 -2 
28 100 123 127 341 511 594 625 716 738 -1 -2 
125 122 128 127 329 352 457 559 600 851 -1 -2 
122 64 123 97 283 99 108 117 124 982 -1 -2 
122 128 123 127 473 571 604 626 731 860 -1 -2 
24 28 98 100 123 373 127 489 716 852 -1 -2 
125 24 87 101 98 446 101 119 666 903 -1 -2 
125 24 87 98 119 101 119 726 826 873 -1 -2 
122 64 217 97 340 99 108 117 124 974 -1 -2 
125 122 123 128 476 570 599 686 792 916 -1 -2 
28 24 87 127 98 608 101 119 838 999 -1 -2 
122 128 123 127 614 639 658 743 809 866 -1 -2 
28 122 128 127 557 625 732 822 842 907 -1 -2 
122 128 128 255 302 500 520 527 717 825 -1 -2 
122 28 98 100 123 715 127 820 966 976 -1 -2 
28 122 123 128 304 650 703 727 883 892 -1 -2 
122 125 126 127 529 569 637 827 929 930 -1 -2 
122 128 98 101 119 603 696 780 913 962 -1 -2 
122 87 128 101 119 227 629 643 718 958 -1 -2 
24 122 98 128 119 464 662 765 826 926 -1 -2 
24 122 128 101 119 676 692 703 783 833 -1 -2 
28 122 123 128 119 594 667 822 874 914 -1 -2 
24 122 98 128 119 612 626 676 745 783 -1 -2 
28 122 123 128 394 463 505 637 708 971 -1 -2 
28 62 123 127 119 667 744 817 850 853 -1 -2 
28 28 123 100 119 123 127 716 730 733 -1 -2 
122 87 128 101 119 613 694 722 794 890 -1 -2 
125 62 123 127 317 403 757 789 848 880 -1 -2 
28 122 123 128 395 408 538 753 770 872 -1 -2 
24 24 87 101 98 696 101 119 755 860 -1 -2 
24 100 87 127 98 101 119 791 820 997 -1 -2 
24 122 98 128 119 124 447 517 778 856 -1 -2 
28 125 126 127 337 772 880 881 958 962 -1 -2 
122 128 137 170 236 394 531 558 705 908 -1 -2 
122 97 128 108 117 124 726 750 926 936 -1 -2 
122 126 128 288 392 621 737 750 781 862 -1 -2 
122 24 123 87 98 101 867 119 949 955 -1 -2 
122 97 128 108 117 124 635 721 847 868 -1 -2 
24 87 98 127 101 119 759 862 945 982 -1 -2 
122 24 87 98 101 119 624 655 753 917 -1 -2 
125 122 473 128 733 747 808 870 916 951 -1 -2 
122 128 99 108 117 124 547 557 580 670 -1 -2 
28 122 123 128 325 407 425 505 543 837 -1 -2 
28 100 123 127 387 424 495 531 611 768 -1 -2 
24 87 98 101 119 438 450 559 732 961 -1 -2 
125 28 123 100 123 127 623 802 854 890 -1 -2 
24 87 98 101 516 119 569 887 978 990 -1 -2 
122 126 128 127 507 731 896 898 934 998 -1 -2 
125 126 363 404 444 448 526 643 648 980 -1 -2 
125 125 123 126 460 584 739 795 885 911 -1 -2 
24 122 128 101 119 455 524 584 675 919 -1 -2 
122 125 126 127 278 441 664 679 733 881 -1 -2 
122 128 98 101 119 124 715 851 949 966 -1 -2 
125 24 123 87 638 98 101 119 871 978 -1 -2 
122 24 99 87 98 124 101 119 863 891 -1 -2 
28 125 126 127 453 545 557 612 757 953 -1 -2 
122 28 100 123 127 491 659 755 758 837 -1 -2 
122 128 128 674 676 693 703 847 863 876 -1 -2 
122 125 126 390 681 799 938 941 945 977 -1 -2 
122 24 87 98 101 124 119 817 923 950 -1 -2 
24 87 98 101 226 119 536 564 878 893 -1 -2 
122 128 306 341 365 398 478 708 738 903 -1 -2 
28 100 123 127 117 124 806 911 979 996 -1 -2 
122 24 87 98 544 101 593 119 891 960 -1 -2 
24 128 87 98 101 530 119 694 729 940 -1 -2 
28 28 123 100 123 595 127 619 711 744 -1 -2 
24 122 98 128 119 124 709 824 856 961 -1 -2 
28 122 128 127 262 313 372 470 588 805 -1 -2 
28 28 123 100 442 123 127 656 661 760 -1 -2 
24 87 98 101 119 468 735 930 960 1000 -1 -2 
122 28 100 123 127 602 743 754 819 951 -1 -2 
122 122 99 128 117 124 505 760 778 998 -1 -2 
64 28 100 108 123 127 613 703 806 922 -1 -2 
122 126 128 101 119 542 729 815 820 841 -1 -2 
28 24 123 87 687 98 101 119 987 997 -1 -2 
122 62 98 101 119 427 449 472 551 717 -1 -2 
122 100 128 127 324 538 584 673 712 904 -1 -2 
122 128 98 101 119 124 611 652 778 873 -1 -2 
28 128 100 101 123 628 127 836 898 988 -1 -2 
28 125 123 126 467 471 601 602 842 867 -1 -2 
64 126 97 127 99 595 108 117 124 861 -1 -2 
24 87 98 101 119 497 560 677 727 770 -1 -2 
122 28 100 101 123 127 577 627 891 903 -1 -2 
125 28 100 123 127 124 561 599 866 902 -1 -2 
122 122 128 127 328 352 611 616 627 780 -1 -2 
122 28 100 127 123 127 625 654 700 884 -1 -2 
122 125 126 127 724 726 755 760 771 868 -1 -2 
28 122 128 127 485 556 562 635 725 779 -1 -2 
122 128 123 127 119 454 547 568 648 887 -1 -2 
122 128 98 101 119 789 912 914 935 936 -1 -2 
28 28 100 123 405 127 621 674 692 866 -1 -2 
122 128 123 127 368 526 632 645 820 860 -1 -2 
28 128 100 127 123 394 127 728 740 921 -1 -2 
122 87 128 101 119 466 484 510 870 963 -1 -2 
122 24 87 101 98 101 119 891 900 906 -1 -2 
122 87 128 101 119 390 462 817 894 987 -1 -2 
122 122 128 429 525 603 607 684 816 937 -1 -2 
122 128 123 127 560 693 793 823 888 971 -1 -2 
122 100 128 127 356 389 521 594 912 941 -1 -2 
64 28 99 100 123 127 748 849 896 993 -1 -2 
122 122 128 312 393 804 842 868 922 998 -1 -2 
24 87 123 98 101 119 438 483 718 907 -1 -2 
122 128 123 127 119 511 553 726 810 901 -1 -2 
24 128 87 98 101 119 534 610 845 893 -1 -2 
122 122 409 128 686 761 772 840 921 936 -1 -2 
122 100 128 127 221 321 400 489 870 975 -1 -2 
122 128 123 127 737 790 811 865 866 950 -1 -2 
28 100 100 127 123 449 127 571 748 992 -1 -2 
125 24 87 98 117 101 697 119 833 884 -1 -2 
28 122 123 128 342 528 549 621 655 938 -1 -2 
28 122 128 127 571 612 649 742 796 891 -1 -2 
122 128 98 101 119 770 895 901 908 929 -1 -2 
28 24 123 87 119 98 101 119 885 967 -1 -2 
28 128 100 123 478 127 510 616 722 806 -1 -2 
122 122 128 484 510 578 584 632 870 952 -1 -2 
122 128 128 127 623 647 753 761 854 952 -1 -2 
122 122 128 127 119 503 520 764 883 957 -1 -2 
28 100 98 123 119 127 747 856 958 985 -1 -2 
28 122 128 127 606 662 835 943 949 966 -1 -2 
122 122 128 108 117 124 447 550 709 882 -1 -2 
122 24 87 127 98 101 705 119 785 843 -1 -2 
28 100 100 123 127 309 359 504 806 844 -1 -2 
24 100 87 127 98 101 664 119 898 951 -1 -2 
125 28 100 127 123 479 127 668 670 859 -1 -2 
125 122 123 128 340 461 556 587 663 706 -1 -2 
125 126 258 443 547 706 748 768 782 893 -1 -2 
122 100 128 127 119 695 702 704 841 883 -1 -2 
24 122 128 101 119 679 700 731 935 981 -1 -2 
24 87 98 98 101 421 119 701 860 926 -1 -2 
28 100 98 123 119 127 601 665 752 936 -1 -2 
24 100 87 127 98 101 119 750 753 900 -1 -2 
28 100 100 127 123 127 694 727 746 988 -1 -2 
24 100 87 98 101 119 691 717 835 884 -1 -2 
24 122 128 101 119 454 541 825 868 932 -1 -2 
28 100 123 127 127 329 339 526 547 549 -1 -2 
64 24 87 108 98 124 101 119 675 822 -1 -2 
28 62 123 127 119 278 691 769 852 853 -1 -2 
28 24 87 127 98 379 101 119 636 662 -1 -2 
28 100 100 123 127 695 750 797 874 922 -1 -2 
122 24 217 87 98 627 101 119 885 928 -1 -2 
28 122 128 127 471 482 621 636 866 991 -1 -2 
122 128 123 127 119 733 808 822 847 848 -1 -2 
28 122 123 128 650 705 776 849 927 942 -1 -2 
122 128 128 127 504 568 670 736 807 969 -1 -2 
122 24 87 98 101 119 572 587 708 747 -1 -2 
28 122 123 128 119 657 732 809 819 852 -1 -2 
64 122 128 108 117 124 720 816 888 904 -1 -2 
