168 209 299 399 428 447 610 705 771 898 -1 -2 
70 109 107 122 116 125 128 846 850 941 -1 -2 
70 33 109 122 147 125 223 237 725 820 -1 -2 
104 115 319 124 763 923 939 944 949 981 -1 -2 
238 397 487 719 742 744 764 773 904 906 -1 -2 
118 80 106 107 110 116 127 128 783 833 -1 -2 
42 126 260 302 336 368 538 581 650 831 -1 -2 
166 202 317 339 538 594 695 736 795 920 -1 -2 
142 247 257 351 494 638 658 836 910 954 -1 -2 
303 348 434 597 631 658 675 790 808 885 -1 -2 
178 199 281 419 504 633 686 787 805 977 -1 -2 
15 204 209 273 338 446 816 827 961 971 -1 -2 
70 109 122 339 125 448 505 693 981 993 -1 -2 
13 7 177 108 514 597 607 725 859 922 -1 -2 
39 144 162 182 228 280 476 627 965 988 -1 -2 
69 97 127 234 296 354 515 553 700 984 -1 -2 
5 172 241 244 261 317 388 576 579 975 -1 -2 
12 64 376 429 439 584 735 736 764 798 -1 -2 
202 534 564 591 614 733 798 805 889 928 -1 -2 
131 196 203 269 276 321 368 406 787 910 -1 -2 
74 103 198 256 328 376 431 449 657 826 -1 -2 
80 70 109 122 125 127 128 712 717 912 -1 -2 
102 80 191 106 107 518 110 116 127 128 -1 -2 
104 42 115 124 310 673 738 746 960 985 -1 -2 
192 2 79 543 655 657 754 792 953 978 -1 -2 
95 269 320 401 412 432 529 762 824 950 -1 -2 
52 85 244 269 306 545 690 718 906 934 -1 -2 
349 80 556 106 107 680 110 116 127 128 -1 -2 
3 112 153 160 253 306 437 447 769 918 -1 -2 
227 80 106 107 110 116 771 127 889 128 -1 -2 
32 70 109 228 122 125 538 588 865 956 -1 -2 
80 106 107 110 240 116 311 127 776 128 -1 -2 
107 173 183 481 548 719 737 780 807 909 -1 -2 
199 80 241 106 539 107 110 116 127 128 -1 -2 
80 407 106 631 107 758 110 116 127 128 -1 -2 
1 332 497 554 573 628 658 661 767 877 -1 -2 
80 106 107 523 110 655 116 829 127 128 -1 -2 
92 159 334 335 404 533 679 781 813 822 -1 -2 
70 316 109 574 122 641 125 852 866 883 -1 -2 
7 108 85 188 308 382 464 722 843 916 -1 -2 
70 104 109 400 122 446 125 603 785 835 -1 -2 
338 2 439 79 723 752 760 826 914 971 -1 -2 
171 80 296 106 580 107 110 116 127 128 -1 -2 
24 80 106 107 744 110 116 854 127 128 -1 -2 
10 15 142 189 776 829 877 888 902 999 -1 -2 
152 80 334 106 434 107 110 116 127 128 -1 -2 
59 67 292 394 430 447 475 689 866 950 -1 -2 
2 89 79 128 153 361 367 588 622 764 -1 -2 
80 269 106 107 110 573 116 127 889 128 -1 -2 
80 253 106 107 110 426 116 127 128 996 -1 -2 
61 70 208 109 375 122 125 618 654 862 -1 -2 
37 188 197 264 425 549 623 731 782 948 -1 -2 
80 106 106 107 116 110 128 116 127 128 -1 -2 
29 86 140 207 417 425 543 804 854 983 -1 -2 
51 192 263 302 439 511 544 832 880 954 -1 -2 
44 70 109 479 122 767 125 828 862 883 -1 -2 
80 106 107 136 110 116 127 767 128 871 -1 -2 
80 70 109 110 122 127 125 834 873 933 -1 -2 
26 108 288 741 755 768 811 849 858 968 -1 -2 
4 104 175 115 124 385 614 627 656 805 -1 -2 
80 415 106 464 107 110 116 663 127 128 -1 -2 
104 115 124 489 587 601 616 746 747 967 -1 -2 
66 92 146 308 458 616 649 823 835 904 -1 -2 
80 221 106 107 110 380 116 127 128 889 -1 -2 
80 106 107 110 381 116 127 128 776 897 -1 -2 
67 225 317 383 423 439 753 790 877 977 -1 -2 
7 108 245 251 340 470 574 627 904 985 -1 -2 
50 167 214 294 300 347 574 583 701 798 -1 -2 
70 70 122 109 122 427 125 849 967 980 -1 -2 
105 117 119 327 398 399 646 851 894 958 -1 -2 
121 149 165 244 284 545 775 927 946 993 -1 -2 
70 108 109 445 122 483 125 813 899 1000 -1 -2 
56 70 347 109 122 658 125 848 934 966 -1 -2 
80 93 106 243 107 553 110 116 127 128 -1 -2 
6 58 290 337 515 658 766 971 984 986 -1 -2 
113 186 412 461 533 559 641 699 848 965 -1 -2 
77 366 456 613 670 725 958 960 965 973 -1 -2 
62 97 164 292 358 487 673 776 811 947 -1 -2 
32 80 106 491 107 654 110 116 127 128 -1 -2 
149 534 541 793 814 852 874 928 938 1000 -1 -2 
12 70 116 109 243 122 125 353 665 893 -1 -2 
36 251 398 419 460 681 737 866 921 966 -1 -2 
70 109 155 122 125 486 633 681 847 955 -1 -2 
23 53 73 206 346 369 442 462 591 701 -1 -2 
66 131 276 285 395 828 877 909 964 977 -1 -2 
2 80 405 106 586 107 110 116 127 128 -1 -2 
2 79 158 163 189 291 348 414 570 835 -1 -2 
155 171 239 355 403 426 491 499 867 954 -1 -2 
81 386 447 491 507 567 596 644 731 944 -1 -2 
2 42 393 397 490 593 696 815 902 909 -1 -2 
108 80 106 107 656 110 116 127 900 128 -1 -2 
129 80 420 106 685 107 110 116 127 128 -1 -2 
179 328 329 404 594 637 685 689 855 909 -1 -2 
35 77 444 474 652 838 856 863 960 993 -1 -2 
30 59 153 188 190 199 208 400 579 975 -1 -2 
80 121 106 107 110 572 116 127 727 128 -1 -2 
80 106 107 110 116 127 421 128 639 998 -1 -2 
35 79 83 129 217 311 540 636 692 932 -1 -2 
22 112 233 277 458 460 553 627 864 897 -1 -2 
80 98 106 315 107 110 574 116 127 128 -1 -2 
22 115 313 355 422 423 495 639 761 993 -1 -2 
212 312 345 438 542 652 731 745 846 954 -1 -2 
55 57 74 146 494 510 574 807 872 988 -1 -2 
65 70 134 109 462 122 125 784 896 958 -1 -2 
88 133 232 297 342 536 558 569 579 1000 -1 -2 
20 131 258 419 501 550 557 677 687 835 -1 -2 
45 188 71 87 410 451 479 534 570 989 -1 -2 
257 463 573 688 714 731 739 797 849 991 -1 -2 
175 80 206 106 107 110 371 116 127 128 -1 -2 
10 2 158 79 545 609 677 845 862 900 -1 -2 
80 143 106 107 531 110 695 116 127 128 -1 -2 
70 109 160 122 125 349 353 682 799 989 -1 -2 
78 80 106 107 110 641 116 836 127 128 -1 -2 
80 106 107 272 110 116 127 128 861 942 -1 -2 
44 2 79 276 302 324 566 708 860 930 -1 -2 
70 109 122 125 116 127 128 591 645 963 -1 -2 
37 132 158 200 287 371 535 885 915 926 -1 -2 
70 278 109 122 125 679 700 774 775 938 -1 -2 
80 242 106 426 107 110 116 806 127 128 -1 -2 
89 80 489 106 107 730 110 116 127 128 -1 -2 
193 202 247 371 635 700 702 729 750 924 -1 -2 
50 227 262 263 333 342 405 421 621 741 -1 -2 
53 45 71 138 87 267 338 710 714 830 -1 -2 
104 80 589 106 107 110 116 693 127 128 -1 -2 
99 130 162 290 388 449 540 707 770 875 -1 -2 
129 413 460 462 634 791 804 855 954 986 -1 -2 
32 80 472 557 596 609 864 889 892 925 -1 -2 
130 162 220 394 470 584 640 659 681 925 -1 -2 
80 70 107 109 122 125 128 822 836 927 -1 -2 
3 113 191 408 463 645 668 745 855 978 -1 -2 
113 111 377 425 440 705 735 750 886 923 -1 -2 
80 106 107 390 110 116 626 127 716 128 -1 -2 
106 164 344 383 549 616 626 737 800 915 -1 -2 
23 368 411 437 467 688 761 853 857 878 -1 -2 
63 80 268 106 307 107 110 116 127 128 -1 -2 
80 130 106 450 107 110 116 127 893 128 -1 -2 
210 308 386 540 580 702 709 740 742 985 -1 -2 
2 164 272 364 379 480 577 846 916 984 -1 -2 
117 274 290 380 543 624 677 825 932 966 -1 -2 
75 121 457 630 698 759 781 790 860 984 -1 -2 
70 24 109 35 122 730 125 850 865 919 -1 -2 
185 190 391 637 749 780 814 828 891 932 -1 -2 
71 111 142 160 194 235 431 493 611 830 -1 -2 
70 109 323 122 125 577 661 670 706 859 -1 -2 
70 80 106 125 107 373 110 116 127 128 -1 -2 
45 71 197 87 479 574 644 732 773 983 -1 -2 
23 76 122 168 298 536 736 842 946 960 -1 -2 
70 90 109 173 122 340 125 533 892 916 -1 -2 
154 2 202 79 247 398 759 891 907 970 -1 -2 
80 165 106 305 107 784 110 116 127 128 -1 -2 
215 350 520 531 573 701 705 808 903 920 -1 -2 
12 80 106 107 488 110 116 127 128 852 -1 -2 
329 459 637 672 741 765 792 816 876 952 -1 -2 
70 395 109 122 125 537 641 685 708 985 -1 -2 
96 291 337 574 651 747 806 877 913 978 -1 -2 
95 183 206 294 416 721 729 792 877 942 -1 -2 
7 17 50 238 345 378 516 963 974 980 -1 -2 
80 80 107 106 107 127 110 116 127 128 -1 -2 
80 106 107 265 110 116 127 128 757 986 -1 -2 
70 138 309 474 530 647 703 855 907 990 -1 -2 
87 90 187 206 276 642 666 672 825 982 -1 -2 
52 76 193 209 493 615 715 747 818 968 -1 -2 
26 178 189 223 426 463 498 580 699 880 -1 -2 
51 80 143 106 218 107 110 116 127 128 -1 -2 
8 9 215 283 300 356 436 519 606 645 -1 -2 
7 317 108 582 663 739 821 871 886 999 -1 -2 
134 80 106 438 107 110 116 127 128 849 -1 -2 
40 139 180 487 605 823 838 904 977 1000 -1 -2 
70 109 352 122 125 598 609 630 753 977 -1 -2 
2 79 377 472 575 638 879 912 946 954 -1 -2 
46 83 150 190 535 604 755 810 954 969 -1 -2 
261 2 383 79 570 601 650 772 810 922 -1 -2 
22 68 115 117 129 205 308 535 644 871 -1 -2 
21 94 132 133 145 183 315 333 392 567 -1 -2 
70 233 109 347 122 445 125 673 811 920 -1 -2 
80 382 106 107 110 116 515 127 128 807 -1 -2 
6 60 69 182 200 234 344 645 742 886 -1 -2 
27 75 186 214 250 283 725 735 795 963 -1 -2 
122 232 308 475 773 780 855 911 934 973 -1 -2 
238 282 319 322 376 505 608 874 880 911 -1 -2 
68 80 106 294 107 441 110 116 127 128 -1 -2 
68 70 95 107 137 352 553 607 645 853 -1 -2 
104 115 124 252 403 504 535 871 911 919 -1 -2 
3 53 78 147 263 404 526 566 710 747 -1 -2 
70 70 122 109 122 125 710 717 856 863 -1 -2 
5 113 93 134 196 270 293 316 402 468 -1 -2 
180 241 329 488 562 625 652 693 918 972 -1 -2 
7 80 99 106 107 110 116 127 845 128 -1 -2 
36 103 228 252 326 381 427 726 758 866 -1 -2 
18 44 177 227 243 364 424 808 875 908 -1 -2 
80 196 106 107 446 110 116 127 751 128 -1 -2 
99 320 429 439 481 513 556 665 890 931 -1 -2 
104 242 115 318 124 443 486 816 925 943 -1 -2 
221 274 314 359 572 609 650 716 868 988 -1 -2 
113 80 106 107 110 331 116 656 127 128 -1 -2 
131 70 190 109 367 122 125 658 673 805 -1 -2 
80 80 106 107 116 110 116 898 127 128 -1 -2 
80 106 107 110 110 116 128 127 816 128 -1 -2 
111 184 561 617 661 809 892 919 923 928 -1 -2 
80 493 106 107 110 116 127 841 128 978 -1 -2 
160 264 297 335 353 408 451 774 926 991 -1 -2 
253 261 281 394 437 575 719 726 733 907 -1 -2 
130 237 324 361 624 687 688 708 752 936 -1 -2 
77 92 125 183 330 452 499 654 661 685 -1 -2 
35 72 93 146 154 225 338 681 969 998 -1 -2 
98 188 207 301 559 751 760 766 931 940 -1 -2 
205 80 362 106 529 107 110 116 127 128 -1 -2 
70 250 263 630 631 774 810 868 877 937 -1 -2 
397 428 523 649 676 751 818 828 858 895 -1 -2 
120 196 358 368 434 501 687 710 891 989 -1 -2 
70 109 113 122 396 125 661 745 756 861 -1 -2 
207 80 331 106 107 619 110 116 127 128 -1 -2 
209 80 376 106 509 107 110 116 127 128 -1 -2 
290 342 347 400 495 531 676 807 856 930 -1 -2 
101 135 189 254 517 594 642 729 942 948 -1 -2 
40 85 87 182 349 456 622 673 763 979 -1 -2 
113 170 286 575 585 599 641 711 712 772 -1 -2 
55 77 495 512 541 668 720 795 879 949 -1 -2 
282 400 576 629 674 736 745 772 893 918 -1 -2 
34 186 291 325 335 402 427 488 613 712 -1 -2 
54 92 273 357 572 675 683 720 881 900 -1 -2 
17 72 231 397 463 507 668 798 835 996 -1 -2 
158 165 175 380 444 596 800 808 831 886 -1 -2 
92 105 182 189 361 525 576 713 863 910 -1 -2 
29 137 184 219 314 369 473 590 683 760 -1 -2 
131 212 229 253 264 615 767 788 873 875 -1 -2 
70 109 122 125 125 618 689 690 719 975 -1 -2 
19 319 330 420 652 788 801 852 898 963 -1 -2 
70 109 414 122 125 530 616 694 906 981 -1 -2 
4 80 67 106 194 107 110 116 127 128 -1 -2 
80 179 106 107 110 738 116 872 127 128 -1 -2 
32 2 79 386 464 478 494 615 828 872 -1 -2 
50 129 207 280 397 506 669 747 818 840 -1 -2 
184 387 511 587 657 666 791 904 953 978 -1 -2 
70 109 324 122 559 125 621 667 870 914 -1 -2 
93 379 401 509 582 636 674 764 935 991 -1 -2 
95 70 109 122 125 746 810 864 918 960 -1 -2 
7 80 397 106 107 110 116 127 128 997 -1 -2 
80 106 107 110 116 116 128 127 805 128 -1 -2 
52 250 251 301 339 413 534 547 663 949 -1 -2 
80 80 107 106 116 107 110 116 127 128 -1 -2 
1 7 281 108 449 525 611 618 690 972 -1 -2 
145 371 435 448 451 467 592 606 726 933 -1 -2 
80 199 106 107 110 116 897 127 128 980 -1 -2 
80 80 106 110 107 110 116 127 128 996 -1 -2 
23 80 136 106 107 110 593 116 127 128 -1 -2 
185 223 395 486 497 554 576 656 715 833 -1 -2 
179 251 312 313 360 710 870 908 977 1000 -1 -2 
80 104 115 124 523 595 718 721 777 965 -1 -2 
69 90 110 133 545 621 626 697 811 883 -1 -2 
19 159 295 372 424 498 628 817 919 925 -1 -2 
59 124 137 141 161 363 419 649 791 942 -1 -2 
40 70 143 109 122 125 682 747 896 988 -1 -2 
39 215 232 240 329 437 454 571 592 643 -1 -2 
33 78 171 533 618 628 804 889 910 995 -1 -2 
13 80 106 107 110 116 127 128 919 987 -1 -2 
80 106 107 110 475 116 127 871 128 951 -1 -2 
70 109 107 122 116 125 128 785 799 816 -1 -2 
80 70 109 110 122 125 128 782 884 931 -1 -2 
51 174 225 271 382 401 452 685 869 934 -1 -2 
80 106 106 107 544 110 116 127 891 128 -1 -2 
70 136 109 280 122 439 125 781 844 967 -1 -2 
196 315 346 455 544 614 698 707 930 959 -1 -2 
109 159 252 280 296 303 524 557 722 848 -1 -2 
61 63 76 190 207 361 411 739 756 1000 -1 -2 
17 67 100 120 133 166 544 699 938 974 -1 -2 
162 80 106 107 333 110 116 127 128 974 -1 -2 
89 182 234 324 522 623 650 852 866 940 -1 -2 
19 41 47 297 401 527 564 599 648 762 -1 -2 
19 34 176 198 328 405 420 469 588 857 -1 -2 
70 55 109 211 122 125 658 929 940 980 -1 -2 
70 120 109 353 122 645 125 883 921 958 -1 -2 
45 361 71 87 467 480 535 607 706 838 -1 -2 
5 70 256 109 122 382 125 733 836 971 -1 -2 
70 99 109 122 125 462 471 671 727 940 -1 -2 
167 202 211 448 472 599 676 768 912 995 -1 -2 
80 70 107 109 122 125 128 671 749 841 -1 -2 
57 116 174 593 718 736 751 878 936 1000 -1 -2 
70 109 109 122 353 125 598 874 896 977 -1 -2 
1 94 165 307 445 618 679 807 938 953 -1 -2 
53 186 400 458 625 705 787 824 841 905 -1 -2 
184 286 287 395 435 552 585 646 773 810 -1 -2 
47 96 153 454 691 892 921 932 953 977 -1 -2 
247 304 588 637 649 795 889 912 934 998 -1 -2 
80 106 107 110 420 116 127 128 837 996 -1 -2 
17 42 61 78 89 259 338 381 622 845 -1 -2 
80 237 106 273 107 571 110 116 127 128 -1 -2 
195 280 307 370 498 609 825 860 935 940 -1 -2 
30 70 589 109 122 699 125 840 851 921 -1 -2 
80 106 311 107 330 110 116 760 127 128 -1 -2 
284 393 492 571 596 619 634 655 821 912 -1 -2 
105 199 388 400 469 515 571 625 661 979 -1 -2 
60 70 100 109 122 730 125 761 851 893 -1 -2 
351 433 563 579 698 734 779 815 836 943 -1 -2 
7 80 106 711 107 110 796 116 127 128 -1 -2 
24 79 203 267 384 537 551 568 735 999 -1 -2 
80 80 106 110 107 110 128 116 127 128 -1 -2 
229 281 331 466 597 622 679 703 867 910 -1 -2 
80 201 106 107 110 116 127 128 791 857 -1 -2 
80 228 106 325 107 497 110 116 127 128 -1 -2 
9 80 104 106 107 110 368 116 127 128 -1 -2 
54 70 128 138 271 329 526 672 744 926 -1 -2 
16 65 76 179 542 580 668 807 889 982 -1 -2 
80 106 107 110 423 116 679 127 128 921 -1 -2 
87 13 342 83 101 806 858 906 937 967 -1 -2 
94 101 357 416 494 577 648 666 748 884 -1 -2 
70 94 109 212 122 125 489 507 647 669 -1 -2 
80 80 106 107 116 110 116 127 806 128 -1 -2 
70 109 332 122 125 573 678 770 853 949 -1 -2 
58 164 319 328 467 608 750 754 845 861 -1 -2 
187 113 335 556 617 666 784 812 908 960 -1 -2 
11 70 109 209 122 528 125 740 887 900 -1 -2 
68 70 109 122 125 375 668 809 850 882 -1 -2 
80 243 106 509 107 768 110 116 127 128 -1 -2 
80 106 117 107 388 110 116 127 128 934 -1 -2 
232 70 109 122 553 125 687 796 865 895 -1 -2 
70 109 257 122 125 384 424 691 902 932 -1 -2 
29 70 109 122 125 382 583 888 984 992 -1 -2 
80 106 107 487 110 687 116 750 127 128 -1 -2 
70 26 109 368 122 125 494 553 616 846 -1 -2 
80 123 106 230 107 110 116 700 127 128 -1 -2 
92 80 106 364 107 110 563 116 127 128 -1 -2 
134 143 295 314 459 630 637 660 703 797 -1 -2 
6 107 221 260 384 448 501 772 951 998 -1 -2 
35 80 132 106 107 536 110 116 127 128 -1 -2 
8 95 230 270 396 444 543 713 766 996 -1 -2 
17 141 237 381 527 661 706 712 895 993 -1 -2 
80 51 106 219 107 634 110 116 127 128 -1 -2 
138 231 364 378 450 580 659 759 773 902 -1 -2 
2 79 153 203 215 563 658 716 735 806 -1 -2 
134 180 323 488 496 512 519 584 835 957 -1 -2 
80 106 107 118 110 687 116 856 127 128 -1 -2 
25 84 119 233 326 482 556 743 889 992 -1 -2 
257 346 553 645 669 780 818 887 918 936 -1 -2 
97 104 263 271 376 607 640 721 756 870 -1 -2 
125 70 109 470 122 125 699 867 902 977 -1 -2 
181 80 106 520 107 110 641 116 127 128 -1 -2 
18 70 221 109 255 122 125 672 783 907 -1 -2 
419 80 642 106 900 107 110 116 127 128 -1 -2 
80 106 106 107 116 110 128 116 127 128 -1 -2 
25 132 237 329 422 497 558 670 702 975 -1 -2 
65 80 106 107 110 422 116 127 867 128 -1 -2 
2 2 79 301 311 695 746 850 932 941 -1 -2 
78 146 225 251 300 356 406 616 670 735 -1 -2 
39 70 460 109 699 122 125 834 907 1000 -1 -2 
2 104 115 124 377 432 519 769 788 814 -1 -2 
156 338 386 531 536 673 703 717 746 781 -1 -2 
5 26 75 223 293 408 694 757 968 977 -1 -2 
24 90 140 398 414 538 578 694 786 887 -1 -2 
86 91 345 365 409 540 595 696 829 994 -1 -2 
2 79 282 353 494 538 703 731 774 962 -1 -2 
11 48 63 199 203 372 436 717 850 960 -1 -2 
70 109 122 201 125 572 602 665 888 894 -1 -2 
57 80 195 106 484 107 110 116 127 128 -1 -2 
70 138 109 122 341 125 594 625 716 738 -1 -2 
13 36 180 269 329 352 457 559 600 851 -1 -2 
104 104 115 282 124 326 372 407 486 982 -1 -2 
80 106 212 107 473 110 604 116 127 128 -1 -2 
96 172 195 338 348 373 470 489 716 852 -1 -2 
80 106 222 107 110 446 116 127 666 128 -1 -2 
109 168 310 430 581 610 620 726 826 873 -1 -2 
80 106 217 107 110 116 127 128 736 974 -1 -2 
80 106 107 474 110 116 127 686 128 916 -1 -2 
131 174 262 408 499 608 734 830 838 999 -1 -2 
80 106 107 107 116 110 128 116 127 128 -1 -2 
198 70 325 109 557 122 125 822 842 907 -1 -2 
104 213 115 124 302 500 520 527 717 825 -1 -2 
103 45 71 87 648 715 737 820 966 976 -1 -2 
94 70 219 109 122 650 125 727 883 892 -1 -2 
80 70 107 109 122 125 128 827 929 930 -1 -2 
80 106 107 110 116 603 127 780 128 962 -1 -2 
80 80 107 106 107 127 110 116 127 128 -1 -2 
10 100 110 329 397 464 662 765 826 926 -1 -2 
113 70 109 399 122 676 125 703 783 833 -1 -2 
122 218 336 364 588 594 667 822 874 914 -1 -2 
50 80 135 106 385 107 110 116 127 128 -1 -2 
17 71 110 233 394 463 505 637 708 971 -1 -2 
40 71 114 242 587 667 744 817 850 853 -1 -2 
80 106 107 110 116 116 127 128 730 733 -1 -2 
230 274 374 469 602 613 694 722 794 890 -1 -2 
35 87 91 203 317 403 757 789 848 880 -1 -2 
70 106 109 122 125 127 128 753 770 872 -1 -2 
306 358 559 574 617 696 710 712 755 860 -1 -2 
279 366 477 521 594 736 760 791 820 997 -1 -2 
89 104 126 313 346 379 447 517 778 856 -1 -2 
157 80 199 106 337 107 110 116 127 128 -1 -2 
127 129 137 170 236 394 531 558 705 908 -1 -2 
149 70 256 109 122 125 726 750 926 936 -1 -2 
35 183 225 288 392 621 737 750 781 862 -1 -2 
24 80 227 106 107 713 110 116 127 128 -1 -2 
53 80 106 107 110 601 116 721 127 128 -1 -2 
80 106 311 107 110 116 127 862 128 982 -1 -2 
180 272 273 444 602 615 624 655 753 917 -1 -2 
239 412 473 609 733 747 808 870 916 951 -1 -2 
80 106 107 397 110 505 116 127 128 670 -1 -2 
91 202 245 283 325 407 425 505 543 837 -1 -2 
41 301 319 350 387 424 495 531 611 768 -1 -2 
52 68 178 215 237 438 450 559 732 961 -1 -2 
70 109 448 122 125 530 623 802 854 890 -1 -2 
158 350 395 415 516 557 569 887 978 990 -1 -2 
66 139 261 427 507 731 896 898 934 998 -1 -2 
35 70 363 109 122 125 526 643 648 980 -1 -2 
84 80 106 107 110 584 116 795 127 128 -1 -2 
80 106 107 110 116 455 127 584 128 919 -1 -2 
40 80 76 106 278 107 110 116 127 128 -1 -2 
135 206 216 367 468 699 715 851 949 966 -1 -2 
4 481 484 615 638 662 689 723 871 978 -1 -2 
45 71 87 360 373 398 526 735 863 891 -1 -2 
27 80 106 377 107 545 110 116 127 128 -1 -2 
56 183 305 412 481 491 659 755 758 837 -1 -2 
430 540 637 674 676 693 703 847 863 876 -1 -2 
113 80 106 107 681 110 938 116 127 128 -1 -2 
62 88 155 210 259 661 796 817 923 950 -1 -2 
7 55 59 172 226 313 536 564 878 893 -1 -2 
98 70 109 341 122 398 125 708 738 903 -1 -2 
45 415 71 87 716 738 806 911 979 996 -1 -2 
10 33 105 191 544 554 593 662 891 960 -1 -2 
115 196 216 301 466 530 673 694 729 940 -1 -2 
80 237 106 107 110 116 127 619 128 744 -1 -2 
45 293 71 523 87 681 709 824 856 961 -1 -2 
2 80 117 106 262 107 110 116 127 128 -1 -2 
41 107 228 416 442 528 584 656 661 760 -1 -2 
203 348 376 410 451 468 735 930 960 1000 -1 -2 
80 213 106 107 110 602 116 127 819 128 -1 -2 
22 173 226 234 366 440 505 760 778 998 -1 -2 
63 80 92 106 236 107 110 116 127 128 -1 -2 
80 106 330 107 495 110 116 815 127 128 -1 -2 
300 80 568 106 107 110 116 967 127 128 -1 -2 
32 80 106 181 107 427 110 116 127 128 -1 -2 
15 36 117 273 324 538 584 673 712 904 -1 -2 
29 135 164 312 573 592 611 652 778 873 -1 -2 
80 115 106 142 107 628 110 116 127 128 -1 -2 
173 205 316 326 467 471 601 602 842 867 -1 -2 
198 251 385 525 572 595 630 663 693 861 -1 -2 
70 109 122 125 350 497 560 677 727 770 -1 -2 
13 41 68 150 305 310 577 627 891 903 -1 -2 
47 80 332 106 107 526 110 116 127 128 -1 -2 
37 62 85 256 328 352 611 616 627 780 -1 -2 
80 106 348 107 450 110 625 116 127 128 -1 -2 
80 140 106 283 107 110 755 116 127 128 -1 -2 
70 80 122 106 485 107 110 116 127 128 -1 -2 
21 114 131 156 451 454 547 568 648 887 -1 -2 
70 109 122 646 125 789 912 914 935 936 -1 -2 
21 143 167 331 405 464 621 674 692 866 -1 -2 
4 55 60 210 368 526 632 645 820 860 -1 -2 
70 65 109 267 122 394 125 728 740 921 -1 -2 
20 80 106 107 421 110 484 116 127 128 -1 -2 
209 223 270 340 387 833 849 891 900 906 -1 -2 
70 56 109 122 290 125 462 817 894 987 -1 -2 
70 80 106 107 110 116 607 127 128 937 -1 -2 
21 157 212 279 560 693 793 823 888 971 -1 -2 
80 106 107 110 116 389 127 594 128 941 -1 -2 
39 95 222 226 254 357 748 849 896 993 -1 -2 
35 80 121 106 393 107 110 116 127 128 -1 -2 
116 139 212 264 353 437 438 483 718 907 -1 -2 
190 315 420 483 490 511 553 726 810 901 -1 -2 
58 80 268 106 107 110 534 116 127 128 -1 -2 
345 398 409 462 686 761 772 840 921 936 -1 -2 
27 70 109 219 122 125 400 489 870 975 -1 -2 
80 343 106 681 107 790 110 116 127 128 -1 -2 
205 70 109 122 125 449 475 571 748 992 -1 -2 
2 86 79 378 398 584 697 776 833 884 -1 -2 
171 176 312 335 342 528 549 621 655 938 -1 -2 
70 109 407 122 125 612 649 742 796 891 -1 -2 
70 202 526 537 685 770 895 901 908 929 -1 -2 
70 109 193 122 125 523 755 806 885 967 -1 -2 
106 233 271 388 478 490 510 616 722 806 -1 -2 
10 104 309 115 124 578 584 632 870 952 -1 -2 
104 156 115 124 623 647 753 761 854 952 -1 -2 
15 80 260 106 107 110 520 116 127 128 -1 -2 
11 13 169 209 221 640 747 856 958 985 -1 -2 
80 106 106 107 110 116 127 128 949 966 -1 -2 
36 70 95 206 325 366 447 550 709 882 -1 -2 
80 106 456 107 521 110 116 127 785 128 -1 -2 
47 59 172 231 289 309 359 504 806 844 -1 -2 
10 104 85 115 124 656 664 833 898 951 -1 -2 
116 142 308 330 477 479 647 668 670 859 -1 -2 
30 88 200 261 340 461 556 587 663 706 -1 -2 
100 243 258 443 547 706 748 768 782 893 -1 -2 
85 131 387 454 570 695 702 704 841 883 -1 -2 
179 367 471 672 674 679 700 731 935 981 -1 -2 
3 26 170 306 342 421 606 701 860 926 -1 -2 
54 7 331 108 376 444 601 665 752 936 -1 -2 
96 132 483 516 581 614 658 750 753 900 -1 -2 
80 106 107 110 116 608 127 128 746 988 -1 -2 
20 45 318 71 87 595 691 717 835 884 -1 -2 
93 145 185 187 215 454 541 825 868 932 -1 -2 
80 70 107 109 116 122 125 526 547 549 -1 -2 
80 71 106 107 390 110 651 116 127 128 -1 -2 
23 126 156 197 253 278 691 769 852 853 -1 -2 
80 70 109 110 122 127 125 626 636 662 -1 -2 
8 203 207 313 570 695 750 797 874 922 -1 -2 
80 106 217 107 396 110 661 116 127 128 -1 -2 
122 70 410 109 471 122 125 636 866 991 -1 -2 
80 70 107 109 122 125 128 822 847 848 -1 -2 
70 109 122 125 650 705 776 849 927 942 -1 -2 
36 63 259 345 504 568 670 736 807 969 -1 -2 
52 75 97 180 238 495 572 587 708 747 -1 -2 
49 152 208 410 490 657 732 809 819 852 -1 -2 
67 227 253 533 682 709 720 816 888 904 -1 -2 
