101 107 117 399 118 447 610 705 771 898 -1 -2 
101 101 117 107 117 670 118 846 850 941 -1 -2 
30 101 57 107 117 219 118 237 725 820 -1 -2 
101 107 120 117 125 118 128 944 949 981 -1 -2 
101 101 107 117 742 118 764 773 904 906 -1 -2 
118 101 188 107 117 463 118 702 783 833 -1 -2 
101 28 107 122 117 118 128 581 650 831 -1 -2 
101 101 107 117 118 594 695 736 795 920 -1 -2 
101 18 117 28 494 120 122 125 126 128 -1 -2 
101 119 117 127 631 658 675 790 808 885 -1 -2 
101 119 127 118 504 633 686 787 805 977 -1 -2 
18 107 28 120 122 125 126 128 961 971 -1 -2 
101 107 107 118 117 448 118 693 981 993 -1 -2 
101 107 107 118 117 597 118 725 859 922 -1 -2 
119 127 117 118 228 280 476 627 965 988 -1 -2 
101 101 117 107 296 117 118 553 700 984 -1 -2 
5 101 107 117 118 317 388 576 579 975 -1 -2 
101 107 107 117 439 118 735 736 764 798 -1 -2 
101 28 107 122 117 118 128 805 889 928 -1 -2 
101 101 107 118 117 321 118 406 787 910 -1 -2 
101 101 117 107 117 118 431 449 657 826 -1 -2 
101 18 117 28 120 506 122 125 126 128 -1 -2 
101 133 107 117 279 118 526 562 820 832 -1 -2 
101 101 117 107 125 117 118 746 960 985 -1 -2 
101 107 107 118 117 126 118 792 953 978 -1 -2 
119 127 120 122 125 126 128 762 824 950 -1 -2 
29 85 73 92 98 114 690 718 906 934 -1 -2 
18 28 120 122 122 125 126 771 128 983 -1 -2 
3 101 153 107 117 306 118 447 769 918 -1 -2 
101 18 28 120 122 125 771 126 128 937 -1 -2 
101 101 107 117 118 324 538 588 865 956 -1 -2 
101 101 107 117 125 118 128 651 776 934 -1 -2 
101 107 117 118 118 719 737 780 807 909 -1 -2 
101 107 117 118 118 553 565 600 756 801 -1 -2 
101 107 120 117 125 118 128 912 956 989 -1 -2 
101 107 107 117 573 118 658 661 767 877 -1 -2 
29 101 92 107 114 117 118 829 861 979 -1 -2 
92 101 334 107 117 533 118 781 813 822 -1 -2 
101 107 117 117 118 641 688 852 866 883 -1 -2 
101 18 28 118 120 382 122 125 126 128 -1 -2 
101 104 107 400 117 446 118 603 785 835 -1 -2 
18 28 117 120 122 125 126 826 128 971 -1 -2 
101 101 107 117 125 118 128 614 716 930 -1 -2 
101 107 107 117 744 118 839 854 865 893 -1 -2 
101 101 117 107 125 117 118 888 902 999 -1 -2 
101 107 334 117 118 447 745 825 874 876 -1 -2 
101 101 107 118 117 118 475 689 866 950 -1 -2 
119 101 108 107 153 117 118 588 622 764 -1 -2 
2 101 107 314 117 118 697 715 889 929 -1 -2 
101 101 107 117 289 118 514 583 670 996 -1 -2 
101 107 117 117 375 118 553 618 654 862 -1 -2 
101 101 107 117 118 549 623 731 782 948 -1 -2 
101 101 107 117 118 272 366 453 496 850 -1 -2 
119 127 117 118 417 425 543 804 854 983 -1 -2 
101 107 263 117 118 511 544 832 880 954 -1 -2 
101 101 117 107 117 118 783 828 862 883 -1 -2 
101 107 107 117 137 118 633 767 858 871 -1 -2 
101 101 117 107 117 118 128 834 873 933 -1 -2 
18 28 117 120 122 768 125 849 126 128 -1 -2 
29 18 28 120 122 125 126 128 656 805 -1 -2 
101 101 107 118 117 532 118 663 807 936 -1 -2 
44 101 290 107 587 117 118 746 747 967 -1 -2 
101 101 117 107 458 117 118 823 835 904 -1 -2 
101 101 117 107 117 118 436 632 817 889 -1 -2 
18 107 28 118 120 383 122 125 126 128 -1 -2 
67 101 317 107 117 118 753 790 877 977 -1 -2 
119 101 107 117 340 118 574 627 904 985 -1 -2 
18 101 120 107 125 117 118 583 701 798 -1 -2 
101 18 117 28 120 122 125 126 128 980 -1 -2 
101 101 107 118 117 118 646 851 894 958 -1 -2 
119 107 127 118 284 545 775 927 946 993 -1 -2 
119 101 107 117 476 118 786 813 899 1000 -1 -2 
101 107 120 117 125 118 128 848 934 966 -1 -2 
101 101 107 117 445 118 574 580 823 992 -1 -2 
101 107 107 117 515 118 766 971 984 986 -1 -2 
101 107 117 117 118 559 641 699 848 965 -1 -2 
101 101 107 117 670 118 958 960 965 973 -1 -2 
101 107 117 292 118 487 673 776 811 947 -1 -2 
101 107 117 118 118 654 814 854 942 977 -1 -2 
119 101 117 107 814 117 118 928 938 1000 -1 -2 
12 101 107 117 118 274 279 353 665 893 -1 -2 
101 101 117 107 460 117 118 866 921 966 -1 -2 
18 101 107 117 125 118 128 681 847 955 -1 -2 
101 53 107 117 118 369 442 462 591 701 -1 -2 
18 101 107 122 117 126 118 909 964 977 -1 -2 
101 18 28 120 122 617 125 126 830 128 -1 -2 
101 107 107 118 117 291 118 414 570 835 -1 -2 
101 107 107 117 125 118 128 499 867 954 -1 -2 
81 101 107 491 117 118 596 644 731 944 -1 -2 
2 101 393 107 117 118 696 815 902 909 -1 -2 
18 107 28 118 120 659 122 125 126 128 -1 -2 
101 107 107 117 118 696 732 923 947 996 -1 -2 
18 107 28 118 120 637 122 125 126 128 -1 -2 
18 101 120 107 117 118 128 863 960 993 -1 -2 
101 107 117 117 118 199 208 400 579 975 -1 -2 
101 101 117 107 117 118 128 650 727 864 -1 -2 
101 101 107 118 117 126 118 578 639 998 -1 -2 
101 28 107 122 117 126 118 636 692 932 -1 -2 
101 107 120 117 125 118 128 627 864 897 -1 -2 
101 18 28 118 120 122 574 125 126 128 -1 -2 
101 101 107 118 117 118 495 639 761 993 -1 -2 
101 107 107 118 117 652 118 745 846 954 -1 -2 
101 107 117 118 494 510 574 807 872 988 -1 -2 
101 101 107 117 462 118 705 784 896 958 -1 -2 
101 101 107 117 118 536 558 569 579 1000 -1 -2 
101 101 117 107 501 117 118 677 687 835 -1 -2 
101 107 117 118 410 451 479 534 570 989 -1 -2 
101 18 117 28 714 120 122 125 126 128 -1 -2 
101 107 107 117 256 118 371 391 721 845 -1 -2 
18 101 107 122 117 126 118 845 862 900 -1 -2 
101 18 117 28 531 120 122 125 126 128 -1 -2 
101 107 107 117 118 349 353 682 799 989 -1 -2 
101 107 117 118 118 641 658 836 935 951 -1 -2 
133 18 246 28 120 361 122 125 126 128 -1 -2 
101 107 117 118 125 126 128 708 860 930 -1 -2 
101 107 117 118 433 442 534 591 645 963 -1 -2 
101 101 117 107 117 118 535 885 915 926 -1 -2 
101 107 117 118 512 679 700 774 775 938 -1 -2 
101 127 107 117 118 126 128 806 903 952 -1 -2 
101 101 107 117 118 730 823 901 918 945 -1 -2 
101 107 107 117 125 118 128 729 750 924 -1 -2 
101 107 262 117 333 118 405 421 621 741 -1 -2 
101 107 107 117 118 267 338 710 714 830 -1 -2 
119 107 127 118 655 657 670 693 957 986 -1 -2 
101 130 107 117 118 449 540 707 770 875 -1 -2 
101 101 107 118 117 791 118 855 954 986 -1 -2 
32 80 472 557 596 609 864 889 892 925 -1 -2 
101 107 107 118 117 126 118 659 681 925 -1 -2 
101 73 107 98 117 118 809 822 836 927 -1 -2 
101 18 28 120 122 125 668 126 855 128 -1 -2 
101 101 107 118 117 118 735 750 886 923 -1 -2 
101 101 107 117 422 118 626 674 716 814 -1 -2 
101 101 107 117 118 616 626 737 800 915 -1 -2 
101 119 117 127 467 688 761 853 857 878 -1 -2 
101 101 117 107 117 118 622 889 890 934 -1 -2 
101 101 107 118 117 118 777 852 893 958 -1 -2 
101 107 107 117 580 118 709 740 742 985 -1 -2 
101 164 107 364 117 480 118 846 916 984 -1 -2 
101 101 107 117 118 126 128 825 932 966 -1 -2 
101 107 117 117 118 759 781 790 860 984 -1 -2 
101 28 107 117 118 126 128 850 865 919 -1 -2 
101 190 107 637 117 118 814 828 891 932 -1 -2 
101 101 107 118 117 235 118 493 611 830 -1 -2 
101 101 107 117 118 577 661 670 706 859 -1 -2 
101 107 117 117 340 118 485 673 860 869 -1 -2 
101 107 107 118 117 118 644 732 773 983 -1 -2 
101 107 117 117 298 118 736 842 946 960 -1 -2 
101 101 107 117 125 118 128 533 892 916 -1 -2 
101 18 28 120 247 122 759 125 126 128 -1 -2 
101 101 107 117 412 118 818 861 946 980 -1 -2 
101 107 520 117 573 118 705 808 903 920 -1 -2 
101 107 107 117 118 513 619 675 838 852 -1 -2 
119 101 117 107 117 765 118 816 876 952 -1 -2 
101 107 117 117 118 537 641 685 708 985 -1 -2 
101 18 117 28 651 120 122 125 126 128 -1 -2 
101 107 107 118 117 721 118 792 877 942 -1 -2 
101 107 107 117 345 118 516 963 974 980 -1 -2 
101 107 107 118 117 442 118 850 853 879 -1 -2 
101 101 117 107 425 117 118 704 757 986 -1 -2 
101 107 117 122 118 126 128 855 907 990 -1 -2 
101 101 107 117 118 642 666 672 825 982 -1 -2 
52 76 193 209 493 615 715 747 818 968 -1 -2 
18 119 127 122 125 126 128 580 699 880 -1 -2 
101 107 107 117 218 118 469 491 835 983 -1 -2 
101 107 117 283 118 356 436 519 606 645 -1 -2 
142 101 491 107 117 739 118 871 886 999 -1 -2 
101 107 107 117 118 612 675 680 818 849 -1 -2 
18 101 120 107 117 126 118 904 977 1000 -1 -2 
101 28 107 122 117 118 128 630 753 977 -1 -2 
101 107 107 117 125 118 128 912 946 954 -1 -2 
18 101 120 107 125 117 118 810 954 969 -1 -2 
101 107 120 117 118 126 128 772 810 922 -1 -2 
22 101 107 117 129 118 308 535 644 871 -1 -2 
101 107 117 118 118 183 315 333 392 567 -1 -2 
101 101 117 107 412 117 118 673 811 920 -1 -2 
49 101 400 107 409 117 118 610 633 807 -1 -2 
101 60 107 117 118 234 344 645 742 886 -1 -2 
101 101 117 107 250 117 118 735 795 963 -1 -2 
101 107 117 117 773 118 855 911 934 973 -1 -2 
238 101 107 322 117 118 608 874 880 911 -1 -2 
101 101 107 118 117 441 118 851 875 947 -1 -2 
101 101 117 107 117 352 118 607 645 853 -1 -2 
119 127 117 118 403 504 535 871 911 919 -1 -2 
101 101 107 117 118 404 526 566 710 747 -1 -2 
101 107 458 117 118 627 710 717 856 863 -1 -2 
101 127 107 122 117 118 128 316 402 468 -1 -2 
101 101 107 118 117 126 118 693 918 972 -1 -2 
101 101 107 117 286 118 789 810 845 879 -1 -2 
18 28 120 252 122 125 126 128 758 866 -1 -2 
101 101 117 107 125 117 118 808 875 908 -1 -2 
101 101 117 107 117 118 653 695 751 963 -1 -2 
101 107 107 117 481 118 556 665 890 931 -1 -2 
101 107 107 117 436 118 486 816 925 943 -1 -2 
18 119 120 127 125 126 128 716 868 988 -1 -2 
101 107 117 118 118 331 504 656 951 996 -1 -2 
101 101 107 118 117 118 652 658 673 805 -1 -2 
101 107 117 117 488 118 836 898 967 988 -1 -2 
101 53 107 117 346 118 740 801 816 896 -1 -2 
101 101 107 117 661 118 892 919 923 928 -1 -2 
18 28 117 120 607 122 812 125 126 128 -1 -2 
101 101 117 107 353 117 118 774 926 991 -1 -2 
101 101 107 118 117 118 719 726 733 907 -1 -2 
101 101 107 117 624 118 688 708 752 936 -1 -2 
101 101 107 118 117 118 499 654 661 685 -1 -2 
101 107 107 118 117 118 338 681 969 998 -1 -2 
101 101 117 107 117 118 760 766 931 940 -1 -2 
101 101 117 107 125 117 118 765 928 955 -1 -2 
101 101 117 107 631 117 118 868 877 937 -1 -2 
101 107 107 117 118 751 818 828 858 895 -1 -2 
101 107 107 117 118 501 687 710 891 989 -1 -2 
101 107 107 118 117 585 118 745 756 861 -1 -2 
18 101 107 117 118 126 128 871 914 928 -1 -2 
101 107 117 118 509 633 714 762 807 920 -1 -2 
101 107 107 117 118 531 676 807 856 930 -1 -2 
18 101 120 107 125 117 118 729 942 948 -1 -2 
101 107 120 117 118 126 128 673 763 979 -1 -2 
101 107 117 117 118 599 641 711 712 772 -1 -2 
18 18 28 120 125 122 128 125 126 128 -1 -2 
282 101 107 117 118 736 745 772 893 918 -1 -2 
101 101 107 117 335 118 427 488 613 712 -1 -2 
101 107 107 118 117 126 118 720 881 900 -1 -2 
101 101 117 107 117 118 128 798 835 996 -1 -2 
158 101 175 107 444 117 118 808 831 886 -1 -2 
101 107 117 117 118 126 128 713 863 910 -1 -2 
101 137 107 219 117 118 473 590 683 760 -1 -2 
101 101 107 118 117 118 767 788 873 875 -1 -2 
101 218 107 117 386 118 689 690 719 975 -1 -2 
101 107 330 117 118 788 801 852 898 963 -1 -2 
101 107 117 117 502 118 616 694 906 981 -1 -2 
101 101 107 118 117 118 403 417 651 708 -1 -2 
101 101 107 118 117 118 821 872 877 912 -1 -2 
18 101 107 117 118 126 128 615 828 872 -1 -2 
18 101 120 107 117 118 128 747 818 840 -1 -2 
101 107 117 117 118 666 791 904 953 978 -1 -2 
237 101 324 107 559 117 118 667 870 914 -1 -2 
101 119 117 127 582 636 674 764 935 991 -1 -2 
101 101 117 107 485 117 118 864 918 960 -1 -2 
101 107 117 118 118 556 833 883 967 997 -1 -2 
101 101 107 118 117 118 722 740 805 949 -1 -2 
18 28 120 301 122 413 125 126 663 128 -1 -2 
101 18 28 120 122 125 126 754 128 940 -1 -2 
101 107 107 118 117 118 611 618 690 972 -1 -2 
101 18 28 120 122 467 125 606 126 128 -1 -2 
101 107 117 117 118 126 128 924 933 980 -1 -2 
101 107 117 118 118 478 710 727 905 996 -1 -2 
101 107 136 117 329 118 593 623 638 686 -1 -2 
101 18 28 120 497 122 125 126 128 833 -1 -2 
119 101 312 107 117 710 118 908 977 1000 -1 -2 
80 254 391 479 523 595 718 721 777 965 -1 -2 
101 107 107 117 545 118 626 697 811 883 -1 -2 
19 18 295 28 424 120 122 125 126 128 -1 -2 
59 119 127 141 161 363 419 649 791 942 -1 -2 
40 79 143 279 461 502 682 747 896 988 -1 -2 
39 215 232 240 329 437 454 571 592 643 -1 -2 
33 119 171 127 618 628 804 889 910 995 -1 -2 
13 119 137 199 311 343 400 491 919 987 -1 -2 
18 28 120 401 122 125 126 128 899 951 -1 -2 
18 18 120 28 120 126 122 125 126 128 -1 -2 
119 127 233 323 528 619 713 782 884 931 -1 -2 
18 119 127 122 125 126 128 685 869 934 -1 -2 
29 73 291 92 544 98 114 743 891 914 -1 -2 
29 73 259 92 289 98 514 114 844 967 -1 -2 
196 315 346 455 544 614 698 707 930 959 -1 -2 
18 28 120 280 122 303 125 557 126 128 -1 -2 
61 63 76 190 207 361 411 739 756 1000 -1 -2 
17 67 100 120 133 166 544 699 938 974 -1 -2 
18 127 28 304 120 122 743 125 126 128 -1 -2 
119 18 28 120 122 623 125 852 126 128 -1 -2 
18 18 28 120 125 122 128 125 126 128 -1 -2 
119 127 127 198 328 405 420 469 588 857 -1 -2 
33 18 62 28 308 120 122 125 126 128 -1 -2 
18 28 28 122 120 126 122 125 126 128 -1 -2 
229 18 447 28 120 122 125 126 706 128 -1 -2 
18 119 120 127 125 126 128 733 836 971 -1 -2 
119 119 127 119 423 462 471 671 727 940 -1 -2 
18 119 120 127 125 126 128 768 912 995 -1 -2 
18 28 120 122 122 126 125 126 128 841 -1 -2 
57 116 174 593 718 736 751 878 936 1000 -1 -2 
83 109 171 327 353 568 598 874 896 977 -1 -2 
1 18 165 28 445 120 122 125 126 128 -1 -2 
119 127 400 458 625 705 787 824 841 905 -1 -2 
184 286 287 395 435 552 585 646 773 810 -1 -2 
47 96 153 454 691 892 921 932 953 977 -1 -2 
247 304 588 637 649 795 889 912 934 998 -1 -2 
18 28 120 120 125 122 125 830 126 128 -1 -2 
17 18 28 78 120 122 125 381 126 128 -1 -2 
204 18 268 28 298 120 122 125 126 128 -1 -2 
119 280 127 370 498 609 825 860 935 940 -1 -2 
30 174 589 630 675 699 715 840 851 921 -1 -2 
18 28 120 122 125 349 126 128 773 983 -1 -2 
119 18 28 571 120 122 125 126 821 128 -1 -2 
105 18 388 28 120 515 122 125 126 128 -1 -2 
18 78 28 545 120 122 125 126 128 893 -1 -2 
18 119 120 127 125 126 128 815 836 943 -1 -2 
119 127 92 98 114 761 796 871 959 965 -1 -2 
24 79 203 267 384 537 551 568 735 999 -1 -2 
62 18 28 120 122 125 744 126 128 915 -1 -2 
18 119 120 127 125 126 128 703 867 910 -1 -2 
39 18 235 28 348 120 122 125 126 128 -1 -2 
119 228 127 325 362 497 517 769 782 906 -1 -2 
9 22 104 203 243 327 368 696 786 839 -1 -2 
18 28 128 120 122 329 125 672 126 128 -1 -2 
119 119 92 127 114 580 668 807 889 982 -1 -2 
148 119 272 127 423 508 679 907 910 921 -1 -2 
18 105 28 120 704 122 858 125 126 128 -1 -2 
119 101 127 416 494 577 648 666 748 884 -1 -2 
70 119 201 127 219 299 489 507 647 669 -1 -2 
18 189 28 120 364 122 125 764 126 128 -1 -2 
18 127 28 120 122 573 125 770 126 128 -1 -2 
58 18 28 120 122 608 125 126 128 861 -1 -2 
29 18 28 120 122 126 125 126 908 128 -1 -2 
11 18 138 28 237 120 122 125 126 128 -1 -2 
29 119 92 127 114 375 668 809 850 882 -1 -2 
33 243 406 509 522 768 845 855 872 945 -1 -2 
18 119 127 122 125 126 128 793 866 934 -1 -2 
232 312 355 535 553 675 687 796 865 895 -1 -2 
18 28 257 120 122 125 424 126 128 932 -1 -2 
119 18 28 120 122 382 125 888 126 128 -1 -2 
14 136 82 91 116 687 726 750 766 910 -1 -2 
3 18 82 28 120 478 122 125 126 128 -1 -2 
119 127 140 230 506 513 533 700 820 884 -1 -2 
18 28 159 120 122 125 563 126 128 966 -1 -2 
134 143 295 314 459 630 637 660 703 797 -1 -2 
119 127 221 260 384 448 501 772 951 998 -1 -2 
35 60 132 140 364 536 572 581 629 731 -1 -2 
8 95 230 270 396 444 543 713 766 996 -1 -2 
18 28 28 120 122 126 125 712 126 128 -1 -2 
119 51 127 219 516 634 690 790 868 885 -1 -2 
18 28 364 120 122 125 659 126 773 128 -1 -2 
10 18 153 28 120 122 658 125 126 128 -1 -2 
134 119 323 127 496 512 519 584 835 957 -1 -2 
17 119 71 127 294 687 692 856 863 927 -1 -2 
25 119 119 127 326 482 556 743 889 992 -1 -2 
257 119 127 645 669 780 818 887 918 936 -1 -2 
18 73 28 120 122 125 640 126 128 870 -1 -2 
119 326 127 470 512 594 699 867 902 977 -1 -2 
181 262 446 520 558 567 641 679 770 937 -1 -2 
18 73 28 98 120 122 586 125 126 128 -1 -2 
419 515 642 866 900 901 930 966 990 995 -1 -2 
18 406 28 120 122 815 125 126 970 128 -1 -2 
25 132 237 329 422 497 558 670 702 975 -1 -2 
65 119 246 127 332 422 825 852 867 983 -1 -2 
18 18 28 120 122 126 125 126 932 128 -1 -2 
18 28 120 122 125 126 406 128 670 735 -1 -2 
119 18 120 28 120 122 128 125 126 128 -1 -2 
34 58 208 367 377 432 519 769 788 814 -1 -2 
156 338 386 531 536 673 703 717 746 781 -1 -2 
119 127 75 223 293 408 694 757 968 977 -1 -2 
18 90 28 398 120 538 122 125 126 128 -1 -2 
86 91 345 365 409 540 595 696 829 994 -1 -2 
119 28 127 122 125 126 128 731 774 962 -1 -2 
119 119 127 199 203 372 436 717 850 960 -1 -2 
21 119 95 127 547 572 602 665 888 894 -1 -2 
57 18 195 28 120 518 122 125 126 128 -1 -2 
29 18 92 28 120 122 594 125 126 128 -1 -2 
18 127 28 120 122 126 125 126 128 851 -1 -2 
48 29 143 73 92 98 114 407 486 982 -1 -2 
65 18 212 28 120 122 604 125 126 128 -1 -2 
18 18 28 122 120 126 122 125 126 128 -1 -2 
152 18 222 28 120 446 122 125 126 128 -1 -2 
119 127 310 430 581 610 620 726 826 873 -1 -2 
34 86 217 272 340 443 547 666 736 974 -1 -2 
37 18 296 28 120 570 122 125 126 128 -1 -2 
29 18 92 28 120 608 122 125 126 128 -1 -2 
203 18 428 28 120 122 125 126 809 128 -1 -2 
198 204 325 449 557 625 732 822 842 907 -1 -2 
18 73 28 120 114 122 125 527 126 128 -1 -2 
18 116 28 375 120 715 122 125 126 128 -1 -2 
94 200 219 255 304 650 703 727 883 892 -1 -2 
18 127 28 122 120 126 122 125 126 128 -1 -2 
119 201 127 323 488 603 696 780 913 962 -1 -2 
29 58 73 147 92 227 98 114 718 958 -1 -2 
18 28 120 122 122 126 125 765 126 128 -1 -2 
119 127 336 399 564 676 692 703 783 833 -1 -2 
119 119 127 364 588 594 667 822 874 914 -1 -2 
18 28 120 214 122 125 626 126 745 128 -1 -2 
17 71 110 233 394 463 505 637 708 971 -1 -2 
18 127 28 120 122 126 125 126 128 853 -1 -2 
18 119 127 122 125 126 128 716 730 733 -1 -2 
230 274 374 469 602 613 694 722 794 890 -1 -2 
119 73 127 98 114 126 128 789 848 880 -1 -2 
1 193 298 343 395 408 538 753 770 872 -1 -2 
119 28 127 122 125 126 128 712 755 860 -1 -2 
279 366 477 521 594 736 760 791 820 997 -1 -2 
89 18 126 28 346 120 122 125 126 128 -1 -2 
157 159 199 255 337 772 880 881 958 962 -1 -2 
127 29 73 92 236 98 114 558 705 908 -1 -2 
149 119 127 333 412 676 726 750 926 936 -1 -2 
18 28 120 120 125 122 128 125 126 128 -1 -2 
24 18 227 28 451 120 122 125 126 128 -1 -2 
53 119 432 127 527 601 635 721 847 868 -1 -2 
119 28 127 122 125 126 128 862 945 982 -1 -2 
18 73 28 98 120 122 624 125 126 128 -1 -2 
18 28 120 122 122 125 128 126 916 128 -1 -2 
18 18 28 120 122 125 126 128 580 670 -1 -2 
91 18 28 283 120 122 125 126 543 128 -1 -2 
119 28 127 122 125 126 128 531 611 768 -1 -2 
29 73 92 215 98 438 114 559 732 961 -1 -2 
119 127 448 472 519 530 623 802 854 890 -1 -2 
119 127 120 122 125 126 128 887 978 990 -1 -2 
66 119 127 427 507 731 896 898 934 998 -1 -2 
119 338 127 404 444 448 526 643 648 980 -1 -2 
84 18 28 287 120 122 739 125 126 128 -1 -2 
18 18 28 120 125 122 128 125 126 128 -1 -2 
40 74 76 267 278 441 664 679 733 881 -1 -2 
18 28 120 120 122 126 125 851 126 128 -1 -2 
119 127 484 615 638 662 689 723 871 978 -1 -2 
4 119 127 360 373 398 526 735 863 891 -1 -2 
18 18 120 28 120 126 122 125 126 128 -1 -2 
18 28 92 120 114 122 125 755 126 128 -1 -2 
430 29 73 674 92 693 98 114 863 876 -1 -2 
119 18 28 120 681 122 125 941 126 128 -1 -2 
62 14 155 82 259 91 116 817 923 950 -1 -2 
18 55 28 172 120 313 122 125 126 128 -1 -2 
18 28 120 122 125 125 128 126 738 128 -1 -2 
304 29 590 73 716 92 98 114 979 996 -1 -2 
18 119 127 122 125 126 128 662 891 960 -1 -2 
18 119 120 127 125 126 128 694 729 940 -1 -2 
60 237 268 427 584 595 602 619 711 744 -1 -2 
18 293 296 523 537 681 709 824 856 961 -1 -2 
2 24 117 184 262 313 372 470 588 805 -1 -2 
18 28 28 120 122 125 128 126 128 760 -1 -2 
18 119 127 122 125 126 128 930 960 1000 -1 -2 
18 119 120 127 125 126 128 754 819 951 -1 -2 
22 18 28 234 120 122 505 125 126 128 -1 -2 
119 18 120 28 125 120 122 125 126 128 -1 -2 
112 146 330 427 495 542 729 815 820 841 -1 -2 
29 29 92 73 114 92 98 114 987 997 -1 -2 
18 119 127 122 125 126 128 472 551 717 -1 -2 
15 29 73 92 324 98 584 114 712 904 -1 -2 
29 18 92 28 120 122 128 125 126 128 -1 -2 
18 18 28 122 120 126 122 125 126 128 -1 -2 
173 119 127 326 467 471 601 602 842 867 -1 -2 
198 251 385 525 572 595 630 663 693 861 -1 -2 
91 156 204 320 350 497 560 677 727 770 -1 -2 
18 28 120 150 122 125 577 126 128 903 -1 -2 
18 28 332 120 357 122 125 599 126 128 -1 -2 
18 18 28 120 125 122 125 616 126 128 -1 -2 
94 29 348 73 92 98 625 114 700 884 -1 -2 
18 140 28 283 120 726 122 125 126 128 -1 -2 
75 119 127 355 485 556 562 635 725 779 -1 -2 
119 119 131 127 451 454 547 568 648 887 -1 -2 
69 119 127 646 665 789 912 914 935 936 -1 -2 
21 143 167 331 405 464 621 674 692 866 -1 -2 
4 55 60 210 368 526 632 645 820 860 -1 -2 
18 28 120 120 125 122 128 125 126 128 -1 -2 
20 316 354 408 421 466 484 510 870 963 -1 -2 
209 223 270 340 387 833 849 891 900 906 -1 -2 
18 28 28 122 120 126 122 125 126 128 -1 -2 
18 28 365 120 525 122 607 125 126 128 -1 -2 
119 127 212 279 560 693 793 823 888 971 -1 -2 
18 91 114 339 356 389 521 594 912 941 -1 -2 
18 28 28 122 120 122 125 126 896 128 -1 -2 
35 85 121 312 393 804 842 868 922 998 -1 -2 
119 139 127 264 353 437 438 483 718 907 -1 -2 
190 119 420 127 490 511 553 726 810 901 -1 -2 
18 28 120 122 451 125 126 128 845 893 -1 -2 
29 398 73 92 686 98 114 840 921 936 -1 -2 
27 163 185 219 221 321 400 489 870 975 -1 -2 
186 119 664 127 737 790 811 865 866 950 -1 -2 
205 18 28 120 434 122 475 125 126 128 -1 -2 
18 18 120 28 120 122 125 776 126 128 -1 -2 
171 176 312 335 342 528 549 621 655 938 -1 -2 
72 119 407 127 571 612 649 742 796 891 -1 -2 
18 73 28 98 120 122 125 126 128 929 -1 -2 
28 126 193 257 318 523 755 806 885 967 -1 -2 
18 28 120 122 122 125 126 128 722 806 -1 -2 
10 3 95 484 510 578 584 632 870 952 -1 -2 
18 119 127 122 125 126 128 761 854 952 -1 -2 
119 119 260 127 483 503 520 764 883 957 -1 -2 
11 13 169 209 221 640 747 856 958 985 -1 -2 
75 18 343 28 606 120 122 125 126 128 -1 -2 
29 73 92 98 114 126 128 550 709 882 -1 -2 
18 119 127 122 125 126 128 777 785 843 -1 -2 
18 59 28 120 122 309 125 504 126 128 -1 -2 
10 119 85 127 501 656 664 833 898 951 -1 -2 
116 142 308 330 477 479 647 668 670 859 -1 -2 
18 88 28 120 122 125 126 587 128 706 -1 -2 
18 28 120 122 547 125 748 126 782 128 -1 -2 
85 131 387 454 570 695 702 704 841 883 -1 -2 
119 18 28 672 120 122 125 731 126 128 -1 -2 
18 73 28 120 122 125 606 126 128 926 -1 -2 
54 62 331 361 376 444 601 665 752 936 -1 -2 
119 18 483 28 581 120 122 125 126 128 -1 -2 
197 218 448 508 517 608 694 727 746 988 -1 -2 
18 28 28 122 120 122 125 126 835 128 -1 -2 
93 145 185 187 215 454 541 825 868 932 -1 -2 
56 127 231 255 285 329 339 526 547 549 -1 -2 
18 28 120 122 390 125 651 126 128 822 -1 -2 
23 14 156 82 91 278 116 769 852 853 -1 -2 
18 28 120 122 122 126 125 626 126 128 -1 -2 
18 73 28 98 120 126 122 125 126 128 -1 -2 
119 127 217 323 396 627 661 777 885 928 -1 -2 
122 316 410 449 471 482 621 636 866 991 -1 -2 
94 168 395 429 713 733 808 822 847 848 -1 -2 
29 400 573 619 650 705 776 849 927 942 -1 -2 
36 63 259 345 504 568 670 736 807 969 -1 -2 
52 75 97 180 238 495 572 587 708 747 -1 -2 
29 73 92 98 114 657 732 809 819 852 -1 -2 
18 227 28 533 120 709 122 125 126 128 -1 -2 
