128 127 116 110 107 106 80 705 771 898 -1 -2 
128 127 116 110 107 106 80 846 850 941 -1 -2 
125 122 109 70 116 127 128 237 725 820 -1 -2 
125 122 109 70 116 127 128 944 949 981 -1 -2 
128 127 116 110 107 106 80 773 904 906 -1 -2 
128 127 116 110 107 106 80 702 783 833 -1 -2 
128 127 116 110 107 106 80 581 650 831 -1 -2 
125 122 109 70 116 127 128 736 795 920 -1 -2 
125 122 109 70 116 127 128 836 910 954 -1 -2 
128 127 116 110 107 106 80 790 808 885 -1 -2 
79 2 107 110 116 127 128 787 805 977 -1 -2 
128 127 116 110 107 106 80 827 961 971 -1 -2 
128 127 116 110 107 106 80 693 981 993 -1 -2 
128 127 116 110 107 106 80 725 859 922 -1 -2 
128 127 116 110 107 106 80 627 965 988 -1 -2 
128 127 116 110 107 106 80 553 700 984 -1 -2 
125 122 109 70 116 127 128 576 579 975 -1 -2 
128 127 116 110 107 106 80 736 764 798 -1 -2 
128 127 116 110 107 106 80 805 889 928 -1 -2 
125 122 109 70 116 127 128 406 787 910 -1 -2 
128 127 116 110 107 106 80 449 657 826 -1 -2 
128 127 116 110 107 106 80 712 717 912 -1 -2 
125 122 109 70 116 127 128 562 820 832 -1 -2 
128 127 116 110 107 106 80 746 960 985 -1 -2 
128 127 116 110 107 106 80 792 953 978 -1 -2 
128 127 116 110 107 106 80 762 824 950 -1 -2 
128 127 116 110 107 106 80 718 906 934 -1 -2 
128 127 116 110 107 106 80 771 970 983 -1 -2 
128 127 116 110 107 106 80 447 769 918 -1 -2 
128 127 116 110 107 106 80 814 889 937 -1 -2 
125 122 109 70 116 127 128 588 865 956 -1 -2 
125 122 109 70 116 127 128 651 776 934 -1 -2 
125 122 109 70 116 127 128 780 807 909 -1 -2 
125 122 109 70 116 127 128 600 756 801 -1 -2 
128 127 116 110 107 106 80 912 956 989 -1 -2 
128 127 116 110 107 106 80 661 767 877 -1 -2 
128 127 116 110 107 106 80 829 861 979 -1 -2 
125 122 109 70 116 127 128 781 813 822 -1 -2 
128 127 116 110 107 106 80 852 866 883 -1 -2 
79 2 107 110 116 127 128 722 843 916 -1 -2 
128 127 116 110 107 106 80 603 785 835 -1 -2 
125 122 109 70 116 127 128 826 914 971 -1 -2 
128 127 116 110 107 106 80 614 716 930 -1 -2 
125 122 109 70 116 127 128 854 865 893 -1 -2 
125 122 109 70 116 127 128 888 902 999 -1 -2 
128 127 116 110 107 106 80 825 874 876 -1 -2 
128 127 116 110 107 106 80 689 866 950 -1 -2 
125 122 109 70 116 127 128 588 622 764 -1 -2 
128 127 116 110 107 106 80 715 889 929 -1 -2 
125 122 109 70 116 127 128 583 670 996 -1 -2 
125 122 109 70 116 127 128 618 654 862 -1 -2 
128 127 116 110 107 106 80 731 782 948 -1 -2 
125 122 109 70 116 127 128 453 496 850 -1 -2 
125 122 109 70 116 127 128 804 854 983 -1 -2 
128 127 116 110 107 106 80 832 880 954 -1 -2 
128 127 116 110 107 106 80 828 862 883 -1 -2 
125 122 109 70 116 127 128 767 858 871 -1 -2 
79 2 107 110 116 127 128 834 873 933 -1 -2 
128 127 116 110 107 106 80 849 858 968 -1 -2 
128 127 116 110 107 106 80 627 656 805 -1 -2 
128 127 116 110 107 106 80 663 807 936 -1 -2 
125 122 109 70 116 127 128 746 747 967 -1 -2 
128 127 116 110 107 106 80 823 835 904 -1 -2 
128 127 116 110 107 106 80 632 817 889 -1 -2 
128 127 116 110 107 106 80 665 776 897 -1 -2 
125 122 109 70 116 127 128 790 877 977 -1 -2 
128 127 116 110 107 106 80 627 904 985 -1 -2 
128 127 116 110 107 106 80 583 701 798 -1 -2 
128 127 116 110 107 106 80 849 967 980 -1 -2 
128 127 116 110 107 106 80 851 894 958 -1 -2 
128 127 116 110 107 106 80 927 946 993 -1 -2 
125 122 109 70 116 127 128 813 899 1000 -1 -2 
128 127 116 110 107 106 80 848 934 966 -1 -2 
125 122 109 70 116 127 128 580 823 992 -1 -2 
124 115 104 125 116 127 128 971 984 986 -1 -2 
128 127 116 110 107 106 80 699 848 965 -1 -2 
125 122 109 70 116 127 128 960 965 973 -1 -2 
124 115 104 110 116 127 128 776 811 947 -1 -2 
128 127 116 110 107 106 80 854 942 977 -1 -2 
128 127 116 110 107 106 80 928 938 1000 -1 -2 
128 127 116 110 107 106 80 353 665 893 -1 -2 
125 122 109 70 116 127 128 866 921 966 -1 -2 
128 127 116 110 107 106 80 681 847 955 -1 -2 
128 127 116 110 107 106 80 462 591 701 -1 -2 
125 122 109 70 116 127 128 909 964 977 -1 -2 
125 122 109 70 116 127 128 636 830 914 -1 -2 
125 122 109 70 116 127 128 414 570 835 -1 -2 
128 127 116 110 107 106 80 499 867 954 -1 -2 
79 2 107 110 116 127 128 644 731 944 -1 -2 
125 122 109 70 116 127 128 815 902 909 -1 -2 
128 127 116 110 107 106 80 821 900 977 -1 -2 
128 127 116 110 107 106 80 923 947 996 -1 -2 
128 127 116 110 107 106 80 689 855 909 -1 -2 
128 127 116 110 107 106 80 863 960 993 -1 -2 
125 122 109 70 116 127 128 400 579 975 -1 -2 
125 122 109 70 116 127 128 650 727 864 -1 -2 
128 127 116 110 107 106 80 578 639 998 -1 -2 
128 127 116 110 107 106 80 636 692 932 -1 -2 
125 122 109 70 116 127 128 627 864 897 -1 -2 
128 127 116 110 107 106 80 584 832 899 -1 -2 
128 127 116 110 107 106 80 639 761 993 -1 -2 
128 127 116 110 107 106 80 745 846 954 -1 -2 
128 127 116 110 107 106 80 807 872 988 -1 -2 
128 127 116 110 107 106 80 784 896 958 -1 -2 
128 127 116 110 107 106 80 569 579 1000 -1 -2 
128 127 116 110 107 106 80 677 687 835 -1 -2 
128 127 116 110 107 106 80 534 570 989 -1 -2 
128 127 116 110 107 106 80 797 849 991 -1 -2 
128 127 116 110 107 106 80 391 721 845 -1 -2 
79 2 107 110 116 127 128 845 862 900 -1 -2 
125 122 109 70 116 127 128 846 927 943 -1 -2 
128 127 116 110 107 106 80 682 799 989 -1 -2 
128 127 116 110 107 106 80 836 935 951 -1 -2 
128 127 116 110 107 106 80 771 861 942 -1 -2 
128 127 116 110 107 106 80 708 860 930 -1 -2 
125 122 109 70 116 127 128 591 645 963 -1 -2 
87 71 45 125 116 127 128 885 915 926 -1 -2 
125 122 109 70 116 127 128 774 775 938 -1 -2 
128 127 116 110 107 106 80 806 903 952 -1 -2 
125 122 109 70 116 127 128 901 918 945 -1 -2 
128 127 116 110 107 106 80 729 750 924 -1 -2 
125 122 109 70 116 127 128 421 621 741 -1 -2 
125 122 109 70 116 127 128 710 714 830 -1 -2 
128 127 116 110 107 106 80 693 957 986 -1 -2 
70 109 122 125 116 127 128 707 770 875 -1 -2 
125 122 109 70 116 127 128 855 954 986 -1 -2 
125 122 109 70 116 127 128 889 892 925 -1 -2 
128 127 116 110 107 106 80 659 681 925 -1 -2 
128 127 116 110 107 106 80 822 836 927 -1 -2 
128 127 116 110 107 106 80 745 855 978 -1 -2 
128 127 116 110 107 106 80 750 886 923 -1 -2 
79 2 122 125 116 127 128 674 716 814 -1 -2 
125 122 109 70 116 127 128 737 800 915 -1 -2 
128 127 116 110 107 106 80 853 857 878 -1 -2 
128 127 116 110 107 106 80 889 890 934 -1 -2 
124 115 104 110 116 127 128 852 893 958 -1 -2 
128 127 116 110 107 106 80 740 742 985 -1 -2 
128 127 116 110 107 106 80 846 916 984 -1 -2 
128 127 116 110 107 106 80 825 932 966 -1 -2 
128 127 116 110 107 106 80 790 860 984 -1 -2 
128 127 116 110 107 106 80 850 865 919 -1 -2 
125 122 109 70 116 127 128 828 891 932 -1 -2 
125 122 109 70 116 127 128 493 611 830 -1 -2 
125 122 109 70 116 127 128 670 706 859 -1 -2 
128 127 116 110 107 106 80 673 860 869 -1 -2 
128 127 116 110 107 106 80 732 773 983 -1 -2 
128 127 116 110 107 106 80 842 946 960 -1 -2 
128 127 116 110 107 106 80 533 892 916 -1 -2 
125 122 109 70 116 127 128 891 907 970 -1 -2 
125 122 109 70 116 127 128 861 946 980 -1 -2 
124 115 104 110 116 127 128 808 903 920 -1 -2 
128 127 116 110 107 106 80 675 838 852 -1 -2 
128 127 116 110 107 106 80 816 876 952 -1 -2 
125 122 109 70 116 127 128 685 708 985 -1 -2 
128 127 116 110 107 106 80 877 913 978 -1 -2 
125 122 109 70 116 127 128 792 877 942 -1 -2 
125 122 109 70 116 127 128 963 974 980 -1 -2 
125 122 109 70 116 127 128 850 853 879 -1 -2 
128 127 116 110 107 106 80 704 757 986 -1 -2 
79 2 122 125 116 127 128 855 907 990 -1 -2 
125 122 109 70 116 127 128 672 825 982 -1 -2 
125 122 109 70 116 127 128 747 818 968 -1 -2 
125 122 109 70 116 127 128 580 699 880 -1 -2 
128 127 116 110 107 106 80 491 835 983 -1 -2 
128 127 116 110 107 106 80 519 606 645 -1 -2 
128 127 116 110 107 106 80 871 886 999 -1 -2 
128 127 116 110 107 106 80 680 818 849 -1 -2 
125 122 109 70 116 127 128 904 977 1000 -1 -2 
128 127 116 110 107 106 80 630 753 977 -1 -2 
128 127 116 110 107 106 80 912 946 954 -1 -2 
125 122 109 70 116 127 128 810 954 969 -1 -2 
125 122 109 70 116 127 128 772 810 922 -1 -2 
128 127 116 110 107 106 80 535 644 871 -1 -2 
128 127 116 110 107 106 80 333 392 567 -1 -2 
128 127 116 110 107 106 80 673 811 920 -1 -2 
128 127 116 110 107 106 80 610 633 807 -1 -2 
128 127 116 110 107 106 80 645 742 886 -1 -2 
125 122 109 70 116 127 128 735 795 963 -1 -2 
128 127 116 110 107 106 80 911 934 973 -1 -2 
128 127 116 110 107 106 80 874 880 911 -1 -2 
128 127 116 110 107 106 80 851 875 947 -1 -2 
128 127 116 110 107 106 80 607 645 853 -1 -2 
128 127 116 110 107 106 80 871 911 919 -1 -2 
128 127 116 110 107 106 80 566 710 747 -1 -2 
128 127 116 110 107 106 80 717 856 863 -1 -2 
125 122 109 70 116 127 128 316 402 468 -1 -2 
125 122 109 70 116 127 128 693 918 972 -1 -2 
128 127 116 110 107 106 80 810 845 879 -1 -2 
128 127 116 110 107 106 80 726 758 866 -1 -2 
128 127 116 110 107 106 80 808 875 908 -1 -2 
128 127 116 110 107 106 80 695 751 963 -1 -2 
128 127 116 110 107 106 80 665 890 931 -1 -2 
128 127 116 110 107 106 80 816 925 943 -1 -2 
128 127 116 110 107 106 80 716 868 988 -1 -2 
128 127 116 110 107 106 80 656 951 996 -1 -2 
128 127 116 110 107 106 80 658 673 805 -1 -2 
128 127 116 110 107 106 80 898 967 988 -1 -2 
125 122 109 70 116 127 128 801 816 896 -1 -2 
128 127 116 110 107 106 80 919 923 928 -1 -2 
128 127 116 110 107 106 80 841 887 978 -1 -2 
125 122 109 70 116 127 128 774 926 991 -1 -2 
125 122 109 70 116 127 128 726 733 907 -1 -2 
125 122 109 70 116 127 128 708 752 936 -1 -2 
128 127 116 110 107 106 80 654 661 685 -1 -2 
128 127 116 110 107 106 80 681 969 998 -1 -2 
125 122 109 70 116 127 128 766 931 940 -1 -2 
128 127 116 110 107 106 80 765 928 955 -1 -2 
125 122 109 70 116 127 128 868 877 937 -1 -2 
124 115 104 125 116 127 128 828 858 895 -1 -2 
128 127 116 110 107 106 80 710 891 989 -1 -2 
128 127 116 110 107 106 80 745 756 861 -1 -2 
128 127 116 110 107 106 80 871 914 928 -1 -2 
128 127 116 110 107 106 80 762 807 920 -1 -2 
128 127 116 110 107 106 80 807 856 930 -1 -2 
128 127 116 110 107 106 80 729 942 948 -1 -2 
128 127 116 110 107 106 80 673 763 979 -1 -2 
128 127 116 110 107 106 80 711 712 772 -1 -2 
125 122 109 70 116 127 128 795 879 949 -1 -2 
128 127 116 110 107 106 80 772 893 918 -1 -2 
128 127 116 110 107 106 80 488 613 712 -1 -2 
125 122 109 70 116 127 128 720 881 900 -1 -2 
128 127 116 110 107 106 80 798 835 996 -1 -2 
128 127 116 110 107 106 80 808 831 886 -1 -2 
124 115 104 125 116 127 128 713 863 910 -1 -2 
125 122 109 70 116 127 128 590 683 760 -1 -2 
128 127 116 110 107 106 80 788 873 875 -1 -2 
128 127 116 110 107 106 80 690 719 975 -1 -2 
125 122 109 70 116 127 128 852 898 963 -1 -2 
128 127 116 110 107 106 80 694 906 981 -1 -2 
124 115 104 110 116 127 128 417 651 708 -1 -2 
128 127 116 110 107 106 80 872 877 912 -1 -2 
128 127 116 110 107 106 80 615 828 872 -1 -2 
128 127 116 110 107 106 80 747 818 840 -1 -2 
128 127 116 110 107 106 80 904 953 978 -1 -2 
128 127 116 110 107 106 80 667 870 914 -1 -2 
79 2 122 125 116 127 128 764 935 991 -1 -2 
128 127 116 110 107 106 80 864 918 960 -1 -2 
128 127 116 110 107 106 80 883 967 997 -1 -2 
128 127 116 110 107 106 80 740 805 949 -1 -2 
125 122 109 70 116 127 128 547 663 949 -1 -2 
128 127 116 110 107 106 80 754 913 940 -1 -2 
125 122 109 70 116 127 128 618 690 972 -1 -2 
128 127 116 110 107 106 80 606 726 933 -1 -2 
128 127 116 110 107 106 80 924 933 980 -1 -2 
128 127 116 110 107 106 80 727 905 996 -1 -2 
128 127 116 110 107 106 80 623 638 686 -1 -2 
128 127 116 110 107 106 80 656 715 833 -1 -2 
128 127 116 110 107 106 80 908 977 1000 -1 -2 
128 127 116 110 107 106 80 721 777 965 -1 -2 
125 122 109 70 116 127 128 697 811 883 -1 -2 
125 122 109 70 116 127 128 817 919 925 -1 -2 
79 2 122 125 116 127 128 649 791 942 -1 -2 
128 127 116 110 107 106 80 747 896 988 -1 -2 
128 127 116 110 107 106 80 571 592 643 -1 -2 
128 127 116 110 107 106 80 889 910 995 -1 -2 
128 127 116 110 107 106 80 491 919 987 -1 -2 
125 122 109 70 116 127 128 871 899 951 -1 -2 
128 127 116 110 107 106 80 785 799 816 -1 -2 
125 122 109 70 116 127 128 782 884 931 -1 -2 
128 127 116 110 107 106 80 685 869 934 -1 -2 
125 122 109 70 116 127 128 743 891 914 -1 -2 
125 122 109 70 116 127 128 781 844 967 -1 -2 
128 127 116 110 107 106 80 707 930 959 -1 -2 
128 127 116 110 107 106 80 557 722 848 -1 -2 
128 127 116 110 107 106 80 739 756 1000 -1 -2 
128 127 116 110 107 106 80 699 938 974 -1 -2 
125 122 109 70 116 127 128 819 937 974 -1 -2 
125 122 109 70 116 127 128 852 866 940 -1 -2 
128 127 116 110 107 106 80 599 648 762 -1 -2 
128 127 116 110 107 106 80 469 588 857 -1 -2 
128 127 116 110 107 106 80 929 940 980 -1 -2 
125 122 109 70 116 127 128 883 921 958 -1 -2 
128 127 116 110 107 106 80 607 706 838 -1 -2 
128 127 116 110 107 106 80 733 836 971 -1 -2 
128 127 116 110 107 106 80 671 727 940 -1 -2 
128 127 116 110 107 106 80 768 912 995 -1 -2 
128 127 116 110 107 106 80 671 749 841 -1 -2 
128 127 116 110 107 106 80 878 936 1000 -1 -2 
79 2 107 110 116 127 128 874 896 977 -1 -2 
125 122 109 70 116 127 128 807 938 953 -1 -2 
128 127 116 110 107 106 80 824 841 905 -1 -2 
128 127 116 110 107 106 80 646 773 810 -1 -2 
125 122 109 70 116 127 128 932 953 977 -1 -2 
128 127 116 110 107 106 80 912 934 998 -1 -2 
125 122 109 70 116 127 128 830 837 996 -1 -2 
125 122 109 70 116 127 128 381 622 845 -1 -2 
128 127 116 110 107 106 80 737 766 926 -1 -2 
125 122 109 70 116 127 128 860 935 940 -1 -2 
128 127 116 110 107 106 80 840 851 921 -1 -2 
125 122 109 70 116 127 128 760 773 983 -1 -2 
128 127 116 110 107 106 80 655 821 912 -1 -2 
125 122 109 70 116 127 128 625 661 979 -1 -2 
128 127 116 110 107 106 80 761 851 893 -1 -2 
128 127 116 110 107 106 80 815 836 943 -1 -2 
125 122 109 70 116 127 128 871 959 965 -1 -2 
128 127 116 110 107 106 80 568 735 999 -1 -2 
125 122 109 70 116 127 128 773 794 915 -1 -2 
128 127 116 110 107 106 80 703 867 910 -1 -2 
128 127 116 110 107 106 80 734 791 857 -1 -2 
128 127 116 110 107 106 80 769 782 906 -1 -2 
128 127 116 110 107 106 80 696 786 839 -1 -2 
125 122 109 70 116 127 128 672 744 926 -1 -2 
128 127 116 110 107 106 80 807 889 982 -1 -2 
128 127 116 110 107 106 80 907 910 921 -1 -2 
128 127 116 110 107 106 80 906 937 967 -1 -2 
128 127 116 110 107 106 80 666 748 884 -1 -2 
128 127 116 110 107 106 80 507 647 669 -1 -2 
125 122 109 70 116 127 128 764 806 975 -1 -2 
128 127 116 110 107 106 80 770 853 949 -1 -2 
125 122 109 70 116 127 128 754 845 861 -1 -2 
128 127 116 110 107 106 80 812 908 960 -1 -2 
125 122 109 70 116 127 128 740 887 900 -1 -2 
125 122 109 70 116 127 128 809 850 882 -1 -2 
128 127 116 110 107 106 80 855 872 945 -1 -2 
125 122 109 70 116 127 128 793 866 934 -1 -2 
128 127 116 110 107 106 80 796 865 895 -1 -2 
128 127 116 110 107 106 80 691 902 932 -1 -2 
128 127 116 110 107 106 80 888 984 992 -1 -2 
128 127 116 110 107 106 80 750 766 910 -1 -2 
128 127 116 110 107 106 80 553 616 846 -1 -2 
124 115 104 110 116 127 128 700 820 884 -1 -2 
125 122 109 70 116 127 128 755 895 966 -1 -2 
125 122 109 70 116 127 128 660 703 797 -1 -2 
128 127 116 110 107 106 80 772 951 998 -1 -2 
128 127 116 110 107 106 80 581 629 731 -1 -2 
125 122 109 70 116 127 128 713 766 996 -1 -2 
128 127 116 110 107 106 80 712 895 993 -1 -2 
125 122 109 70 116 127 128 790 868 885 -1 -2 
128 127 116 110 107 106 80 759 773 902 -1 -2 
79 2 107 110 116 127 128 716 735 806 -1 -2 
128 127 116 110 107 106 80 584 835 957 -1 -2 
128 127 116 110 107 106 80 856 863 927 -1 -2 
128 127 116 110 107 106 80 743 889 992 -1 -2 
125 122 109 70 116 127 128 887 918 936 -1 -2 
128 127 116 110 107 106 80 721 756 870 -1 -2 
108 7 122 125 116 127 128 867 902 977 -1 -2 
125 122 109 70 116 127 128 679 770 937 -1 -2 
128 127 116 110 107 106 80 672 783 907 -1 -2 
128 127 116 110 107 106 80 966 990 995 -1 -2 
79 2 107 110 116 127 128 955 970 1000 -1 -2 
128 127 116 110 107 106 80 670 702 975 -1 -2 
128 127 116 110 107 106 80 852 867 983 -1 -2 
128 127 116 110 107 106 80 850 932 941 -1 -2 
125 122 109 70 116 127 128 616 670 735 -1 -2 
128 127 116 110 107 106 80 834 907 1000 -1 -2 
125 122 109 70 116 127 128 769 788 814 -1 -2 
125 122 109 70 116 127 128 717 746 781 -1 -2 
128 127 116 110 107 106 80 757 968 977 -1 -2 
128 127 116 110 107 106 80 694 786 887 -1 -2 
125 122 109 70 116 127 128 696 829 994 -1 -2 
128 127 116 110 107 106 80 731 774 962 -1 -2 
128 127 116 110 107 106 80 717 850 960 -1 -2 
125 122 109 70 116 127 128 665 888 894 -1 -2 
125 122 109 70 116 127 128 625 724 997 -1 -2 
125 122 109 70 116 127 128 625 716 738 -1 -2 
125 122 109 70 116 127 128 559 600 851 -1 -2 
128 127 116 110 107 106 80 407 486 982 -1 -2 
128 127 116 110 107 106 80 626 731 860 -1 -2 
128 127 116 110 107 106 80 489 716 852 -1 -2 
128 127 116 110 107 106 80 599 666 903 -1 -2 
128 127 116 110 107 106 80 726 826 873 -1 -2 
128 127 116 110 107 106 80 666 736 974 -1 -2 
128 127 116 110 107 106 80 686 792 916 -1 -2 
128 127 116 110 107 106 80 830 838 999 -1 -2 
128 127 116 110 107 106 80 743 809 866 -1 -2 
128 127 116 110 107 106 80 822 842 907 -1 -2 
128 127 116 110 107 106 80 527 717 825 -1 -2 
128 127 116 110 107 106 80 820 966 976 -1 -2 
79 2 122 125 116 127 128 727 883 892 -1 -2 
125 122 109 70 116 127 128 827 929 930 -1 -2 
125 122 109 70 116 127 128 780 913 962 -1 -2 
125 122 109 70 116 127 128 643 718 958 -1 -2 
128 127 116 110 107 106 80 765 826 926 -1 -2 
125 122 109 70 116 127 128 703 783 833 -1 -2 
128 127 116 110 107 106 80 822 874 914 -1 -2 
125 122 109 70 116 127 128 676 745 783 -1 -2 
125 122 109 70 116 127 128 637 708 971 -1 -2 
125 122 109 70 116 127 128 817 850 853 -1 -2 
128 127 116 110 107 106 80 716 730 733 -1 -2 
125 122 109 70 116 127 128 722 794 890 -1 -2 
128 127 116 110 107 106 80 789 848 880 -1 -2 
125 122 109 70 116 127 128 753 770 872 -1 -2 
125 122 109 70 116 127 128 712 755 860 -1 -2 
128 127 116 110 107 106 80 791 820 997 -1 -2 
128 127 116 110 107 106 80 517 778 856 -1 -2 
128 127 116 110 107 106 80 881 958 962 -1 -2 
128 127 116 110 107 106 80 558 705 908 -1 -2 
128 127 116 110 107 106 80 750 926 936 -1 -2 
125 122 109 70 116 127 128 750 781 862 -1 -2 
125 122 109 70 116 127 128 877 949 955 -1 -2 
125 122 109 70 116 127 128 721 847 868 -1 -2 
128 127 116 110 107 106 80 862 945 982 -1 -2 
124 115 104 110 116 127 128 655 753 917 -1 -2 
128 127 116 110 107 106 80 870 916 951 -1 -2 
125 122 109 70 116 127 128 557 580 670 -1 -2 
125 122 109 70 116 127 128 505 543 837 -1 -2 
128 127 116 110 107 106 80 531 611 768 -1 -2 
128 127 116 110 107 106 80 559 732 961 -1 -2 
128 127 116 110 107 106 80 802 854 890 -1 -2 
128 127 116 110 107 106 80 887 978 990 -1 -2 
125 122 109 70 116 127 128 898 934 998 -1 -2 
125 122 109 70 444 448 526 643 648 980 -1 -2 
125 122 109 70 116 127 128 795 885 911 -1 -2 
125 122 109 70 116 127 128 584 675 919 -1 -2 
125 122 109 70 116 127 128 679 733 881 -1 -2 
79 2 107 110 116 127 128 851 949 966 -1 -2 
125 122 109 70 116 127 128 723 871 978 -1 -2 
125 122 109 70 116 127 128 735 863 891 -1 -2 
87 71 45 125 116 127 128 612 757 953 -1 -2 
125 122 109 70 116 127 128 755 758 837 -1 -2 
125 122 109 70 116 127 128 847 863 876 -1 -2 
124 115 104 125 116 127 128 941 945 977 -1 -2 
125 122 109 70 116 127 128 817 923 950 -1 -2 
125 122 109 70 116 127 128 564 878 893 -1 -2 
125 122 109 70 116 127 128 708 738 903 -1 -2 
125 122 109 70 116 127 128 911 979 996 -1 -2 
125 122 109 70 116 127 128 662 891 960 -1 -2 
125 122 109 70 116 127 128 694 729 940 -1 -2 
125 122 109 70 116 127 128 619 711 744 -1 -2 
125 122 109 70 116 127 128 824 856 961 -1 -2 
125 122 109 70 116 127 128 470 588 805 -1 -2 
125 122 109 70 116 127 128 656 661 760 -1 -2 
125 122 109 70 116 127 128 930 960 1000 -1 -2 
125 122 109 70 116 127 128 754 819 951 -1 -2 
125 122 109 70 116 127 128 760 778 998 -1 -2 
79 2 122 125 116 127 128 703 806 922 -1 -2 
125 122 109 70 116 127 128 815 820 841 -1 -2 
125 122 109 70 116 127 128 967 987 997 -1 -2 
87 71 45 125 116 127 128 472 551 717 -1 -2 
125 122 109 70 116 127 128 673 712 904 -1 -2 
108 7 122 125 116 127 128 652 778 873 -1 -2 
125 122 109 70 116 127 128 836 898 988 -1 -2 
125 122 109 70 116 127 128 602 842 867 -1 -2 
125 122 109 70 116 127 128 663 693 861 -1 -2 
125 122 109 70 116 127 128 677 727 770 -1 -2 
128 127 116 110 107 106 80 627 891 903 -1 -2 
125 122 109 70 116 127 128 599 866 902 -1 -2 
125 122 109 70 116 127 128 616 627 780 -1 -2 
125 122 109 70 116 127 128 654 700 884 -1 -2 
125 122 109 70 116 127 128 760 771 868 -1 -2 
125 122 109 70 116 127 128 635 725 779 -1 -2 
125 122 109 70 116 127 128 568 648 887 -1 -2 
125 122 109 70 116 127 128 914 935 936 -1 -2 
125 122 109 70 116 127 128 674 692 866 -1 -2 
125 122 109 70 116 127 128 645 820 860 -1 -2 
125 122 109 70 116 127 128 728 740 921 -1 -2 
125 122 109 70 116 127 128 510 870 963 -1 -2 
125 122 109 70 116 127 128 891 900 906 -1 -2 
125 122 109 70 116 127 128 817 894 987 -1 -2 
125 122 109 70 116 127 128 684 816 937 -1 -2 
124 115 104 110 116 127 128 823 888 971 -1 -2 
125 122 109 70 116 127 128 594 912 941 -1 -2 
125 122 109 70 116 127 128 849 896 993 -1 -2 
125 122 109 70 116 127 128 868 922 998 -1 -2 
125 122 109 70 116 127 128 483 718 907 -1 -2 
128 127 116 110 107 106 80 726 810 901 -1 -2 
125 122 109 70 116 127 128 610 845 893 -1 -2 
125 122 109 70 116 127 128 840 921 936 -1 -2 
128 127 116 110 107 106 80 489 870 975 -1 -2 
125 122 109 70 116 127 128 865 866 950 -1 -2 
79 2 122 125 116 127 128 571 748 992 -1 -2 
128 127 116 110 107 106 80 776 833 884 -1 -2 
79 2 107 110 116 127 128 621 655 938 -1 -2 
125 122 109 70 116 127 128 742 796 891 -1 -2 
125 122 109 70 116 127 128 901 908 929 -1 -2 
125 122 109 70 116 127 128 806 885 967 -1 -2 
125 122 109 70 116 127 128 616 722 806 -1 -2 
125 122 109 70 116 127 128 632 870 952 -1 -2 
125 122 109 70 623 647 753 761 854 952 -1 -2 
125 122 109 70 116 127 128 764 883 957 -1 -2 
125 122 109 70 116 127 128 856 958 985 -1 -2 
87 71 45 110 116 127 128 943 949 966 -1 -2 
125 122 109 70 116 127 128 550 709 882 -1 -2 
124 115 104 110 116 127 128 777 785 843 -1 -2 
124 115 104 125 116 127 128 504 806 844 -1 -2 
128 127 116 110 107 106 80 833 898 951 -1 -2 
125 122 109 70 116 127 128 668 670 859 -1 -2 
125 122 109 70 116 127 128 587 663 706 -1 -2 
125 122 109 70 116 127 128 768 782 893 -1 -2 
128 127 116 110 107 106 80 704 841 883 -1 -2 
125 122 109 70 116 127 128 731 935 981 -1 -2 
125 122 109 70 116 127 128 701 860 926 -1 -2 
79 2 124 125 116 127 128 665 752 936 -1 -2 
125 122 109 70 116 127 128 750 753 900 -1 -2 
125 122 109 70 116 127 128 727 746 988 -1 -2 
79 2 122 125 116 127 128 717 835 884 -1 -2 
128 127 116 110 107 106 80 825 868 932 -1 -2 
87 71 45 125 116 127 128 526 547 549 -1 -2 
125 122 109 70 116 127 128 669 675 822 -1 -2 
125 122 109 70 116 127 128 769 852 853 -1 -2 
125 122 109 70 116 127 128 626 636 662 -1 -2 
79 2 122 125 116 127 128 797 874 922 -1 -2 
125 122 109 70 116 127 128 777 885 928 -1 -2 
125 122 109 70 116 127 128 636 866 991 -1 -2 
125 122 109 70 116 127 128 822 847 848 -1 -2 
125 122 109 70 116 127 128 849 927 942 -1 -2 
125 122 109 70 116 127 128 736 807 969 -1 -2 
125 122 109 70 116 127 128 587 708 747 -1 -2 
125 122 109 70 490 657 732 809 819 852 -1 -2 
80 106 107 110 116 127 128 816 888 904 -1 -2 
