168 209 299 399 428 447 610 705 771 898 -1 -2 
80 106 122 107 116 110 116 846 127 128 -1 -2 
70 80 106 107 147 110 223 116 127 128 -1 -2 
104 115 319 124 763 923 939 944 949 981 -1 -2 
80 397 106 107 742 110 764 116 127 128 -1 -2 
118 80 106 107 110 116 127 128 783 833 -1 -2 
42 80 106 302 107 368 110 116 127 128 -1 -2 
166 202 317 339 538 594 695 736 795 920 -1 -2 
142 247 257 351 494 638 658 836 910 954 -1 -2 
303 348 434 597 631 658 675 790 808 885 -1 -2 
178 199 281 419 504 633 686 787 805 977 -1 -2 
15 80 209 106 107 110 816 116 127 128 -1 -2 
70 109 122 339 125 448 505 693 981 993 -1 -2 
13 7 177 108 514 597 607 725 859 922 -1 -2 
39 144 162 182 228 280 476 627 965 988 -1 -2 
70 109 127 122 125 354 515 553 700 984 -1 -2 
5 80 106 107 110 317 116 576 127 128 -1 -2 
80 106 107 110 116 127 735 128 764 798 -1 -2 
202 534 564 591 614 733 798 805 889 928 -1 -2 
70 109 203 122 276 125 368 406 787 910 -1 -2 
45 71 87 110 116 127 128 449 657 826 -1 -2 
70 109 122 122 125 127 128 712 717 912 -1 -2 
80 106 106 110 107 127 110 116 127 128 -1 -2 
104 106 115 124 116 127 128 746 960 985 -1 -2 
2 80 106 107 655 110 754 116 127 128 -1 -2 
95 80 320 106 412 107 110 116 127 128 -1 -2 
52 85 244 269 306 545 690 718 906 934 -1 -2 
80 106 106 107 110 116 127 128 970 983 -1 -2 
3 80 153 106 253 107 110 116 127 128 -1 -2 
227 80 106 107 110 116 771 127 889 128 -1 -2 
80 106 122 107 110 116 127 128 865 956 -1 -2 
80 109 106 125 107 127 110 116 127 128 -1 -2 
80 173 106 107 110 116 127 128 807 909 -1 -2 
199 80 241 106 539 107 110 116 127 128 -1 -2 
80 407 106 631 107 758 110 116 127 128 -1 -2 
1 332 497 554 573 628 658 661 767 877 -1 -2 
80 80 107 106 107 127 110 116 127 128 -1 -2 
70 109 122 335 125 533 679 781 813 822 -1 -2 
70 80 106 125 107 110 688 116 127 128 -1 -2 
7 80 85 106 308 107 110 116 127 128 -1 -2 
80 106 122 107 110 446 116 127 785 128 -1 -2 
70 106 109 110 122 125 128 826 914 971 -1 -2 
80 80 107 106 107 110 116 127 716 128 -1 -2 
80 106 106 107 110 127 116 127 865 128 -1 -2 
70 80 106 125 107 110 116 127 128 999 -1 -2 
70 106 109 110 122 127 125 825 874 876 -1 -2 
2 79 292 394 430 447 475 689 866 950 -1 -2 
2 89 79 128 153 361 367 588 622 764 -1 -2 
80 106 107 107 110 116 128 127 128 929 -1 -2 
80 253 106 107 110 426 116 127 128 996 -1 -2 
70 80 122 106 375 107 110 116 127 128 -1 -2 
37 188 197 264 425 549 623 731 782 948 -1 -2 
80 70 109 122 125 127 128 453 496 850 -1 -2 
2 86 79 207 417 425 543 804 854 983 -1 -2 
51 192 263 302 439 511 544 832 880 954 -1 -2 
70 80 122 106 595 107 110 116 127 128 -1 -2 
80 80 106 107 116 110 116 127 128 871 -1 -2 
80 70 109 110 122 127 125 834 873 933 -1 -2 
26 108 288 741 755 768 811 849 858 968 -1 -2 
104 2 79 331 373 385 614 627 656 805 -1 -2 
80 106 106 110 107 110 116 663 127 128 -1 -2 
80 115 106 489 107 601 110 116 127 128 -1 -2 
80 106 106 107 116 110 116 127 128 904 -1 -2 
80 106 106 110 107 110 128 116 127 128 -1 -2 
104 106 115 110 124 127 128 665 776 897 -1 -2 
67 2 317 79 423 439 753 790 877 977 -1 -2 
104 115 124 110 116 127 128 627 904 985 -1 -2 
80 106 107 110 300 116 574 127 701 128 -1 -2 
104 115 124 125 371 427 592 849 967 980 -1 -2 
45 117 71 87 398 399 646 851 894 958 -1 -2 
121 2 79 244 284 545 775 927 946 993 -1 -2 
70 104 115 124 476 483 786 813 899 1000 -1 -2 
80 106 107 125 110 658 116 848 127 128 -1 -2 
80 80 107 106 116 107 110 116 127 128 -1 -2 
70 109 290 122 125 658 766 971 984 986 -1 -2 
113 186 412 461 533 559 641 699 848 965 -1 -2 
80 366 106 613 107 110 958 116 127 128 -1 -2 
62 80 106 292 107 110 116 127 811 128 -1 -2 
80 80 107 106 116 107 110 116 127 128 -1 -2 
149 80 106 793 107 852 110 116 127 128 -1 -2 
70 80 122 106 243 107 110 116 127 128 -1 -2 
36 251 398 419 460 681 737 866 921 966 -1 -2 
70 80 106 107 443 110 633 116 127 128 -1 -2 
80 53 106 206 107 369 110 116 127 128 -1 -2 
80 106 107 110 116 127 128 909 964 977 -1 -2 
80 106 106 110 107 127 110 116 127 128 -1 -2 
2 79 158 163 189 291 348 414 570 835 -1 -2 
155 171 239 355 403 426 491 499 867 954 -1 -2 
80 106 107 107 110 116 127 128 731 944 -1 -2 
80 106 107 397 110 116 127 128 902 909 -1 -2 
80 106 107 107 110 116 128 127 128 977 -1 -2 
129 80 420 106 685 107 110 116 127 128 -1 -2 
179 328 329 404 594 637 685 689 855 909 -1 -2 
80 77 106 474 107 110 856 116 127 128 -1 -2 
30 59 153 188 190 199 208 400 579 975 -1 -2 
2 109 79 125 116 127 128 650 727 864 -1 -2 
80 106 107 110 116 127 421 128 639 998 -1 -2 
35 79 83 129 217 311 540 636 692 932 -1 -2 
70 80 106 107 110 116 127 128 864 897 -1 -2 
80 98 106 315 107 110 574 116 127 128 -1 -2 
80 115 106 355 107 110 116 127 128 993 -1 -2 
212 312 345 438 542 652 731 745 846 954 -1 -2 
80 57 106 146 107 510 110 116 127 128 -1 -2 
65 70 134 109 462 122 125 784 896 958 -1 -2 
80 2 107 79 116 127 128 569 579 1000 -1 -2 
70 131 109 419 122 125 557 677 687 835 -1 -2 
70 80 106 125 107 110 116 127 570 128 -1 -2 
80 80 106 107 116 110 116 127 128 991 -1 -2 
80 70 109 122 116 125 128 391 721 845 -1 -2 
2 80 158 106 545 107 110 116 127 128 -1 -2 
80 80 106 110 107 127 110 116 127 128 -1 -2 
80 106 106 107 110 116 127 682 128 989 -1 -2 
80 106 107 107 110 116 127 836 128 951 -1 -2 
80 106 107 272 110 116 127 128 861 942 -1 -2 
2 79 245 276 302 324 566 708 860 930 -1 -2 
70 109 122 125 116 127 128 591 645 963 -1 -2 
37 70 109 200 122 125 535 885 915 926 -1 -2 
70 80 122 106 107 679 110 116 127 128 -1 -2 
80 80 107 106 107 127 110 116 127 128 -1 -2 
80 70 107 109 122 127 125 901 918 945 -1 -2 
193 70 247 109 635 122 125 729 750 924 -1 -2 
80 106 106 107 110 116 127 421 128 741 -1 -2 
45 80 106 138 107 267 110 116 127 128 -1 -2 
80 109 106 125 107 127 110 116 127 128 -1 -2 
80 106 107 290 110 116 540 127 128 875 -1 -2 
129 413 460 462 634 791 804 855 954 986 -1 -2 
80 106 472 107 596 110 116 127 128 925 -1 -2 
130 162 220 394 470 584 640 659 681 925 -1 -2 
80 70 107 109 122 125 128 822 836 927 -1 -2 
3 70 191 109 463 122 125 745 855 978 -1 -2 
80 106 122 107 110 116 127 750 128 923 -1 -2 
70 80 122 106 107 110 116 674 127 128 -1 -2 
106 164 344 383 549 616 626 737 800 915 -1 -2 
23 368 411 437 467 688 761 853 857 878 -1 -2 
80 70 107 109 122 125 128 889 890 934 -1 -2 
80 106 107 107 116 110 116 852 127 128 -1 -2 
210 308 386 540 580 702 709 740 742 985 -1 -2 
80 80 106 107 116 110 116 846 127 128 -1 -2 
104 115 124 110 116 127 128 825 932 966 -1 -2 
80 106 457 107 698 110 116 790 127 128 -1 -2 
70 70 109 122 125 730 739 850 865 919 -1 -2 
80 190 106 107 110 780 116 127 128 932 -1 -2 
80 111 106 107 110 116 127 128 611 830 -1 -2 
70 109 323 122 125 577 661 670 706 859 -1 -2 
80 80 107 106 107 127 110 116 127 128 -1 -2 
45 71 197 87 479 574 644 732 773 983 -1 -2 
23 80 122 106 298 107 110 116 127 128 -1 -2 
70 90 109 173 122 340 125 533 892 916 -1 -2 
154 2 202 79 247 398 759 891 907 970 -1 -2 
80 165 106 305 107 784 110 116 127 128 -1 -2 
80 350 106 107 110 116 705 127 903 128 -1 -2 
80 80 106 110 107 110 116 675 127 128 -1 -2 
329 459 637 672 741 765 792 816 876 952 -1 -2 
70 80 122 106 107 537 110 116 127 128 -1 -2 
96 291 337 574 651 747 806 877 913 978 -1 -2 
80 106 206 107 110 116 127 128 877 942 -1 -2 
2 17 79 238 345 378 516 963 974 980 -1 -2 
80 80 107 106 107 127 110 116 127 128 -1 -2 
80 106 107 265 110 116 127 128 757 986 -1 -2 
70 2 79 474 530 647 703 855 907 990 -1 -2 
80 90 106 206 107 642 110 116 127 128 -1 -2 
80 80 107 106 107 110 116 127 128 968 -1 -2 
26 178 189 223 426 463 498 580 699 880 -1 -2 
80 80 106 107 116 110 116 491 127 128 -1 -2 
8 9 215 283 300 356 436 519 606 645 -1 -2 
7 317 108 582 663 739 821 871 886 999 -1 -2 
134 80 106 438 107 110 116 127 128 849 -1 -2 
40 139 180 487 605 823 838 904 977 1000 -1 -2 
70 109 352 122 125 598 609 630 753 977 -1 -2 
104 109 115 125 124 638 879 912 946 954 -1 -2 
80 106 107 190 110 604 116 810 127 128 -1 -2 
2 80 106 107 110 116 127 128 810 922 -1 -2 
22 70 115 109 122 125 308 535 644 871 -1 -2 
21 80 132 106 107 183 110 116 127 128 -1 -2 
80 109 106 125 107 110 116 673 127 128 -1 -2 
80 106 106 107 110 116 128 127 128 807 -1 -2 
104 115 107 124 116 127 128 645 742 886 -1 -2 
27 80 186 106 250 107 110 116 127 128 -1 -2 
122 232 308 475 773 780 855 911 934 973 -1 -2 
238 282 319 322 376 505 608 874 880 911 -1 -2 
68 80 106 294 107 441 110 116 127 128 -1 -2 
80 106 95 107 137 110 116 607 127 128 -1 -2 
80 106 107 252 110 116 535 127 128 919 -1 -2 
80 106 107 147 110 116 526 127 128 747 -1 -2 
70 80 122 106 530 107 110 116 127 128 -1 -2 
5 113 93 134 196 270 293 316 402 468 -1 -2 
180 80 329 106 562 107 110 116 127 128 -1 -2 
7 80 99 106 107 110 116 127 845 128 -1 -2 
80 106 107 110 326 116 127 726 128 866 -1 -2 
80 104 115 124 116 127 128 808 875 908 -1 -2 
80 106 107 107 110 127 116 127 128 963 -1 -2 
99 80 429 106 107 110 556 116 127 128 -1 -2 
104 80 106 107 110 116 127 816 128 943 -1 -2 
221 80 314 106 572 107 110 116 127 128 -1 -2 
104 115 107 124 116 127 128 656 951 996 -1 -2 
131 70 190 109 367 122 125 658 673 805 -1 -2 
80 104 115 124 116 127 128 898 967 988 -1 -2 
80 106 107 107 110 116 128 127 128 896 -1 -2 
111 104 561 115 661 124 892 919 923 928 -1 -2 
70 109 107 122 116 125 128 841 887 978 -1 -2 
2 264 79 335 353 408 451 774 926 991 -1 -2 
80 106 107 394 110 116 127 726 128 907 -1 -2 
130 237 324 361 624 687 688 708 752 936 -1 -2 
80 92 106 107 110 452 116 654 127 128 -1 -2 
80 106 93 107 154 110 116 127 128 998 -1 -2 
104 188 115 301 124 751 760 766 931 940 -1 -2 
205 80 362 106 529 107 110 116 127 128 -1 -2 
80 106 263 107 631 110 810 116 127 128 -1 -2 
80 428 106 649 107 751 110 116 127 128 -1 -2 
120 196 358 368 434 501 687 710 891 989 -1 -2 
80 80 107 106 116 107 110 116 127 128 -1 -2 
80 104 107 115 116 124 128 871 914 928 -1 -2 
80 106 106 107 116 110 128 116 127 128 -1 -2 
2 79 122 125 495 531 676 807 856 930 -1 -2 
101 135 189 254 517 594 642 729 942 948 -1 -2 
40 85 87 182 349 456 622 673 763 979 -1 -2 
113 70 109 122 585 125 641 711 712 772 -1 -2 
80 106 495 107 541 110 720 116 127 128 -1 -2 
282 80 576 106 674 107 110 116 127 128 -1 -2 
34 186 291 325 335 402 427 488 613 712 -1 -2 
54 92 273 357 572 675 683 720 881 900 -1 -2 
17 72 231 397 463 507 668 798 835 996 -1 -2 
70 80 106 125 107 110 116 127 831 128 -1 -2 
92 105 182 189 361 525 576 713 863 910 -1 -2 
29 2 79 219 314 369 473 590 683 760 -1 -2 
80 106 229 107 264 110 116 788 127 128 -1 -2 
70 109 122 125 125 618 689 690 719 975 -1 -2 
19 319 330 420 652 788 801 852 898 963 -1 -2 
70 80 122 106 107 530 110 116 127 128 -1 -2 
80 106 106 110 107 127 110 116 127 128 -1 -2 
80 80 107 106 116 107 110 116 127 128 -1 -2 
32 2 79 386 464 478 494 615 828 872 -1 -2 
50 129 207 280 397 506 669 747 818 840 -1 -2 
184 80 511 106 107 110 791 116 127 128 -1 -2 
70 109 324 122 559 125 621 667 870 914 -1 -2 
80 80 106 107 116 110 116 764 127 128 -1 -2 
95 70 109 122 125 746 810 864 918 960 -1 -2 
80 80 106 107 110 127 116 127 128 997 -1 -2 
80 80 107 106 107 110 128 116 127 128 -1 -2 
52 250 251 301 339 413 534 547 663 949 -1 -2 
80 80 107 106 107 127 110 116 127 128 -1 -2 
70 109 122 406 125 525 611 618 690 972 -1 -2 
145 371 435 448 451 467 592 606 726 933 -1 -2 
80 199 106 107 110 116 897 127 128 980 -1 -2 
80 80 106 110 107 110 116 127 128 996 -1 -2 
80 104 107 115 116 124 128 623 638 686 -1 -2 
185 223 395 486 497 554 576 656 715 833 -1 -2 
80 251 106 107 360 110 870 116 127 128 -1 -2 
70 109 122 125 116 127 128 721 777 965 -1 -2 
69 70 109 122 125 621 626 697 811 883 -1 -2 
19 80 106 372 107 110 628 116 127 128 -1 -2 
59 124 137 141 161 363 419 649 791 942 -1 -2 
45 109 71 125 87 502 682 747 896 988 -1 -2 
70 2 79 125 329 437 454 571 592 643 -1 -2 
33 78 171 533 618 628 804 889 910 995 -1 -2 
13 80 106 107 110 116 127 128 919 987 -1 -2 
80 106 107 107 110 127 116 127 899 128 -1 -2 
70 70 109 122 125 127 128 785 799 816 -1 -2 
70 80 122 106 107 127 110 116 127 128 -1 -2 
51 80 106 271 107 110 116 685 127 128 -1 -2 
80 80 107 106 116 107 110 116 127 128 -1 -2 
70 136 109 280 122 439 125 781 844 967 -1 -2 
80 315 106 107 544 110 116 127 930 128 -1 -2 
70 80 106 107 110 303 116 557 127 128 -1 -2 
70 109 122 125 116 127 128 739 756 1000 -1 -2 
80 80 106 110 107 127 110 116 127 128 -1 -2 
162 80 106 107 333 110 116 127 128 974 -1 -2 
80 109 106 125 107 623 110 116 127 128 -1 -2 
80 80 106 110 107 127 110 116 127 128 -1 -2 
104 34 115 198 124 405 420 469 588 857 -1 -2 
70 109 122 122 308 125 658 929 940 980 -1 -2 
70 120 109 353 122 645 125 883 921 958 -1 -2 
45 361 71 87 467 480 535 607 706 838 -1 -2 
80 109 106 125 107 382 110 116 127 128 -1 -2 
70 80 106 125 107 110 116 127 727 128 -1 -2 
80 106 106 110 107 127 110 116 127 128 -1 -2 
80 70 107 109 122 125 128 671 749 841 -1 -2 
57 80 106 107 718 110 751 116 127 128 -1 -2 
80 106 107 107 110 116 127 128 896 977 -1 -2 
1 94 165 307 445 618 679 807 938 953 -1 -2 
53 186 400 458 625 705 787 824 841 905 -1 -2 
184 80 287 106 107 552 110 116 127 128 -1 -2 
80 2 107 79 116 127 128 932 953 977 -1 -2 
247 304 588 637 649 795 889 912 934 998 -1 -2 
80 106 107 107 116 110 128 116 127 128 -1 -2 
80 106 107 110 89 116 127 381 128 845 -1 -2 
80 106 107 110 116 127 127 737 128 926 -1 -2 
80 106 107 110 116 127 128 860 935 940 -1 -2 
70 80 122 106 107 110 715 116 127 128 -1 -2 
80 106 311 107 330 110 116 760 127 128 -1 -2 
284 393 492 571 596 619 634 655 821 912 -1 -2 
105 199 388 400 469 515 571 625 661 979 -1 -2 
60 70 100 109 122 730 125 761 851 893 -1 -2 
80 106 563 107 698 110 779 116 127 128 -1 -2 
80 106 107 110 110 127 116 871 127 128 -1 -2 
24 80 106 267 107 110 551 116 127 128 -1 -2 
80 106 107 110 110 127 116 773 127 128 -1 -2 
229 281 331 466 597 622 679 703 867 910 -1 -2 
80 80 106 110 107 110 116 734 127 128 -1 -2 
80 2 79 110 116 127 128 769 782 906 -1 -2 
70 106 109 110 122 127 125 696 786 839 -1 -2 
54 80 128 106 271 107 110 116 127 128 -1 -2 
16 65 76 179 542 580 668 807 889 982 -1 -2 
80 80 107 106 116 107 110 116 127 128 -1 -2 
80 70 109 110 122 125 128 906 937 967 -1 -2 
2 101 79 416 494 577 648 666 748 884 -1 -2 
80 106 107 110 116 299 127 507 128 669 -1 -2 
80 70 107 109 116 122 125 764 806 975 -1 -2 
70 109 332 122 125 573 678 770 853 949 -1 -2 
80 106 319 107 110 608 116 754 127 128 -1 -2 
187 113 335 556 617 666 784 812 908 960 -1 -2 
11 70 109 209 122 528 125 740 887 900 -1 -2 
80 80 107 106 116 107 110 116 127 128 -1 -2 
80 243 106 509 107 768 110 116 127 128 -1 -2 
80 106 107 107 116 110 128 116 127 128 -1 -2 
70 80 122 106 107 110 116 127 128 895 -1 -2 
70 70 109 125 122 384 125 691 902 932 -1 -2 
70 106 109 122 116 125 128 888 984 992 -1 -2 
80 106 107 487 110 687 116 750 127 128 -1 -2 
70 80 122 106 107 478 110 116 127 128 -1 -2 
80 123 106 230 107 110 116 700 127 128 -1 -2 
80 80 107 106 107 110 128 116 127 128 -1 -2 
80 106 107 107 116 110 128 116 127 128 -1 -2 
6 107 221 260 384 448 501 772 951 998 -1 -2 
70 80 122 106 107 110 116 127 629 128 -1 -2 
80 80 107 106 107 110 128 116 127 128 -1 -2 
80 106 107 110 116 661 127 712 128 993 -1 -2 
80 51 106 219 107 634 110 116 127 128 -1 -2 
138 231 364 378 450 580 659 759 773 902 -1 -2 
2 79 79 203 215 563 658 716 735 806 -1 -2 
134 70 109 488 122 512 125 584 835 957 -1 -2 
80 106 107 118 110 687 116 856 127 128 -1 -2 
25 84 119 233 326 482 556 743 889 992 -1 -2 
80 104 107 115 124 127 128 887 918 936 -1 -2 
97 70 263 109 122 607 125 721 756 870 -1 -2 
125 70 109 470 122 125 699 867 902 977 -1 -2 
181 80 106 520 107 110 641 116 127 128 -1 -2 
70 80 122 106 255 107 110 116 127 128 -1 -2 
80 80 106 107 116 110 116 127 128 995 -1 -2 
80 106 106 107 116 110 128 116 127 128 -1 -2 
25 104 115 124 422 497 558 670 702 975 -1 -2 
65 80 106 107 110 422 116 127 867 128 -1 -2 
2 2 79 301 311 695 746 850 932 941 -1 -2 
80 109 106 125 107 356 110 116 127 128 -1 -2 
80 106 106 110 107 110 128 116 127 128 -1 -2 
104 80 124 106 377 107 110 116 127 128 -1 -2 
80 106 107 531 110 116 127 128 746 781 -1 -2 
5 2 79 223 293 408 694 757 968 977 -1 -2 
24 90 140 398 414 538 578 694 786 887 -1 -2 
86 91 345 365 409 540 595 696 829 994 -1 -2 
70 79 109 353 122 538 125 731 774 962 -1 -2 
11 48 63 199 203 372 436 717 850 960 -1 -2 
70 80 106 125 107 110 116 665 127 128 -1 -2 
70 106 109 110 122 127 125 625 724 997 -1 -2 
70 138 109 122 341 125 594 625 716 738 -1 -2 
13 36 180 269 329 352 457 559 600 851 -1 -2 
80 106 107 282 110 116 372 127 128 982 -1 -2 
80 80 107 106 107 110 128 116 127 128 -1 -2 
80 172 106 107 348 110 116 127 716 128 -1 -2 
80 106 106 107 116 110 116 599 127 128 -1 -2 
109 168 310 430 581 610 620 726 826 873 -1 -2 
80 106 217 107 110 116 127 128 736 974 -1 -2 
70 106 109 110 122 125 128 686 792 916 -1 -2 
131 174 262 408 499 608 734 830 838 999 -1 -2 
80 106 107 110 116 127 128 743 809 866 -1 -2 
198 70 325 109 557 122 125 822 842 907 -1 -2 
104 70 124 109 122 500 125 527 717 825 -1 -2 
45 80 87 106 107 110 737 116 127 128 -1 -2 
94 70 219 109 122 650 125 727 883 892 -1 -2 
80 70 107 109 122 125 128 827 929 930 -1 -2 
70 106 109 122 116 125 128 780 913 962 -1 -2 
80 80 107 106 116 107 110 116 127 128 -1 -2 
80 106 107 329 110 464 116 765 127 128 -1 -2 
113 70 109 399 122 676 125 703 783 833 -1 -2 
104 106 115 124 116 127 128 822 874 914 -1 -2 
80 106 106 110 107 110 116 676 127 128 -1 -2 
80 71 106 107 394 110 116 637 127 128 -1 -2 
80 80 106 110 107 110 116 127 128 853 -1 -2 
80 106 107 110 116 116 127 128 730 733 -1 -2 
80 106 107 469 110 116 694 127 794 128 -1 -2 
70 87 109 203 122 125 757 789 848 880 -1 -2 
70 106 109 122 125 127 128 753 770 872 -1 -2 
306 80 106 574 107 696 110 116 127 128 -1 -2 
279 80 477 106 594 107 110 116 127 128 -1 -2 
89 104 126 313 346 379 447 517 778 856 -1 -2 
80 80 106 110 107 110 116 127 958 128 -1 -2 
127 70 109 170 122 125 531 558 705 908 -1 -2 
70 2 122 79 412 676 726 750 926 936 -1 -2 
35 80 225 106 107 621 110 116 127 128 -1 -2 
24 80 227 106 107 713 110 116 127 128 -1 -2 
53 80 106 107 110 601 116 721 127 128 -1 -2 
80 106 311 107 110 116 127 862 128 982 -1 -2 
180 70 273 109 122 615 125 655 753 917 -1 -2 
239 412 473 609 733 747 808 870 916 951 -1 -2 
80 70 107 109 116 122 125 557 580 670 -1 -2 
80 80 107 106 107 127 110 116 127 128 -1 -2 
80 106 319 107 110 424 116 531 127 128 -1 -2 
80 70 107 109 122 125 128 559 732 961 -1 -2 
80 106 122 107 519 110 116 802 127 128 -1 -2 
80 350 106 415 107 557 110 116 127 128 -1 -2 
66 139 261 427 507 731 896 898 934 998 -1 -2 
35 70 363 109 122 125 526 643 648 980 -1 -2 
80 106 107 107 116 110 128 116 127 128 -1 -2 
80 106 107 110 110 127 116 127 128 919 -1 -2 
80 80 106 110 107 127 110 116 127 128 -1 -2 
80 106 107 367 110 116 127 851 128 966 -1 -2 
80 106 107 110 110 127 116 127 128 978 -1 -2 
70 80 122 106 107 398 110 116 127 128 -1 -2 
27 80 106 377 107 545 110 116 127 128 -1 -2 
56 70 305 109 122 491 125 755 758 837 -1 -2 
80 106 637 107 676 110 703 116 127 128 -1 -2 
113 80 106 107 681 110 938 116 127 128 -1 -2 
80 80 106 110 107 127 110 116 127 128 -1 -2 
80 55 106 107 226 110 116 127 878 128 -1 -2 
80 106 122 107 110 116 478 127 738 128 -1 -2 
80 106 87 107 716 110 806 116 127 128 -1 -2 
70 109 105 122 544 125 593 662 891 960 -1 -2 
80 106 107 110 466 116 127 128 729 940 -1 -2 
80 237 106 107 110 116 127 619 128 744 -1 -2 
45 293 71 523 87 681 709 824 856 961 -1 -2 
2 80 117 106 262 107 110 116 127 128 -1 -2 
80 107 106 416 107 110 116 127 661 128 -1 -2 
80 348 106 107 451 110 735 116 127 128 -1 -2 
80 213 106 107 110 602 116 127 819 128 -1 -2 
22 173 226 234 366 440 505 760 778 998 -1 -2 
63 80 92 106 236 107 110 116 127 128 -1 -2 
80 106 107 110 116 127 128 815 820 841 -1 -2 
300 80 568 106 107 110 116 967 127 128 -1 -2 
32 80 106 181 107 427 110 116 127 128 -1 -2 
80 106 107 107 110 127 116 673 127 128 -1 -2 
70 135 109 122 125 592 611 652 778 873 -1 -2 
2 106 79 110 116 127 128 836 898 988 -1 -2 
104 115 124 110 116 127 128 602 842 867 -1 -2 
198 251 385 525 572 595 630 663 693 861 -1 -2 
70 109 122 125 350 497 560 677 727 770 -1 -2 
13 41 68 150 305 310 577 627 891 903 -1 -2 
47 80 332 106 107 526 110 116 127 128 -1 -2 
37 62 85 256 328 352 611 616 627 780 -1 -2 
80 106 107 125 110 116 128 127 128 884 -1 -2 
80 80 106 110 107 110 128 116 127 128 -1 -2 
70 80 122 106 485 107 110 116 127 128 -1 -2 
80 106 107 110 116 116 127 128 648 887 -1 -2 
70 109 122 646 125 789 912 914 935 936 -1 -2 
21 143 167 331 405 464 621 674 692 866 -1 -2 
4 55 60 210 368 526 632 645 820 860 -1 -2 
70 109 109 125 122 394 125 728 740 921 -1 -2 
80 80 106 110 107 110 116 127 870 128 -1 -2 
209 80 270 106 107 833 110 116 127 128 -1 -2 
70 80 122 106 107 110 116 127 894 128 -1 -2 
70 80 106 107 110 116 607 127 128 937 -1 -2 
80 80 107 106 107 110 128 116 127 128 -1 -2 
80 106 107 110 116 389 127 594 128 941 -1 -2 
80 95 106 107 254 110 748 116 127 128 -1 -2 
35 80 121 106 393 107 110 116 127 128 -1 -2 
116 139 212 264 353 437 438 483 718 907 -1 -2 
80 80 107 106 107 127 110 116 127 128 -1 -2 
80 70 107 109 116 122 125 610 845 893 -1 -2 
345 80 106 462 107 761 110 116 127 128 -1 -2 
27 70 109 219 122 125 400 489 870 975 -1 -2 
80 343 106 681 107 790 110 116 127 128 -1 -2 
80 109 106 125 107 449 110 116 127 128 -1 -2 
2 80 106 378 107 584 110 116 127 128 -1 -2 
171 176 312 335 342 528 549 621 655 938 -1 -2 
80 106 106 107 110 127 116 742 127 128 -1 -2 
80 202 106 537 107 770 110 116 127 128 -1 -2 
70 109 109 125 122 523 125 806 885 967 -1 -2 
106 233 271 388 478 490 510 616 722 806 -1 -2 
10 104 309 115 124 578 584 632 870 952 -1 -2 
70 115 109 599 122 125 753 761 854 952 -1 -2 
15 80 260 106 107 110 520 116 127 128 -1 -2 
11 80 169 106 107 110 116 127 958 128 -1 -2 
2 79 107 110 116 127 128 943 949 966 -1 -2 
36 2 79 206 325 366 447 550 709 882 -1 -2 
80 106 106 107 110 127 116 127 785 128 -1 -2 
80 106 107 110 116 127 127 504 128 844 -1 -2 
104 80 106 158 107 656 110 116 127 128 -1 -2 
116 142 308 330 477 479 647 668 670 859 -1 -2 
30 80 106 261 107 461 110 116 127 128 -1 -2 
100 243 258 443 547 706 748 768 782 893 -1 -2 
80 70 107 109 116 122 125 704 841 883 -1 -2 
70 367 109 672 122 125 700 731 935 981 -1 -2 
80 106 107 306 110 116 127 128 860 926 -1 -2 
7 80 106 107 376 110 601 116 127 128 -1 -2 
96 132 483 516 581 614 658 750 753 900 -1 -2 
80 106 122 107 110 116 128 127 746 128 -1 -2 
45 80 87 106 107 110 116 127 835 128 -1 -2 
93 145 185 187 215 454 541 825 868 932 -1 -2 
80 70 107 109 116 122 125 526 547 549 -1 -2 
80 71 106 107 390 110 651 116 127 128 -1 -2 
23 126 156 197 253 278 691 769 852 853 -1 -2 
80 70 109 110 122 127 125 626 636 662 -1 -2 
80 70 107 109 116 122 125 797 874 922 -1 -2 
80 106 217 107 396 110 661 116 127 128 -1 -2 
70 70 122 109 122 125 621 636 866 991 -1 -2 
80 70 107 109 122 125 128 822 847 848 -1 -2 
70 109 122 125 650 705 776 849 927 942 -1 -2 
80 80 107 106 107 110 128 116 127 128 -1 -2 
52 75 97 180 238 495 572 587 708 747 -1 -2 
49 152 208 410 490 657 732 809 819 852 -1 -2 
70 227 109 122 682 125 720 816 888 904 -1 -2 
