124 125 127 128 428 447 610 705 771 898 -1 -2 
124 125 127 128 448 670 750 846 850 941 -1 -2 
30 33 57 86 147 219 223 237 725 820 -1 -2 
124 125 127 128 763 923 939 944 949 981 -1 -2 
238 124 487 125 127 744 128 773 904 906 -1 -2 
118 124 125 272 127 463 128 702 783 833 -1 -2 
124 125 127 128 336 368 538 581 650 831 -1 -2 
166 202 317 339 538 594 695 736 795 920 -1 -2 
124 125 125 127 494 128 658 836 910 954 -1 -2 
124 125 127 127 128 658 675 790 808 885 -1 -2 
124 124 127 125 127 128 686 787 805 977 -1 -2 
15 204 209 273 338 446 816 827 961 971 -1 -2 
3 94 166 339 437 448 505 693 981 993 -1 -2 
124 125 127 128 514 597 607 725 859 922 -1 -2 
124 125 127 182 128 280 476 627 965 988 -1 -2 
69 97 127 234 296 354 515 553 700 984 -1 -2 
124 125 127 128 261 317 388 576 579 975 -1 -2 
124 64 125 429 127 128 735 736 764 798 -1 -2 
124 125 125 127 614 128 798 805 889 928 -1 -2 
131 124 125 127 276 128 368 406 787 910 -1 -2 
74 103 198 256 328 376 431 449 657 826 -1 -2 
124 125 127 128 349 506 657 712 717 912 -1 -2 
102 124 191 125 127 128 526 562 820 832 -1 -2 
124 124 127 125 127 673 128 746 960 985 -1 -2 
124 124 125 127 128 657 754 792 953 978 -1 -2 
124 124 127 125 412 127 128 762 824 950 -1 -2 
124 124 125 127 306 128 690 718 906 934 -1 -2 
124 388 125 127 128 680 698 771 970 983 -1 -2 
124 124 125 127 253 128 437 447 769 918 -1 -2 
110 420 118 424 119 757 771 814 889 937 -1 -2 
32 158 175 228 303 324 538 588 865 956 -1 -2 
124 124 127 125 240 127 128 651 776 934 -1 -2 
107 124 183 125 127 719 128 780 807 909 -1 -2 
199 237 241 284 539 553 565 600 756 801 -1 -2 
110 407 118 631 119 758 872 912 956 989 -1 -2 
124 332 125 554 127 628 128 661 767 877 -1 -2 
124 125 127 128 539 655 768 829 861 979 -1 -2 
124 125 127 127 128 533 679 781 813 822 -1 -2 
55 316 566 574 618 641 688 852 866 883 -1 -2 
124 125 127 128 308 382 464 722 843 916 -1 -2 
124 125 127 400 128 446 556 603 785 835 -1 -2 
338 351 439 570 723 752 760 826 914 971 -1 -2 
171 198 296 497 580 587 602 614 716 930 -1 -2 
124 125 125 128 127 128 839 854 865 893 -1 -2 
124 125 127 128 776 829 877 888 902 999 -1 -2 
152 205 334 387 434 447 745 825 874 876 -1 -2 
124 125 292 127 128 447 475 689 866 950 -1 -2 
82 89 108 128 153 361 367 588 622 764 -1 -2 
2 269 280 314 407 573 697 715 889 929 -1 -2 
109 253 255 257 289 426 514 583 670 996 -1 -2 
124 124 125 128 127 128 553 618 654 862 -1 -2 
37 188 197 264 425 549 623 731 782 948 -1 -2 
51 128 139 185 252 272 366 453 496 850 -1 -2 
124 124 127 125 417 127 128 804 854 983 -1 -2 
124 125 127 128 439 511 544 832 880 954 -1 -2 
124 125 369 127 128 767 783 828 862 883 -1 -2 
124 125 127 128 137 203 633 767 858 871 -1 -2 
110 304 118 536 119 578 588 834 873 933 -1 -2 
124 124 127 125 127 128 811 849 858 968 -1 -2 
4 83 175 331 373 385 614 627 656 805 -1 -2 
124 124 127 125 509 127 128 663 807 936 -1 -2 
124 124 125 128 127 128 616 746 747 967 -1 -2 
66 92 146 308 458 616 649 823 835 904 -1 -2 
124 124 125 127 128 380 436 632 817 889 -1 -2 
124 113 125 215 127 128 461 665 776 897 -1 -2 
67 124 125 127 128 439 753 790 877 977 -1 -2 
124 125 245 127 340 128 574 627 904 985 -1 -2 
50 124 214 125 300 127 128 583 701 798 -1 -2 
124 125 127 353 128 427 592 849 967 980 -1 -2 
124 125 125 127 128 399 646 851 894 958 -1 -2 
124 124 127 125 127 545 128 927 946 993 -1 -2 
124 124 127 125 476 127 128 813 899 1000 -1 -2 
124 124 127 125 127 128 767 848 934 966 -1 -2 
124 125 125 128 127 553 128 580 823 992 -1 -2 
124 125 127 128 515 658 766 971 984 986 -1 -2 
124 124 127 125 127 128 641 699 848 965 -1 -2 
124 124 127 125 127 128 958 960 965 973 -1 -2 
62 97 164 292 358 487 673 776 811 947 -1 -2 
124 124 125 127 581 128 814 854 942 977 -1 -2 
124 124 125 127 128 852 874 928 938 1000 -1 -2 
124 124 127 125 127 274 128 353 665 893 -1 -2 
124 251 125 419 127 128 737 866 921 966 -1 -2 
124 125 127 195 128 486 633 681 847 955 -1 -2 
124 125 127 128 346 369 442 462 591 701 -1 -2 
124 124 127 125 395 127 128 909 964 977 -1 -2 
26 124 125 106 127 617 128 636 830 914 -1 -2 
124 125 127 128 189 291 348 414 570 835 -1 -2 
124 125 127 128 403 426 491 499 867 954 -1 -2 
124 125 127 491 128 567 596 644 731 944 -1 -2 
110 118 119 128 490 593 696 815 902 909 -1 -2 
108 124 340 125 127 128 777 821 900 977 -1 -2 
124 124 127 125 127 128 732 923 947 996 -1 -2 
124 124 125 128 127 637 128 689 855 909 -1 -2 
35 77 444 474 652 838 856 863 960 993 -1 -2 
124 124 127 125 190 127 128 400 579 975 -1 -2 
124 125 127 128 444 572 610 650 727 864 -1 -2 
124 124 125 127 128 416 421 578 639 998 -1 -2 
124 125 127 127 128 311 540 636 692 932 -1 -2 
124 125 127 128 458 460 553 627 864 897 -1 -2 
124 124 127 125 127 516 128 584 832 899 -1 -2 
22 124 313 125 422 127 128 639 761 993 -1 -2 
124 125 127 127 128 652 731 745 846 954 -1 -2 
124 125 127 128 494 510 574 807 872 988 -1 -2 
124 125 127 128 128 531 705 784 896 958 -1 -2 
88 133 232 297 342 536 558 569 579 1000 -1 -2 
124 125 127 128 128 550 557 677 687 835 -1 -2 
124 125 127 128 410 451 479 534 570 989 -1 -2 
124 463 125 127 128 731 739 797 849 991 -1 -2 
110 118 119 221 256 337 371 391 721 845 -1 -2 
124 125 125 128 127 609 128 845 862 900 -1 -2 
124 125 127 128 531 616 695 846 927 943 -1 -2 
124 66 125 106 127 349 128 682 799 989 -1 -2 
124 125 127 128 557 641 658 836 935 951 -1 -2 
124 125 246 127 273 128 728 771 861 942 -1 -2 
124 125 127 128 302 324 566 708 860 930 -1 -2 
124 124 127 125 127 128 534 591 645 963 -1 -2 
124 124 125 127 287 128 535 885 915 926 -1 -2 
124 125 127 128 512 679 700 774 775 938 -1 -2 
124 124 127 125 127 700 128 806 903 952 -1 -2 
124 125 127 128 634 730 823 901 918 945 -1 -2 
193 124 247 125 635 127 128 729 750 924 -1 -2 
50 227 262 263 333 342 405 421 621 741 -1 -2 
124 125 125 128 127 128 338 710 714 830 -1 -2 
124 124 127 125 127 128 670 693 957 986 -1 -2 
124 124 125 127 128 449 540 707 770 875 -1 -2 
124 124 125 127 634 128 804 855 954 986 -1 -2 
124 80 125 557 127 609 128 889 892 925 -1 -2 
130 124 220 125 127 584 128 659 681 925 -1 -2 
124 124 127 125 476 127 128 822 836 927 -1 -2 
124 125 127 128 463 645 668 745 855 978 -1 -2 
124 124 125 128 127 705 128 750 886 923 -1 -2 
124 125 127 127 422 128 626 674 716 814 -1 -2 
124 125 125 128 127 616 128 737 800 915 -1 -2 
23 368 411 437 467 688 761 853 857 878 -1 -2 
124 125 125 128 127 128 622 889 890 934 -1 -2 
124 124 125 127 587 128 777 852 893 958 -1 -2 
124 125 386 127 128 702 709 740 742 985 -1 -2 
124 124 125 128 127 128 577 846 916 984 -1 -2 
124 124 125 127 128 624 677 825 932 966 -1 -2 
75 92 105 114 698 126 781 790 860 984 -1 -2 
16 24 28 35 172 730 739 850 865 919 -1 -2 
185 124 391 125 749 127 128 828 891 932 -1 -2 
124 124 125 128 127 128 431 493 611 830 -1 -2 
124 125 125 128 127 577 128 670 706 859 -1 -2 
117 124 197 125 127 128 485 673 860 869 -1 -2 
92 125 105 114 479 126 644 732 773 983 -1 -2 
23 124 122 125 298 127 128 842 946 960 -1 -2 
54 90 148 173 279 340 487 533 892 916 -1 -2 
154 199 202 222 247 398 759 891 907 970 -1 -2 
124 165 125 127 128 784 818 861 946 980 -1 -2 
215 124 520 125 127 701 128 808 903 920 -1 -2 
124 125 127 128 488 513 619 675 838 852 -1 -2 
124 125 637 127 128 765 792 816 876 952 -1 -2 
124 124 127 125 127 128 641 685 708 985 -1 -2 
124 291 125 574 127 747 128 877 913 978 -1 -2 
95 183 206 294 416 721 729 792 877 942 -1 -2 
124 125 127 128 345 378 516 963 974 980 -1 -2 
124 125 127 128 124 442 692 850 853 879 -1 -2 
124 124 125 127 128 642 674 704 757 986 -1 -2 
124 124 125 127 530 128 703 855 907 990 -1 -2 
92 124 125 126 127 128 666 672 825 982 -1 -2 
124 125 127 128 493 615 715 747 818 968 -1 -2 
26 178 189 223 426 463 498 580 699 880 -1 -2 
124 59 125 201 127 292 128 491 835 983 -1 -2 
124 125 125 128 127 128 436 519 606 645 -1 -2 
124 317 125 127 128 739 821 871 886 999 -1 -2 
134 124 407 125 127 612 128 680 818 849 -1 -2 
124 125 127 128 605 823 838 904 977 1000 -1 -2 
124 118 125 127 128 598 609 630 753 977 -1 -2 
124 124 127 125 127 638 128 912 946 954 -1 -2 
124 124 127 125 127 128 755 810 954 969 -1 -2 
124 124 127 125 127 601 128 772 810 922 -1 -2 
22 68 115 117 129 205 308 535 644 871 -1 -2 
21 124 132 125 127 128 315 333 392 567 -1 -2 
124 125 127 128 128 445 637 673 811 920 -1 -2 
49 382 400 405 409 446 515 610 633 807 -1 -2 
124 125 127 128 200 234 344 645 742 886 -1 -2 
27 124 186 125 127 128 725 735 795 963 -1 -2 
124 124 127 125 127 128 855 911 934 973 -1 -2 
124 124 127 125 127 505 128 874 880 911 -1 -2 
124 125 125 128 127 441 128 851 875 947 -1 -2 
124 124 125 127 128 352 553 607 645 853 -1 -2 
124 125 127 128 403 504 535 871 911 919 -1 -2 
124 124 125 128 127 128 526 566 710 747 -1 -2 
124 124 125 127 530 128 710 717 856 863 -1 -2 
124 124 125 127 196 128 293 316 402 468 -1 -2 
180 124 125 488 127 128 652 693 918 972 -1 -2 
124 125 127 127 128 691 789 810 845 879 -1 -2 
124 124 125 128 127 128 427 726 758 866 -1 -2 
124 125 127 128 243 364 424 808 875 908 -1 -2 
124 125 127 128 446 514 653 695 751 963 -1 -2 
99 124 125 127 128 513 556 665 890 931 -1 -2 
124 125 127 127 128 443 486 816 925 943 -1 -2 
124 125 127 128 572 609 650 716 868 988 -1 -2 
124 125 127 128 316 331 504 656 951 996 -1 -2 
124 125 127 360 128 557 652 658 673 805 -1 -2 
124 125 127 128 488 720 836 898 967 988 -1 -2 
20 110 105 118 346 119 740 801 816 896 -1 -2 
124 124 127 125 661 127 128 919 923 928 -1 -2 
124 125 127 128 128 737 812 841 887 978 -1 -2 
124 125 297 127 353 128 451 774 926 991 -1 -2 
124 125 125 127 437 128 719 726 733 907 -1 -2 
124 125 127 128 624 687 688 708 752 936 -1 -2 
77 92 125 183 330 452 499 654 661 685 -1 -2 
124 125 127 128 154 225 338 681 969 998 -1 -2 
124 125 127 128 559 751 760 766 931 940 -1 -2 
110 124 119 125 127 128 659 765 928 955 -1 -2 
124 125 127 128 128 774 810 868 877 937 -1 -2 
397 428 523 649 676 751 818 828 858 895 -1 -2 
124 125 127 127 128 501 687 710 891 989 -1 -2 
124 118 125 291 127 128 661 745 756 861 -1 -2 
207 124 125 407 127 128 738 871 914 928 -1 -2 
124 125 125 127 509 128 714 762 807 920 -1 -2 
124 124 125 127 128 531 676 807 856 930 -1 -2 
124 125 114 127 128 594 642 729 942 948 -1 -2 
40 124 87 125 349 127 128 673 763 979 -1 -2 
124 125 125 127 128 599 641 711 712 772 -1 -2 
55 77 495 512 541 668 720 795 879 949 -1 -2 
124 400 125 127 674 128 745 772 893 918 -1 -2 
34 124 125 127 335 128 427 488 613 712 -1 -2 
124 92 125 357 127 128 683 720 881 900 -1 -2 
124 125 231 127 463 128 668 798 835 996 -1 -2 
124 165 125 380 127 128 800 808 831 886 -1 -2 
92 124 125 189 127 525 128 713 863 910 -1 -2 
124 124 127 125 127 369 128 590 683 760 -1 -2 
131 212 229 253 264 615 767 788 873 875 -1 -2 
71 124 125 127 386 128 689 690 719 975 -1 -2 
19 124 125 420 127 788 128 852 898 963 -1 -2 
124 124 125 127 502 128 616 694 906 981 -1 -2 
124 125 127 128 128 302 403 417 651 708 -1 -2 
38 124 125 127 677 128 821 872 877 912 -1 -2 
32 91 297 386 464 478 494 615 828 872 -1 -2 
124 125 127 128 397 506 669 747 818 840 -1 -2 
110 118 119 587 657 666 791 904 953 978 -1 -2 
237 244 324 508 559 596 621 667 870 914 -1 -2 
124 125 127 128 582 636 674 764 935 991 -1 -2 
95 124 125 470 127 128 810 864 918 960 -1 -2 
124 124 125 128 127 128 833 883 967 997 -1 -2 
396 459 590 655 689 712 722 740 805 949 -1 -2 
124 250 125 301 127 128 534 547 663 949 -1 -2 
124 125 127 127 411 128 679 754 913 940 -1 -2 
1 197 281 406 449 525 611 618 690 972 -1 -2 
145 124 125 127 451 128 592 606 726 933 -1 -2 
124 125 127 128 630 747 897 924 933 980 -1 -2 
124 124 127 125 322 127 128 727 905 996 -1 -2 
124 125 127 128 329 578 593 623 638 686 -1 -2 
124 125 125 128 127 554 128 656 715 833 -1 -2 
110 118 312 119 360 710 870 908 977 1000 -1 -2 
124 124 125 128 127 128 718 721 777 965 -1 -2 
69 90 110 133 545 621 626 697 811 883 -1 -2 
124 92 105 128 114 126 628 817 919 925 -1 -2 
59 124 137 141 161 363 419 649 791 942 -1 -2 
124 125 125 128 127 502 128 747 896 988 -1 -2 
124 125 125 127 128 437 454 571 592 643 -1 -2 
124 125 125 128 127 628 128 889 910 995 -1 -2 
124 124 125 127 128 343 400 491 919 987 -1 -2 
124 124 125 128 127 525 128 871 899 951 -1 -2 
124 125 379 127 598 128 680 785 799 816 -1 -2 
107 153 233 323 528 619 713 782 884 931 -1 -2 
124 174 125 127 128 401 452 685 869 934 -1 -2 
124 125 127 128 544 580 612 743 891 914 -1 -2 
90 124 259 125 289 127 128 781 844 967 -1 -2 
26 66 71 106 116 614 698 707 930 959 -1 -2 
124 125 252 127 296 128 524 557 722 848 -1 -2 
61 124 76 125 127 128 411 739 756 1000 -1 -2 
124 125 127 128 133 166 544 699 938 974 -1 -2 
162 217 250 304 333 735 743 819 937 974 -1 -2 
124 182 125 324 127 623 128 852 866 940 -1 -2 
19 124 125 297 127 527 128 599 648 762 -1 -2 
124 125 125 127 128 405 420 469 588 857 -1 -2 
124 125 127 127 308 128 658 929 940 980 -1 -2 
124 125 127 127 128 645 738 883 921 958 -1 -2 
124 124 125 128 127 128 535 607 706 838 -1 -2 
5 97 256 266 296 382 726 733 836 971 -1 -2 
110 118 127 119 423 462 471 671 727 940 -1 -2 
124 125 127 128 472 599 676 768 912 995 -1 -2 
15 101 245 304 436 483 626 671 749 841 -1 -2 
124 124 127 125 718 127 128 878 936 1000 -1 -2 
26 109 66 71 106 116 598 874 896 977 -1 -2 
124 125 125 128 127 618 128 807 938 953 -1 -2 
124 124 125 128 127 128 787 824 841 905 -1 -2 
184 124 125 127 128 552 585 646 773 810 -1 -2 
47 124 153 125 127 892 128 932 953 977 -1 -2 
124 125 125 128 127 795 128 912 934 998 -1 -2 
124 125 125 127 128 754 785 830 837 996 -1 -2 
17 124 125 127 128 259 338 381 622 845 -1 -2 
124 110 118 119 298 571 603 737 766 926 -1 -2 
124 280 125 370 127 609 128 860 935 940 -1 -2 
30 174 589 630 675 699 715 840 851 921 -1 -2 
251 124 125 127 128 349 688 760 773 983 -1 -2 
124 124 127 125 127 128 634 655 821 912 -1 -2 
105 199 388 400 469 515 571 625 661 979 -1 -2 
124 125 127 128 685 730 736 761 851 893 -1 -2 
124 124 127 125 698 127 128 815 836 943 -1 -2 
124 124 125 128 127 128 796 871 959 965 -1 -2 
124 125 127 127 128 537 551 568 735 999 -1 -2 
124 124 127 125 579 127 128 773 794 915 -1 -2 
124 124 127 125 127 622 128 703 867 910 -1 -2 
124 125 127 127 128 398 478 734 791 857 -1 -2 
10 124 280 125 362 127 128 769 782 906 -1 -2 
9 22 104 203 243 327 368 696 786 839 -1 -2 
124 124 125 127 128 329 526 672 744 926 -1 -2 
124 124 125 128 127 128 668 807 889 982 -1 -2 
124 125 127 128 423 508 679 907 910 921 -1 -2 
124 125 125 128 127 806 128 906 937 967 -1 -2 
110 125 118 119 494 577 648 666 748 884 -1 -2 
124 125 201 127 219 128 489 507 647 669 -1 -2 
124 124 127 125 127 603 128 764 806 975 -1 -2 
86 224 332 416 419 573 678 770 853 949 -1 -2 
124 125 125 128 127 608 128 754 845 861 -1 -2 
187 249 335 556 617 666 784 812 908 960 -1 -2 
11 46 138 209 237 528 712 740 887 900 -1 -2 
124 125 127 128 116 375 668 809 850 882 -1 -2 
33 243 406 509 522 768 845 855 872 945 -1 -2 
124 125 127 128 128 527 588 793 866 934 -1 -2 
124 125 127 127 553 128 687 796 865 895 -1 -2 
124 69 125 328 127 384 128 691 902 932 -1 -2 
29 156 162 211 336 382 583 888 984 992 -1 -2 
50 124 125 487 127 687 128 750 766 910 -1 -2 
3 26 82 368 431 478 494 553 616 846 -1 -2 
7 123 140 230 506 513 533 700 820 884 -1 -2 
124 124 127 125 491 127 128 755 895 966 -1 -2 
124 124 127 125 127 128 637 660 703 797 -1 -2 
124 125 125 127 128 448 501 772 951 998 -1 -2 
124 125 127 128 128 536 572 581 629 731 -1 -2 
8 95 230 270 396 444 543 713 766 996 -1 -2 
124 125 127 128 527 661 706 712 895 993 -1 -2 
124 124 127 125 516 127 128 790 868 885 -1 -2 
124 125 125 128 127 128 659 759 773 902 -1 -2 
110 118 119 128 215 563 658 716 735 806 -1 -2 
124 125 127 127 496 128 519 584 835 957 -1 -2 
124 124 127 125 127 687 128 856 863 927 -1 -2 
124 125 127 128 326 482 556 743 889 992 -1 -2 
124 125 127 128 669 780 818 887 918 936 -1 -2 
97 104 263 271 376 607 640 721 756 870 -1 -2 
124 124 125 127 128 594 699 867 902 977 -1 -2 
26 124 71 125 127 567 128 679 770 937 -1 -2 
18 161 221 251 255 581 586 672 783 907 -1 -2 
124 124 125 128 127 128 930 966 990 995 -1 -2 
124 125 127 128 789 815 864 955 970 1000 -1 -2 
92 124 114 125 127 497 128 670 702 975 -1 -2 
65 124 246 125 332 127 128 852 867 983 -1 -2 
20 124 125 127 311 128 746 850 932 941 -1 -2 
124 124 127 125 127 128 406 616 670 735 -1 -2 
124 124 125 128 127 128 758 834 907 1000 -1 -2 
124 125 208 127 128 432 519 769 788 814 -1 -2 
156 124 125 531 127 128 703 717 746 781 -1 -2 
124 124 127 125 127 408 128 757 968 977 -1 -2 
92 105 114 126 414 538 578 694 786 887 -1 -2 
124 125 127 128 409 540 595 696 829 994 -1 -2 
124 125 127 127 128 538 703 731 774 962 -1 -2 
124 125 127 127 128 372 436 717 850 960 -1 -2 
124 125 125 128 127 128 602 665 888 894 -1 -2 
124 125 125 128 127 518 128 625 724 997 -1 -2 
102 124 144 125 341 127 128 625 716 738 -1 -2 
124 124 127 125 329 127 128 559 600 851 -1 -2 
124 124 125 127 283 128 372 407 486 982 -1 -2 
124 193 125 127 473 128 604 626 731 860 -1 -2 
124 172 125 338 127 128 470 489 716 852 -1 -2 
26 26 66 106 71 446 106 116 666 903 -1 -2 
124 124 127 125 127 128 620 726 826 873 -1 -2 
26 124 125 106 127 443 128 666 736 974 -1 -2 
37 285 296 474 476 570 599 686 792 916 -1 -2 
124 174 125 127 128 608 734 830 838 999 -1 -2 
124 125 127 128 128 639 658 743 809 866 -1 -2 
124 125 127 128 557 625 732 822 842 907 -1 -2 
85 213 253 255 302 500 520 527 717 825 -1 -2 
103 124 312 125 127 715 128 820 966 976 -1 -2 
124 124 125 127 128 650 703 727 883 892 -1 -2 
124 125 127 128 529 569 637 827 929 930 -1 -2 
124 201 125 127 128 603 696 780 913 962 -1 -2 
46 58 70 147 220 227 629 643 718 958 -1 -2 
124 125 127 128 397 464 662 765 826 926 -1 -2 
113 201 336 399 564 676 692 703 783 833 -1 -2 
110 118 119 364 588 594 667 822 874 914 -1 -2 
124 124 125 127 128 612 626 676 745 783 -1 -2 
124 125 127 128 394 463 505 637 708 971 -1 -2 
124 125 127 128 587 667 744 817 850 853 -1 -2 
124 125 127 128 598 613 701 716 730 733 -1 -2 
124 124 127 125 127 128 694 722 794 890 -1 -2 
35 87 91 203 317 403 757 789 848 880 -1 -2 
124 125 127 128 395 408 538 753 770 872 -1 -2 
124 125 559 127 128 696 710 712 755 860 -1 -2 
124 125 127 128 594 736 760 791 820 997 -1 -2 
89 104 126 313 346 379 447 517 778 856 -1 -2 
124 125 127 128 337 772 880 881 958 962 -1 -2 
127 124 137 125 127 394 128 558 705 908 -1 -2 
124 124 127 125 127 676 128 750 926 936 -1 -2 
124 125 127 128 392 621 737 750 781 862 -1 -2 
124 124 127 125 127 128 867 877 949 955 -1 -2 
53 74 432 453 527 601 635 721 847 868 -1 -2 
73 124 125 127 584 128 759 862 945 982 -1 -2 
180 272 273 444 602 615 624 655 753 917 -1 -2 
124 110 127 118 733 119 808 870 916 951 -1 -2 
18 124 256 125 447 127 128 557 580 670 -1 -2 
124 26 66 128 71 407 106 116 543 837 -1 -2 
41 124 125 350 127 424 128 531 611 768 -1 -2 
124 125 127 128 237 438 450 559 732 961 -1 -2 
227 437 448 472 519 530 623 802 854 890 -1 -2 
92 350 105 114 126 557 569 887 978 990 -1 -2 
124 124 127 125 127 731 128 898 934 998 -1 -2 
124 125 127 127 128 448 526 643 648 980 -1 -2 
84 124 206 125 127 584 128 795 885 911 -1 -2 
124 124 127 125 127 455 128 584 675 919 -1 -2 
40 124 125 267 127 128 664 679 733 881 -1 -2 
124 125 127 128 468 699 715 851 949 966 -1 -2 
124 124 127 125 127 128 689 723 871 978 -1 -2 
4 119 250 360 373 398 526 735 863 891 -1 -2 
124 125 127 128 453 545 557 612 757 953 -1 -2 
56 183 305 412 481 491 659 755 758 837 -1 -2 
124 125 125 128 127 693 128 847 863 876 -1 -2 
110 124 119 125 681 127 128 941 945 977 -1 -2 
124 125 127 128 259 661 796 817 923 950 -1 -2 
124 125 127 128 226 313 536 564 878 893 -1 -2 
124 125 125 127 128 398 478 708 738 903 -1 -2 
304 415 590 687 716 738 806 911 979 996 -1 -2 
10 124 105 125 544 127 128 662 891 960 -1 -2 
124 125 216 127 128 530 673 694 729 940 -1 -2 
124 124 127 125 127 595 128 619 711 744 -1 -2 
124 125 127 128 537 681 709 824 856 961 -1 -2 
26 66 71 128 106 116 372 470 588 805 -1 -2 
124 124 127 125 442 127 128 656 661 760 -1 -2 
124 125 127 127 128 468 735 930 960 1000 -1 -2 
124 213 125 127 128 602 743 754 819 951 -1 -2 
124 124 125 127 128 440 505 760 778 998 -1 -2 
63 80 92 228 236 581 613 703 806 922 -1 -2 
112 124 330 125 495 127 128 815 820 841 -1 -2 
124 125 127 128 687 842 858 967 987 997 -1 -2 
32 51 174 181 225 427 449 472 551 717 -1 -2 
124 125 125 127 324 128 584 673 712 904 -1 -2 
124 125 127 128 573 592 611 652 778 873 -1 -2 
108 124 134 125 127 628 128 836 898 988 -1 -2 
124 124 127 125 127 128 601 602 842 867 -1 -2 
124 125 125 128 127 128 630 663 693 861 -1 -2 
124 124 127 125 127 497 128 677 727 770 -1 -2 
13 124 68 125 127 310 128 627 891 903 -1 -2 
47 124 125 334 127 128 561 599 866 902 -1 -2 
124 62 125 256 127 128 611 616 627 780 -1 -2 
124 125 127 128 128 569 625 654 700 884 -1 -2 
79 124 125 283 127 726 128 760 771 868 -1 -2 
124 124 127 125 485 127 128 635 725 779 -1 -2 
124 125 127 128 451 454 547 568 648 887 -1 -2 
124 125 125 128 127 128 912 914 935 936 -1 -2 
124 124 125 128 127 128 621 674 692 866 -1 -2 
124 125 127 128 368 526 632 645 820 860 -1 -2 
124 124 125 128 127 394 128 728 740 921 -1 -2 
124 125 127 127 128 466 484 510 870 963 -1 -2 
110 118 119 128 387 833 849 891 900 906 -1 -2 
124 125 127 127 290 128 462 817 894 987 -1 -2 
124 125 127 128 525 603 607 684 816 937 -1 -2 
124 125 127 128 128 693 793 823 888 971 -1 -2 
124 91 125 127 356 128 521 594 912 941 -1 -2 
124 125 222 127 254 128 748 849 896 993 -1 -2 
35 85 121 312 393 804 842 868 922 998 -1 -2 
124 139 125 264 127 437 128 483 718 907 -1 -2 
110 124 125 483 127 128 553 726 810 901 -1 -2 
26 124 71 125 116 127 128 610 845 893 -1 -2 
124 125 127 128 686 761 772 840 921 936 -1 -2 
124 163 125 219 127 128 400 489 870 975 -1 -2 
124 124 125 127 737 128 811 865 866 950 -1 -2 
205 124 125 127 434 128 475 571 748 992 -1 -2 
124 125 125 127 398 128 697 776 833 884 -1 -2 
171 124 125 127 128 528 549 621 655 938 -1 -2 
124 124 127 125 127 128 649 742 796 891 -1 -2 
92 124 114 125 127 770 128 901 908 929 -1 -2 
124 125 125 128 127 523 128 806 885 967 -1 -2 
106 124 271 125 478 127 128 616 722 806 -1 -2 
10 124 309 125 127 578 128 632 870 952 -1 -2 
124 110 118 119 623 647 753 761 854 952 -1 -2 
124 125 127 128 483 503 520 764 883 957 -1 -2 
124 124 127 125 127 128 747 856 958 985 -1 -2 
75 121 343 405 606 662 835 943 949 966 -1 -2 
124 125 125 127 325 128 447 550 709 882 -1 -2 
124 125 127 128 521 701 705 777 785 843 -1 -2 
124 125 172 127 289 128 359 504 806 844 -1 -2 
124 124 125 127 501 128 664 833 898 951 -1 -2 
124 125 127 127 477 128 647 668 670 859 -1 -2 
124 124 127 125 340 127 128 587 663 706 -1 -2 
100 243 258 443 547 706 748 768 782 893 -1 -2 
124 131 125 127 128 695 702 704 841 883 -1 -2 
179 367 471 672 674 679 700 731 935 981 -1 -2 
124 125 127 128 342 421 606 701 860 926 -1 -2 
124 125 127 128 376 444 601 665 752 936 -1 -2 
124 125 127 128 581 614 658 750 753 900 -1 -2 
197 124 448 125 127 128 694 727 746 988 -1 -2 
20 246 318 398 522 595 691 717 835 884 -1 -2 
124 124 125 128 127 128 541 825 868 932 -1 -2 
56 124 231 125 285 127 128 526 547 549 -1 -2 
62 103 346 362 390 449 651 669 675 822 -1 -2 
124 110 127 118 119 278 691 769 852 853 -1 -2 
124 125 127 128 361 379 391 626 636 662 -1 -2 
124 125 127 313 128 695 750 797 874 922 -1 -2 
97 124 217 125 396 127 128 777 885 928 -1 -2 
124 124 127 125 471 127 128 636 866 991 -1 -2 
124 125 127 128 128 733 808 822 847 848 -1 -2 
124 125 127 128 650 705 776 849 927 942 -1 -2 
36 63 259 345 504 568 670 736 807 969 -1 -2 
124 125 125 128 127 495 128 587 708 747 -1 -2 
124 124 127 125 127 657 128 809 819 852 -1 -2 
124 124 125 128 127 128 720 816 888 904 -1 -2 
