101 101 107 118 117 118 128 705 771 898 -1 -2 
101 101 107 118 117 118 128 846 850 941 -1 -2 
101 107 117 118 125 126 128 237 725 820 -1 -2 
101 101 117 107 117 118 128 944 949 981 -1 -2 
101 101 117 107 125 117 118 773 904 906 -1 -2 
101 107 117 118 125 126 128 702 783 833 -1 -2 
18 28 117 120 122 126 125 126 128 831 -1 -2 
101 101 117 107 117 126 118 736 795 920 -1 -2 
18 28 120 122 125 126 126 128 910 954 -1 -2 
101 101 107 118 117 118 128 790 808 885 -1 -2 
101 101 117 107 117 118 128 787 805 977 -1 -2 
101 107 107 118 117 118 128 827 961 971 -1 -2 
101 107 107 117 118 126 128 693 981 993 -1 -2 
101 101 107 117 125 118 128 725 859 922 -1 -2 
101 29 73 118 92 280 98 114 965 988 -1 -2 
101 101 107 117 118 354 515 553 700 984 -1 -2 
101 107 117 118 125 126 128 576 579 975 -1 -2 
101 18 117 28 439 120 122 125 126 128 -1 -2 
101 107 117 117 125 118 128 805 889 928 -1 -2 
101 18 28 118 120 321 122 125 126 128 -1 -2 
101 101 107 118 117 376 118 449 657 826 -1 -2 
101 107 117 117 118 126 128 712 717 912 -1 -2 
101 119 127 118 279 518 526 562 820 832 -1 -2 
101 101 117 107 117 118 128 746 960 985 -1 -2 
101 107 117 118 125 126 128 792 953 978 -1 -2 
101 107 107 117 125 118 128 762 824 950 -1 -2 
101 107 117 118 125 126 128 718 906 934 -1 -2 
101 101 117 107 125 117 118 771 970 983 -1 -2 
101 101 117 107 117 126 118 447 769 918 -1 -2 
101 107 107 118 117 118 128 814 889 937 -1 -2 
101 107 107 118 117 118 128 588 865 956 -1 -2 
101 107 107 118 117 126 118 651 776 934 -1 -2 
101 101 117 107 117 118 128 780 807 909 -1 -2 
101 101 107 118 117 126 118 600 756 801 -1 -2 
101 107 107 117 125 118 128 912 956 989 -1 -2 
101 101 117 107 117 118 128 661 767 877 -1 -2 
101 18 28 120 125 122 125 829 126 128 -1 -2 
101 101 117 107 117 126 118 781 813 822 -1 -2 
101 29 73 118 92 641 98 114 866 883 -1 -2 
101 107 117 117 125 118 128 722 843 916 -1 -2 
101 18 117 28 120 446 122 125 126 128 -1 -2 
18 107 28 118 120 126 122 125 126 128 -1 -2 
101 18 117 28 120 122 128 125 126 128 -1 -2 
18 107 28 120 122 125 128 126 865 128 -1 -2 
101 101 117 107 125 117 118 888 902 999 -1 -2 
101 18 28 118 120 447 122 125 126 128 -1 -2 
101 107 107 117 125 118 128 689 866 950 -1 -2 
101 101 107 118 117 126 118 588 622 764 -1 -2 
101 107 117 118 118 126 128 715 889 929 -1 -2 
101 107 107 118 117 118 128 583 670 996 -1 -2 
101 107 107 118 117 450 118 618 654 862 -1 -2 
18 107 28 118 120 122 125 731 126 128 -1 -2 
101 101 107 117 118 272 366 453 496 850 -1 -2 
101 101 107 117 125 118 128 804 854 983 -1 -2 
101 107 107 118 117 118 128 832 880 954 -1 -2 
101 107 107 118 117 767 118 828 862 883 -1 -2 
101 107 117 117 125 118 128 767 858 871 -1 -2 
101 107 107 118 117 118 128 834 873 933 -1 -2 
101 101 107 118 117 118 128 849 858 968 -1 -2 
101 107 117 117 125 118 128 627 656 805 -1 -2 
119 127 117 118 125 126 128 663 807 936 -1 -2 
101 101 107 117 118 601 616 746 747 967 -1 -2 
101 107 117 117 125 118 128 823 835 904 -1 -2 
101 101 117 107 125 117 118 632 817 889 -1 -2 
101 107 107 118 117 118 128 665 776 897 -1 -2 
101 101 117 107 125 117 118 790 877 977 -1 -2 
119 107 127 118 125 126 128 627 904 985 -1 -2 
101 107 117 117 118 126 128 583 701 798 -1 -2 
101 18 28 120 122 125 126 128 967 980 -1 -2 
101 101 117 107 125 117 118 851 894 958 -1 -2 
101 107 107 117 125 118 128 927 946 993 -1 -2 
101 18 28 118 120 483 122 125 126 128 -1 -2 
101 101 117 107 125 117 118 848 934 966 -1 -2 
101 119 127 118 125 126 128 580 823 992 -1 -2 
101 101 107 118 117 118 128 971 984 986 -1 -2 
101 101 117 107 117 118 641 699 848 965 -1 -2 
101 107 117 118 118 725 958 960 965 973 -1 -2 
101 107 117 117 125 118 128 776 811 947 -1 -2 
101 101 117 107 581 117 118 854 942 977 -1 -2 
101 107 117 117 125 118 128 928 938 1000 -1 -2 
101 101 107 117 243 118 279 353 665 893 -1 -2 
101 101 107 117 118 681 737 866 921 966 -1 -2 
101 18 28 120 125 122 125 681 126 128 -1 -2 
101 107 107 118 117 118 128 462 591 701 -1 -2 
18 28 117 120 125 122 125 909 126 128 -1 -2 
101 107 107 117 118 126 128 636 830 914 -1 -2 
101 101 117 107 117 118 348 414 570 835 -1 -2 
101 101 107 118 117 126 118 499 867 954 -1 -2 
101 101 117 107 117 118 128 644 731 944 -1 -2 
101 107 107 117 118 126 128 815 902 909 -1 -2 
101 101 107 118 117 118 128 821 900 977 -1 -2 
101 101 117 107 117 118 732 923 947 996 -1 -2 
101 107 117 117 125 118 128 689 855 909 -1 -2 
101 107 117 118 125 126 128 863 960 993 -1 -2 
101 101 107 117 118 126 128 400 579 975 -1 -2 
101 107 117 118 118 126 128 650 727 864 -1 -2 
18 107 28 118 120 122 125 126 639 128 -1 -2 
101 107 107 117 114 118 128 636 692 932 -1 -2 
101 101 107 117 118 126 128 627 864 897 -1 -2 
101 101 107 117 125 118 128 584 832 899 -1 -2 
101 101 107 118 117 423 118 639 761 993 -1 -2 
101 107 107 118 117 118 128 745 846 954 -1 -2 
101 107 107 118 117 126 118 807 872 988 -1 -2 
101 107 117 117 125 118 128 784 896 958 -1 -2 
101 101 107 118 117 118 558 569 579 1000 -1 -2 
101 101 107 118 117 550 118 677 687 835 -1 -2 
101 101 107 117 125 118 128 534 570 989 -1 -2 
101 107 107 117 118 126 128 797 849 991 -1 -2 
101 107 107 117 118 337 371 391 721 845 -1 -2 
101 107 107 118 117 126 118 845 862 900 -1 -2 
18 28 120 118 122 125 126 128 927 943 -1 -2 
101 101 107 117 118 126 128 682 799 989 -1 -2 
101 101 107 118 117 126 118 836 935 951 -1 -2 
101 107 117 118 118 126 128 771 861 942 -1 -2 
101 18 28 118 120 126 122 125 126 128 -1 -2 
101 107 117 118 433 442 534 591 645 963 -1 -2 
101 101 117 107 117 118 128 885 915 926 -1 -2 
101 101 107 117 125 118 128 774 775 938 -1 -2 
101 101 107 117 118 126 128 806 903 952 -1 -2 
101 101 107 118 117 126 118 901 918 945 -1 -2 
101 107 107 118 117 118 128 729 750 924 -1 -2 
101 101 117 107 117 342 118 421 621 741 -1 -2 
101 107 107 117 118 126 128 710 714 830 -1 -2 
101 18 117 28 125 120 122 125 126 128 -1 -2 
119 127 117 118 125 126 128 707 770 875 -1 -2 
101 107 107 118 117 126 118 855 954 986 -1 -2 
101 101 117 107 125 117 118 889 892 925 -1 -2 
101 107 107 118 117 118 128 659 681 925 -1 -2 
101 107 107 117 125 118 128 822 836 927 -1 -2 
101 18 28 120 122 126 125 126 855 128 -1 -2 
101 18 117 28 440 120 122 125 126 128 -1 -2 
101 18 28 120 122 125 126 128 716 814 -1 -2 
101 101 117 107 117 118 128 737 800 915 -1 -2 
101 107 117 118 118 688 761 853 857 878 -1 -2 
101 101 107 117 118 126 128 889 890 934 -1 -2 
101 101 117 107 125 117 118 852 893 958 -1 -2 
101 101 107 118 117 126 118 740 742 985 -1 -2 
101 101 107 118 117 480 118 846 916 984 -1 -2 
101 107 107 118 117 118 128 825 932 966 -1 -2 
18 107 28 120 125 122 128 125 126 128 -1 -2 
101 101 107 117 118 126 128 850 865 919 -1 -2 
101 101 117 107 117 118 128 828 891 932 -1 -2 
119 127 117 118 194 235 431 493 611 830 -1 -2 
101 101 107 118 117 118 128 670 706 859 -1 -2 
101 18 28 120 125 122 125 126 128 869 -1 -2 
101 107 117 118 125 126 128 732 773 983 -1 -2 
101 18 28 120 298 122 736 125 126 128 -1 -2 
101 107 117 118 125 126 128 533 892 916 -1 -2 
101 101 117 107 125 117 118 891 907 970 -1 -2 
101 101 107 118 117 118 128 861 946 980 -1 -2 
14 101 107 117 125 118 128 808 903 920 -1 -2 
101 107 117 118 125 126 128 675 838 852 -1 -2 
101 107 107 117 125 118 128 816 876 952 -1 -2 
101 107 117 118 118 126 128 685 708 985 -1 -2 
18 107 28 118 120 126 122 125 126 128 -1 -2 
18 107 28 118 120 122 125 126 877 128 -1 -2 
101 101 117 107 125 117 118 963 974 980 -1 -2 
101 107 107 118 117 126 118 850 853 879 -1 -2 
101 101 107 118 117 118 128 704 757 986 -1 -2 
101 101 117 107 117 118 128 855 907 990 -1 -2 
101 107 107 118 117 118 128 672 825 982 -1 -2 
101 101 117 107 117 118 128 747 818 968 -1 -2 
101 107 117 117 125 118 128 580 699 880 -1 -2 
101 101 117 107 117 126 118 491 835 983 -1 -2 
29 107 73 118 92 126 98 114 606 645 -1 -2 
119 127 117 118 125 126 128 871 886 999 -1 -2 
101 101 117 107 117 126 118 680 818 849 -1 -2 
101 18 28 118 120 126 122 125 126 128 -1 -2 
101 107 117 118 118 126 128 630 753 977 -1 -2 
101 107 117 118 118 126 128 912 946 954 -1 -2 
101 107 117 117 118 126 128 810 954 969 -1 -2 
101 107 117 118 118 126 128 772 810 922 -1 -2 
101 101 107 117 118 126 128 535 644 871 -1 -2 
101 101 117 107 117 118 315 333 392 567 -1 -2 
101 107 117 118 118 126 128 673 811 920 -1 -2 
101 101 117 107 117 118 128 610 633 807 -1 -2 
101 101 107 117 118 126 128 645 742 886 -1 -2 
101 101 117 107 117 118 725 735 795 963 -1 -2 
101 101 107 118 117 118 128 911 934 973 -1 -2 
101 107 117 117 118 505 608 874 880 911 -1 -2 
101 101 107 117 321 118 470 851 875 947 -1 -2 
101 101 117 107 117 126 118 607 645 853 -1 -2 
101 18 28 118 120 122 535 125 126 128 -1 -2 
119 107 127 118 263 404 526 566 710 747 -1 -2 
101 107 117 118 118 126 128 717 856 863 -1 -2 
101 101 117 107 117 118 128 316 402 468 -1 -2 
101 107 117 117 125 118 128 693 918 972 -1 -2 
101 107 117 117 114 118 128 810 845 879 -1 -2 
101 101 107 118 117 118 128 726 758 866 -1 -2 
119 107 127 118 125 126 128 808 875 908 -1 -2 
101 101 107 118 117 514 118 695 751 963 -1 -2 
101 101 117 107 117 513 118 665 890 931 -1 -2 
101 101 117 107 117 443 118 816 925 943 -1 -2 
101 18 28 118 120 126 122 125 126 128 -1 -2 
101 107 117 118 316 331 504 656 951 996 -1 -2 
101 101 117 107 117 118 652 658 673 805 -1 -2 
101 107 107 118 117 126 118 898 967 988 -1 -2 
14 107 82 118 91 116 740 801 816 896 -1 -2 
101 107 117 118 118 809 892 919 923 928 -1 -2 
101 107 117 117 125 118 128 841 887 978 -1 -2 
18 127 28 122 120 122 128 125 126 128 -1 -2 
18 18 28 120 122 125 128 126 733 128 -1 -2 
18 14 82 91 125 116 128 708 752 936 -1 -2 
101 107 117 117 118 452 499 654 661 685 -1 -2 
18 28 28 120 125 122 128 125 126 128 -1 -2 
29 28 73 122 92 126 98 114 931 940 -1 -2 
18 127 28 120 122 125 128 126 128 955 -1 -2 
119 28 127 122 125 126 128 868 877 937 -1 -2 
119 28 127 122 125 126 128 828 858 895 -1 -2 
18 28 120 120 125 122 128 125 126 128 -1 -2 
18 28 120 120 122 125 128 126 128 861 -1 -2 
18 28 28 120 125 122 128 125 126 128 -1 -2 
18 18 28 122 120 122 125 126 807 128 -1 -2 
119 127 127 122 125 126 128 807 856 930 -1 -2 
18 28 120 120 122 125 126 128 942 948 -1 -2 
101 18 28 118 120 122 128 125 126 128 -1 -2 
18 18 120 28 125 120 122 125 126 128 -1 -2 
18 73 28 120 114 122 125 126 879 128 -1 -2 
18 28 117 120 674 122 745 125 126 128 -1 -2 
18 18 120 28 120 122 128 125 126 128 -1 -2 
18 18 28 120 125 122 125 720 126 128 -1 -2 
18 119 120 127 125 126 128 798 835 996 -1 -2 
119 127 120 122 125 126 128 808 831 886 -1 -2 
18 28 28 120 122 126 125 713 126 128 -1 -2 
18 28 28 122 120 126 122 125 126 128 -1 -2 
18 18 28 122 120 126 122 125 126 128 -1 -2 
18 28 120 120 122 125 128 126 719 128 -1 -2 
18 107 28 120 652 122 801 125 126 128 -1 -2 
18 28 120 120 125 122 125 126 128 981 -1 -2 
18 18 28 122 120 122 128 125 126 128 -1 -2 
119 18 120 28 120 122 125 872 126 128 -1 -2 
119 107 127 118 125 126 128 615 828 872 -1 -2 
18 28 28 122 120 122 128 125 126 128 -1 -2 
18 18 28 120 125 122 128 125 126 128 -1 -2 
119 127 120 122 125 126 128 667 870 914 -1 -2 
18 28 28 120 122 126 125 126 935 128 -1 -2 
18 119 120 127 125 126 128 864 918 960 -1 -2 
119 107 127 118 484 556 833 883 967 997 -1 -2 
18 119 127 122 125 126 128 740 805 949 -1 -2 
18 18 120 28 120 126 122 125 126 128 -1 -2 
18 18 120 28 120 126 122 125 126 128 -1 -2 
101 18 117 28 449 120 122 125 126 128 -1 -2 
18 28 28 122 120 126 122 125 126 128 -1 -2 
18 28 28 122 120 126 122 125 126 128 -1 -2 
18 28 120 122 122 126 125 126 905 128 -1 -2 
18 18 120 28 125 120 122 125 126 128 -1 -2 
18 28 117 120 125 122 128 125 126 128 -1 -2 
18 18 28 122 120 126 122 125 126 128 -1 -2 
18 18 120 28 120 122 128 125 126 128 -1 -2 
18 28 117 120 122 125 126 697 128 883 -1 -2 
18 18 28 120 122 125 126 128 919 925 -1 -2 
18 18 28 122 120 126 122 125 126 128 -1 -2 
18 28 143 120 461 122 682 125 126 128 -1 -2 
18 119 120 127 125 126 128 571 592 643 -1 -2 
18 28 120 120 125 122 128 125 126 128 -1 -2 
119 127 120 122 125 126 128 491 919 987 -1 -2 
18 18 28 122 120 126 122 125 126 128 -1 -2 
18 18 28 120 122 125 126 128 799 816 -1 -2 
18 28 233 120 528 122 713 125 126 128 -1 -2 
119 127 120 122 125 126 128 685 869 934 -1 -2 
18 28 120 120 122 125 126 743 128 914 -1 -2 
18 127 28 122 120 122 125 126 844 128 -1 -2 
119 315 127 455 544 614 698 707 930 959 -1 -2 
18 119 120 127 125 126 128 557 722 848 -1 -2 
18 119 127 122 125 126 128 739 756 1000 -1 -2 
18 127 28 120 120 122 125 126 938 128 -1 -2 
18 28 120 122 125 125 128 126 937 128 -1 -2 
18 119 120 127 125 126 128 852 866 940 -1 -2 
18 28 120 122 122 126 125 126 648 128 -1 -2 
119 18 120 28 125 120 122 125 126 128 -1 -2 
119 127 120 122 125 126 128 929 940 980 -1 -2 
18 18 28 120 125 122 128 125 126 128 -1 -2 
18 119 127 122 125 126 128 607 706 838 -1 -2 
18 18 120 28 125 120 122 125 126 128 -1 -2 
18 18 120 28 120 126 122 125 126 128 -1 -2 
18 119 127 122 125 126 128 768 912 995 -1 -2 
18 18 28 122 120 122 125 671 126 128 -1 -2 
119 127 174 593 718 736 751 878 936 1000 -1 -2 
18 28 28 122 120 126 122 125 126 128 -1 -2 
29 18 92 28 114 120 122 125 126 128 -1 -2 
119 18 28 120 625 122 787 125 126 128 -1 -2 
18 127 28 120 435 122 125 646 126 128 -1 -2 
18 28 28 122 120 122 125 126 128 977 -1 -2 
18 119 127 122 125 126 128 912 934 998 -1 -2 
18 18 120 28 120 126 122 125 126 128 -1 -2 
18 28 120 122 125 126 126 128 622 845 -1 -2 
18 127 28 120 122 126 125 737 126 128 -1 -2 
119 127 120 122 125 126 128 860 935 940 -1 -2 
18 18 28 122 120 122 128 125 126 128 -1 -2 
119 127 120 122 125 126 128 760 773 983 -1 -2 
18 18 28 120 125 122 125 126 128 912 -1 -2 
18 28 120 120 122 125 128 126 128 979 -1 -2 
18 28 28 122 120 126 122 125 126 128 -1 -2 
18 28 120 122 125 126 126 815 128 943 -1 -2 
18 119 120 127 125 126 128 871 959 965 -1 -2 
18 18 120 28 120 122 125 126 128 999 -1 -2 
18 28 120 122 125 126 128 773 794 915 -1 -2 
119 127 120 122 125 126 128 703 867 910 -1 -2 
119 28 127 122 125 126 128 734 791 857 -1 -2 
18 119 127 122 125 126 128 769 782 906 -1 -2 
119 28 127 122 125 126 128 696 786 839 -1 -2 
18 28 28 120 125 122 125 672 126 128 -1 -2 
18 28 120 122 125 125 126 128 889 982 -1 -2 
18 28 28 120 125 122 128 125 126 128 -1 -2 
18 28 28 122 120 126 122 125 126 128 -1 -2 
18 28 28 120 122 126 125 126 748 128 -1 -2 
18 119 127 122 125 126 128 507 647 669 -1 -2 
18 18 120 28 120 122 128 125 126 128 -1 -2 
18 18 28 120 125 122 128 125 126 128 -1 -2 
18 28 92 120 114 122 125 126 845 128 -1 -2 
18 29 120 73 125 92 98 114 908 960 -1 -2 
18 28 28 122 120 122 128 125 126 128 -1 -2 
18 28 28 122 120 126 122 125 126 128 -1 -2 
18 18 28 120 122 126 125 126 872 128 -1 -2 
119 18 28 120 122 126 125 126 128 934 -1 -2 
18 28 28 120 125 122 128 125 126 128 -1 -2 
18 18 120 28 120 126 122 125 126 128 -1 -2 
18 28 120 122 122 125 128 126 128 992 -1 -2 
18 28 120 122 125 126 128 750 766 910 -1 -2 
18 18 28 120 125 122 128 125 126 128 -1 -2 
18 18 120 28 125 120 122 125 126 128 -1 -2 
18 18 28 122 120 122 128 125 126 128 -1 -2 
29 18 28 98 120 126 122 125 126 128 -1 -2 
29 119 127 98 114 126 128 772 951 998 -1 -2 
18 28 120 122 122 126 125 581 126 128 -1 -2 
18 28 120 122 122 125 126 713 128 996 -1 -2 
119 127 120 122 125 126 128 712 895 993 -1 -2 
18 127 28 122 120 126 122 125 126 128 -1 -2 
18 119 127 122 125 126 128 759 773 902 -1 -2 
18 18 120 28 125 120 122 125 126 128 -1 -2 
18 18 120 28 120 126 122 125 126 128 -1 -2 
18 18 28 120 125 122 125 126 863 128 -1 -2 
18 18 28 122 120 122 128 125 126 128 -1 -2 
18 18 28 120 122 125 126 887 128 936 -1 -2 
18 73 28 120 122 125 640 126 128 870 -1 -2 
18 28 120 122 125 125 126 867 128 977 -1 -2 
18 28 120 120 122 125 126 128 770 937 -1 -2 
18 18 120 28 120 126 122 125 126 128 -1 -2 
18 28 28 122 120 122 128 125 126 128 -1 -2 
18 18 28 122 120 122 128 125 126 128 -1 -2 
18 18 120 28 125 120 122 125 126 128 -1 -2 
18 18 28 122 120 122 128 125 126 128 -1 -2 
18 18 120 28 120 122 125 850 126 128 -1 -2 
18 29 120 73 125 92 98 114 670 735 -1 -2 
119 18 120 28 120 122 128 125 126 128 -1 -2 
18 18 28 122 120 122 128 125 126 128 -1 -2 
3 28 95 122 125 126 128 717 746 781 -1 -2 
119 18 28 120 125 122 128 125 126 128 -1 -2 
18 18 120 28 125 120 122 125 126 128 -1 -2 
119 127 92 98 114 126 128 696 829 994 -1 -2 
119 28 127 122 125 126 128 731 774 962 -1 -2 
18 28 120 122 122 125 126 717 128 960 -1 -2 
18 28 120 122 122 126 125 126 128 894 -1 -2 
18 119 127 122 125 126 128 625 724 997 -1 -2 
18 28 28 122 120 126 122 125 126 128 -1 -2 
18 28 120 122 125 126 126 128 600 851 -1 -2 
18 18 120 28 125 120 122 125 126 128 -1 -2 
18 18 28 122 120 122 128 125 126 128 -1 -2 
18 119 120 127 125 126 128 489 716 852 -1 -2 
18 28 120 120 122 126 125 599 126 128 -1 -2 
18 18 120 28 120 126 122 125 126 128 -1 -2 
119 28 127 122 125 126 128 666 736 974 -1 -2 
18 18 28 122 120 122 128 125 126 128 -1 -2 
18 73 28 98 120 122 125 830 126 128 -1 -2 
18 18 28 122 120 126 122 125 126 128 -1 -2 
18 29 73 92 98 114 128 822 842 907 -1 -2 
18 18 120 28 125 120 122 125 126 128 -1 -2 
3 18 120 28 125 120 122 125 126 128 -1 -2 
94 200 219 255 304 650 703 727 883 892 -1 -2 
18 28 28 120 122 125 126 827 128 930 -1 -2 
18 28 28 122 120 122 125 780 126 128 -1 -2 
18 18 120 28 125 120 122 125 126 128 -1 -2 
119 18 120 28 125 120 122 125 126 128 -1 -2 
18 28 120 120 125 122 128 125 126 128 -1 -2 
119 28 127 122 125 126 128 822 874 914 -1 -2 
18 18 28 122 120 126 122 125 126 128 -1 -2 
18 18 28 120 125 122 125 637 126 128 -1 -2 
119 18 120 28 120 126 122 125 126 128 -1 -2 
119 119 127 122 125 126 128 716 730 733 -1 -2 
18 28 120 120 125 122 128 125 126 128 -1 -2 
119 127 127 122 125 126 128 789 848 880 -1 -2 
18 28 28 122 120 122 128 125 126 128 -1 -2 
3 28 95 122 125 126 128 712 755 860 -1 -2 
18 119 120 127 125 126 128 791 820 997 -1 -2 
18 18 28 122 120 126 122 125 126 128 -1 -2 
119 119 127 98 114 126 128 881 958 962 -1 -2 
29 18 92 28 114 120 122 125 126 128 -1 -2 
3 28 95 122 125 126 128 750 926 936 -1 -2 
18 28 120 122 122 125 126 750 128 862 -1 -2 
18 18 120 28 120 126 122 125 126 128 -1 -2 
18 28 120 120 122 125 126 721 128 868 -1 -2 
18 28 120 122 125 125 128 126 945 128 -1 -2 
18 18 28 122 120 122 125 655 126 128 -1 -2 
119 18 120 28 120 122 125 870 126 128 -1 -2 
3 18 28 122 120 126 122 125 126 128 -1 -2 
119 127 120 122 125 126 128 505 543 837 -1 -2 
18 18 28 120 122 125 128 126 611 128 -1 -2 
119 28 127 122 125 126 128 559 732 961 -1 -2 
18 18 28 120 122 125 126 128 854 890 -1 -2 
18 119 127 122 125 126 128 887 978 990 -1 -2 
18 119 127 122 125 126 128 898 934 998 -1 -2 
119 119 127 404 444 448 526 643 648 980 -1 -2 
119 28 127 122 125 126 128 795 885 911 -1 -2 
18 18 28 120 125 122 128 125 126 128 -1 -2 
29 73 76 92 98 441 114 679 733 881 -1 -2 
18 119 127 122 125 126 128 851 949 966 -1 -2 
119 119 484 127 638 662 689 723 871 978 -1 -2 
119 127 250 360 373 398 526 735 863 891 -1 -2 
18 18 120 28 120 126 122 125 126 128 -1 -2 
14 127 82 122 91 116 128 755 758 837 -1 -2 
29 73 92 92 114 98 114 847 863 876 -1 -2 
18 29 73 92 98 114 128 941 945 977 -1 -2 
119 119 127 116 259 661 796 817 923 950 -1 -2 
119 127 120 122 125 126 128 564 878 893 -1 -2 
119 119 120 127 125 126 128 708 738 903 -1 -2 
29 119 92 127 114 738 806 911 979 996 -1 -2 
18 3 120 95 125 126 128 662 891 960 -1 -2 
119 95 127 122 125 126 128 694 729 940 -1 -2 
119 127 120 122 125 126 128 619 711 744 -1 -2 
18 18 296 28 537 120 122 125 126 128 -1 -2 
2 18 28 184 120 313 122 125 126 128 -1 -2 
29 119 127 98 114 126 128 656 661 760 -1 -2 
119 28 127 122 125 126 128 930 960 1000 -1 -2 
119 18 28 120 125 122 128 125 126 128 -1 -2 
119 127 92 98 114 126 128 760 778 998 -1 -2 
119 127 120 122 125 126 128 703 806 922 -1 -2 
18 28 28 122 120 122 125 126 820 128 -1 -2 
119 119 127 98 114 842 858 967 987 997 -1 -2 
18 119 120 127 125 126 128 472 551 717 -1 -2 
119 127 127 122 125 126 128 673 712 904 -1 -2 
18 18 120 28 125 120 122 125 126 128 -1 -2 
14 28 82 122 91 126 116 836 898 988 -1 -2 
119 18 316 28 467 120 122 125 126 128 -1 -2 
119 127 120 122 125 126 128 663 693 861 -1 -2 
91 18 28 320 120 497 122 125 126 128 -1 -2 
119 127 91 116 125 126 128 627 891 903 -1 -2 
29 73 92 122 98 114 128 599 866 902 -1 -2 
18 18 28 120 122 126 125 126 128 780 -1 -2 
29 119 92 127 114 569 625 654 700 884 -1 -2 
14 127 82 122 91 116 128 760 771 868 -1 -2 
119 14 82 91 116 126 128 635 725 779 -1 -2 
18 119 120 127 125 126 128 568 648 887 -1 -2 
119 29 73 92 665 98 912 114 935 936 -1 -2 
75 119 120 127 125 126 128 674 692 866 -1 -2 
4 55 60 210 368 526 632 645 820 860 -1 -2 
18 28 28 122 120 122 125 126 128 921 -1 -2 
18 316 28 408 120 122 125 510 126 128 -1 -2 
209 223 270 340 387 833 849 891 900 906 -1 -2 
18 28 120 120 122 125 128 126 894 128 -1 -2 
119 127 120 122 125 126 128 684 816 937 -1 -2 
119 127 212 279 560 693 793 823 888 971 -1 -2 
3 73 95 98 114 389 521 594 912 941 -1 -2 
18 119 120 127 125 126 128 849 896 993 -1 -2 
35 85 121 312 393 804 842 868 922 998 -1 -2 
18 119 127 122 125 126 128 483 718 907 -1 -2 
190 119 420 127 490 511 553 726 810 901 -1 -2 
18 28 120 120 122 125 126 128 845 893 -1 -2 
29 398 73 92 686 98 114 840 921 936 -1 -2 
119 119 120 127 125 126 128 489 870 975 -1 -2 
119 119 120 127 125 126 128 865 866 950 -1 -2 
14 82 91 122 116 126 128 571 748 992 -1 -2 
119 29 73 122 92 126 98 114 833 884 -1 -2 
18 18 28 120 125 122 125 621 126 128 -1 -2 
18 119 120 127 125 126 128 742 796 891 -1 -2 
18 119 127 122 125 126 128 901 908 929 -1 -2 
119 28 127 122 125 126 128 806 885 967 -1 -2 
119 119 120 127 125 126 128 616 722 806 -1 -2 
14 82 91 116 510 578 584 632 870 952 -1 -2 
119 119 120 127 125 126 128 761 854 952 -1 -2 
119 119 127 122 125 126 128 764 883 957 -1 -2 
119 119 127 209 221 640 747 856 958 985 -1 -2 
119 119 120 127 125 126 128 943 949 966 -1 -2 
119 119 120 127 125 126 128 550 709 882 -1 -2 
119 119 120 127 125 126 128 777 785 843 -1 -2 
119 127 120 122 125 126 128 504 806 844 -1 -2 
18 119 127 122 125 126 128 833 898 951 -1 -2 
19 50 120 57 93 126 128 668 670 859 -1 -2 
119 119 120 127 125 126 128 587 663 706 -1 -2 
119 119 127 122 125 126 128 768 782 893 -1 -2 
119 127 120 122 125 126 128 704 841 883 -1 -2 
119 18 28 672 120 122 125 731 126 128 -1 -2 
18 14 120 82 91 116 128 701 860 926 -1 -2 
119 62 127 361 376 444 601 665 752 936 -1 -2 
29 119 92 127 114 126 128 750 753 900 -1 -2 
18 28 28 122 120 126 122 125 126 128 -1 -2 
29 73 92 122 98 114 128 717 835 884 -1 -2 
18 29 73 122 92 98 128 114 868 932 -1 -2 
119 3 231 95 285 329 339 526 547 549 -1 -2 
18 28 120 122 390 125 651 126 128 822 -1 -2 
119 119 127 122 125 126 128 769 852 853 -1 -2 
119 28 127 122 125 126 128 626 636 662 -1 -2 
37 119 127 113 125 126 128 797 874 922 -1 -2 
14 28 82 91 125 116 128 777 885 928 -1 -2 
119 127 410 449 471 482 621 636 866 991 -1 -2 
94 168 395 429 713 733 808 822 847 848 -1 -2 
29 400 573 619 650 705 776 849 927 942 -1 -2 
36 18 28 120 122 568 125 126 807 128 -1 -2 
119 28 127 122 125 126 128 587 708 747 -1 -2 
119 73 127 98 114 657 732 809 819 852 -1 -2 
119 127 120 122 125 126 128 816 888 904 -1 -2 
