168 209 299 399 428 447 610 705 771 898 -1 -2 
128 127 116 110 107 106 80 846 850 941 -1 -2 
125 122 109 70 147 219 223 237 725 820 -1 -2 
124 115 104 743 763 923 939 944 949 981 -1 -2 
128 127 116 110 107 106 80 773 904 906 -1 -2 
128 127 116 110 107 106 80 702 783 833 -1 -2 
42 126 260 302 336 368 538 581 650 831 -1 -2 
166 202 317 339 538 594 695 736 795 920 -1 -2 
142 247 257 351 494 638 658 836 910 954 -1 -2 
303 348 434 597 631 658 675 790 808 885 -1 -2 
178 199 281 419 504 633 686 787 805 977 -1 -2 
128 127 116 110 107 106 80 827 961 971 -1 -2 
125 122 109 70 437 448 505 693 981 993 -1 -2 
108 7 177 365 514 597 607 725 859 922 -1 -2 
39 144 162 182 228 280 476 627 965 988 -1 -2 
69 97 127 234 296 354 515 553 700 984 -1 -2 
5 172 241 244 261 317 388 576 579 975 -1 -2 
128 127 116 110 107 106 80 736 764 798 -1 -2 
202 534 564 591 614 733 798 805 889 928 -1 -2 
131 196 203 269 276 321 368 406 787 910 -1 -2 
128 127 116 110 107 106 80 449 657 826 -1 -2 
125 122 109 70 116 127 128 712 717 912 -1 -2 
128 127 116 110 107 106 80 562 820 832 -1 -2 
128 127 116 110 107 106 80 746 960 985 -1 -2 
128 127 116 110 107 106 80 792 953 978 -1 -2 
128 127 116 110 107 106 80 762 824 950 -1 -2 
52 85 244 269 306 545 690 718 906 934 -1 -2 
128 127 116 110 107 106 80 771 970 983 -1 -2 
128 127 116 110 107 106 80 447 769 918 -1 -2 
128 127 116 110 107 106 80 814 889 937 -1 -2 
128 127 116 110 107 106 80 588 865 956 -1 -2 
125 122 109 70 116 127 128 651 776 934 -1 -2 
128 127 116 110 107 106 80 780 807 909 -1 -2 
128 127 116 110 107 106 80 600 756 801 -1 -2 
128 127 116 110 107 106 80 912 956 989 -1 -2 
1 332 497 554 573 628 658 661 767 877 -1 -2 
128 127 116 110 107 106 80 829 861 979 -1 -2 
125 122 109 70 404 533 679 781 813 822 -1 -2 
128 127 116 110 107 106 80 852 866 883 -1 -2 
108 7 85 188 308 382 464 722 843 916 -1 -2 
125 122 109 70 436 446 556 603 785 835 -1 -2 
128 127 116 110 107 106 80 826 914 971 -1 -2 
128 127 116 110 107 106 80 614 716 930 -1 -2 
128 127 116 110 107 106 80 854 865 893 -1 -2 
125 122 109 70 776 829 877 888 902 999 -1 -2 
125 122 109 70 116 127 128 825 874 876 -1 -2 
59 67 292 394 430 447 475 689 866 950 -1 -2 
79 2 108 128 153 361 367 588 622 764 -1 -2 
128 127 116 110 107 106 80 715 889 929 -1 -2 
128 127 116 110 107 106 80 583 670 996 -1 -2 
125 122 109 70 375 450 553 618 654 862 -1 -2 
37 188 197 264 425 549 623 731 782 948 -1 -2 
128 127 116 110 107 106 80 453 496 850 -1 -2 
29 86 140 207 417 425 543 804 854 983 -1 -2 
51 192 263 302 439 511 544 832 880 954 -1 -2 
128 127 116 110 107 106 80 828 862 883 -1 -2 
128 127 116 110 107 106 80 767 858 871 -1 -2 
125 122 109 70 116 127 128 834 873 933 -1 -2 
26 108 288 741 755 768 811 849 858 968 -1 -2 
124 115 104 331 373 385 614 627 656 805 -1 -2 
128 127 116 110 107 106 80 663 807 936 -1 -2 
124 115 104 489 587 601 616 746 747 967 -1 -2 
128 127 116 110 107 106 80 823 835 904 -1 -2 
128 127 116 110 107 106 80 632 817 889 -1 -2 
128 127 116 110 107 106 80 665 776 897 -1 -2 
67 225 317 383 423 439 753 790 877 977 -1 -2 
128 127 116 110 107 106 80 627 904 985 -1 -2 
128 127 116 110 107 106 80 583 701 798 -1 -2 
125 122 109 70 371 427 592 849 967 980 -1 -2 
105 117 119 327 398 399 646 851 894 958 -1 -2 
121 149 165 244 284 545 775 927 946 993 -1 -2 
125 122 109 70 476 483 786 813 899 1000 -1 -2 
125 122 109 70 454 658 767 848 934 966 -1 -2 
128 127 116 110 107 106 80 580 823 992 -1 -2 
125 122 109 70 515 658 766 971 984 986 -1 -2 
113 186 412 461 533 559 641 699 848 965 -1 -2 
77 366 456 613 670 725 958 960 965 973 -1 -2 
62 97 164 292 358 487 673 776 811 947 -1 -2 
128 127 116 110 107 106 80 854 942 977 -1 -2 
149 534 541 793 814 852 874 928 938 1000 -1 -2 
128 127 116 110 107 106 80 353 665 893 -1 -2 
36 251 398 419 460 681 737 866 921 966 -1 -2 
125 122 109 70 443 486 633 681 847 955 -1 -2 
128 127 116 110 107 106 80 462 591 701 -1 -2 
128 127 116 110 107 106 80 909 964 977 -1 -2 
128 127 116 110 107 106 80 636 830 914 -1 -2 
79 2 158 163 189 291 348 414 570 835 -1 -2 
155 171 239 355 403 426 491 499 867 954 -1 -2 
128 127 116 110 107 106 80 644 731 944 -1 -2 
2 42 393 397 490 593 696 815 902 909 -1 -2 
128 127 116 110 107 106 80 821 900 977 -1 -2 
128 127 116 110 107 106 80 923 947 996 -1 -2 
179 328 329 404 594 637 685 689 855 909 -1 -2 
128 127 116 110 107 106 80 863 960 993 -1 -2 
30 59 153 188 190 199 208 400 579 975 -1 -2 
125 122 109 70 116 127 128 650 727 864 -1 -2 
128 127 116 110 107 106 80 578 639 998 -1 -2 
35 79 83 129 217 311 540 636 692 932 -1 -2 
125 122 109 70 458 460 553 627 864 897 -1 -2 
128 127 116 110 107 106 80 584 832 899 -1 -2 
128 127 116 110 107 106 80 639 761 993 -1 -2 
212 312 345 438 542 652 731 745 846 954 -1 -2 
128 127 116 110 107 106 80 807 872 988 -1 -2 
125 122 109 70 462 531 705 784 896 958 -1 -2 
128 127 116 110 107 106 80 569 579 1000 -1 -2 
20 131 258 419 501 550 557 677 687 835 -1 -2 
125 122 109 70 410 451 479 534 570 989 -1 -2 
128 127 116 110 107 106 80 797 849 991 -1 -2 
125 122 109 70 116 127 128 391 721 845 -1 -2 
79 2 158 514 545 609 677 845 862 900 -1 -2 
128 127 116 110 107 106 80 846 927 943 -1 -2 
128 127 116 110 107 106 80 682 799 989 -1 -2 
128 127 116 110 107 106 80 836 935 951 -1 -2 
128 127 116 110 107 106 80 771 861 942 -1 -2 
79 2 245 276 302 324 566 708 860 930 -1 -2 
125 122 109 70 116 127 128 591 645 963 -1 -2 
37 132 158 200 287 371 535 885 915 926 -1 -2 
125 122 109 70 512 679 700 774 775 938 -1 -2 
128 127 116 110 107 106 80 806 903 952 -1 -2 
125 122 109 70 116 127 128 901 918 945 -1 -2 
193 202 247 371 635 700 702 729 750 924 -1 -2 
128 127 116 110 107 106 80 421 621 741 -1 -2 
128 127 116 110 107 106 80 710 714 830 -1 -2 
125 122 109 70 116 127 128 693 957 986 -1 -2 
128 127 116 110 107 106 80 707 770 875 -1 -2 
129 413 460 462 634 791 804 855 954 986 -1 -2 
32 80 472 557 596 609 864 889 892 925 -1 -2 
130 162 220 394 470 584 640 659 681 925 -1 -2 
125 122 109 70 116 127 128 822 836 927 -1 -2 
125 122 109 70 463 645 668 745 855 978 -1 -2 
125 122 109 70 440 705 735 750 886 923 -1 -2 
125 122 109 70 116 127 128 674 716 814 -1 -2 
106 164 344 383 549 616 626 737 800 915 -1 -2 
23 368 411 437 467 688 761 853 857 878 -1 -2 
128 127 116 110 107 106 80 889 890 934 -1 -2 
128 127 116 110 107 106 80 852 893 958 -1 -2 
210 308 386 540 580 702 709 740 742 985 -1 -2 
128 127 116 110 107 106 80 846 916 984 -1 -2 
128 127 116 110 107 106 80 825 932 966 -1 -2 
75 121 457 630 698 759 781 790 860 984 -1 -2 
125 122 109 70 172 730 739 850 865 919 -1 -2 
128 127 116 110 107 106 80 828 891 932 -1 -2 
128 127 116 110 107 106 80 493 611 830 -1 -2 
125 122 109 70 542 577 661 670 706 859 -1 -2 
128 127 116 110 107 106 80 673 860 869 -1 -2 
87 71 45 404 479 574 644 732 773 983 -1 -2 
23 76 122 168 298 536 736 842 946 960 -1 -2 
125 122 109 70 279 340 487 533 892 916 -1 -2 
79 2 202 222 247 398 759 891 907 970 -1 -2 
128 127 116 110 107 106 80 861 946 980 -1 -2 
215 350 520 531 573 701 705 808 903 920 -1 -2 
128 127 116 110 107 106 80 675 838 852 -1 -2 
329 459 637 672 741 765 792 816 876 952 -1 -2 
128 127 116 110 107 106 80 685 708 985 -1 -2 
96 291 337 574 651 747 806 877 913 978 -1 -2 
128 127 116 110 107 106 80 792 877 942 -1 -2 
7 17 50 238 345 378 516 963 974 980 -1 -2 
128 127 116 110 107 106 80 850 853 879 -1 -2 
128 127 116 110 107 106 80 704 757 986 -1 -2 
70 138 309 474 530 647 703 855 907 990 -1 -2 
87 90 187 206 276 642 666 672 825 982 -1 -2 
128 127 116 110 107 106 80 747 818 968 -1 -2 
26 178 189 223 426 463 498 580 699 880 -1 -2 
128 127 116 110 107 106 80 491 835 983 -1 -2 
8 9 215 283 300 356 436 519 606 645 -1 -2 
108 7 491 582 663 739 821 871 886 999 -1 -2 
128 127 116 110 107 106 80 680 818 849 -1 -2 
40 139 180 487 605 823 838 904 977 1000 -1 -2 
125 122 109 70 472 598 609 630 753 977 -1 -2 
125 122 109 70 575 638 879 912 946 954 -1 -2 
46 83 150 190 535 604 755 810 954 969 -1 -2 
79 2 383 411 570 601 650 772 810 922 -1 -2 
125 122 109 70 129 205 308 535 644 871 -1 -2 
128 127 116 110 107 106 80 333 392 567 -1 -2 
128 127 116 110 107 106 80 673 811 920 -1 -2 
128 127 116 110 107 106 80 610 633 807 -1 -2 
128 127 116 110 107 106 80 645 742 886 -1 -2 
128 127 116 110 107 106 80 735 795 963 -1 -2 
122 232 308 475 773 780 855 911 934 973 -1 -2 
238 282 319 322 376 505 608 874 880 911 -1 -2 
128 127 116 110 107 106 80 851 875 947 -1 -2 
128 127 116 110 107 106 80 607 645 853 -1 -2 
128 127 116 110 107 106 80 871 911 919 -1 -2 
128 127 116 110 107 106 80 566 710 747 -1 -2 
128 127 116 110 107 106 80 717 856 863 -1 -2 
113 31 93 134 196 270 293 316 402 468 -1 -2 
180 241 329 488 562 625 652 693 918 972 -1 -2 
128 127 116 110 107 106 80 810 845 879 -1 -2 
128 127 116 110 107 106 80 726 758 866 -1 -2 
128 127 116 110 107 106 80 808 875 908 -1 -2 
128 127 116 110 107 106 80 695 751 963 -1 -2 
128 127 116 110 107 106 80 665 890 931 -1 -2 
128 127 116 110 107 106 80 816 925 943 -1 -2 
128 127 116 110 107 106 80 716 868 988 -1 -2 
128 127 116 110 107 106 80 656 951 996 -1 -2 
125 122 109 70 367 557 652 658 673 805 -1 -2 
128 127 116 110 107 106 80 898 967 988 -1 -2 
128 127 116 110 107 106 80 801 816 896 -1 -2 
111 184 561 617 661 809 892 919 923 928 -1 -2 
125 122 109 70 116 127 128 841 887 978 -1 -2 
160 264 297 335 353 408 451 774 926 991 -1 -2 
128 127 116 110 107 106 80 726 733 907 -1 -2 
130 237 324 361 624 687 688 708 752 936 -1 -2 
128 127 116 110 107 106 80 654 661 685 -1 -2 
128 127 116 110 107 106 80 681 969 998 -1 -2 
98 188 207 301 559 751 760 766 931 940 -1 -2 
128 127 116 110 107 106 80 765 928 955 -1 -2 
128 127 116 110 107 106 80 868 877 937 -1 -2 
128 127 116 110 107 106 80 828 858 895 -1 -2 
120 196 358 368 434 501 687 710 891 989 -1 -2 
128 127 116 110 107 106 80 745 756 861 -1 -2 
128 127 116 110 107 106 80 871 914 928 -1 -2 
128 127 116 110 107 106 80 762 807 920 -1 -2 
125 122 109 70 495 531 676 807 856 930 -1 -2 
101 135 189 254 517 594 642 729 942 948 -1 -2 
40 85 87 182 349 456 622 673 763 979 -1 -2 
125 122 109 70 585 599 641 711 712 772 -1 -2 
128 127 116 110 107 106 80 795 879 949 -1 -2 
282 400 576 629 674 736 745 772 893 918 -1 -2 
34 186 291 325 335 402 427 488 613 712 -1 -2 
54 92 273 357 572 675 683 720 881 900 -1 -2 
17 72 231 397 463 507 668 798 835 996 -1 -2 
125 122 109 70 444 596 800 808 831 886 -1 -2 
92 105 182 189 361 525 576 713 863 910 -1 -2 
79 2 184 219 314 369 473 590 683 760 -1 -2 
131 212 229 253 264 615 767 788 873 875 -1 -2 
125 122 109 70 386 618 689 690 719 975 -1 -2 
19 319 330 420 652 788 801 852 898 963 -1 -2 
128 127 116 110 107 106 80 694 906 981 -1 -2 
128 127 116 110 107 106 80 417 651 708 -1 -2 
128 127 116 110 107 106 80 872 877 912 -1 -2 
79 2 297 386 464 478 494 615 828 872 -1 -2 
50 129 207 280 397 506 669 747 818 840 -1 -2 
128 127 116 110 107 106 80 904 953 978 -1 -2 
125 122 109 70 559 596 621 667 870 914 -1 -2 
128 127 116 110 107 106 80 764 935 991 -1 -2 
125 122 109 70 485 746 810 864 918 960 -1 -2 
128 127 116 110 107 106 80 883 967 997 -1 -2 
128 127 116 110 107 106 80 740 805 949 -1 -2 
52 250 251 301 339 413 534 547 663 949 -1 -2 
128 127 116 110 107 106 80 754 913 940 -1 -2 
125 122 109 70 449 525 611 618 690 972 -1 -2 
145 371 435 448 451 467 592 606 726 933 -1 -2 
128 127 116 110 107 106 80 924 933 980 -1 -2 
128 127 116 110 107 106 80 727 905 996 -1 -2 
128 127 116 110 107 106 80 623 638 686 -1 -2 
185 223 395 486 497 554 576 656 715 833 -1 -2 
128 127 116 110 107 106 80 908 977 1000 -1 -2 
128 127 116 110 107 106 80 721 777 965 -1 -2 
125 122 109 70 545 621 626 697 811 883 -1 -2 
128 127 116 110 107 106 80 817 919 925 -1 -2 
59 124 137 141 161 363 419 649 791 942 -1 -2 
125 122 109 70 461 502 682 747 896 988 -1 -2 
125 122 109 70 329 437 454 571 592 643 -1 -2 
33 78 171 533 618 628 804 889 910 995 -1 -2 
128 127 116 110 107 106 80 491 919 987 -1 -2 
128 127 116 110 107 106 80 871 899 951 -1 -2 
125 122 109 70 116 127 128 785 799 816 -1 -2 
128 127 116 110 107 106 80 782 884 931 -1 -2 
51 174 225 271 382 401 452 685 869 934 -1 -2 
128 127 116 110 107 106 80 743 891 914 -1 -2 
125 122 109 70 289 439 514 781 844 967 -1 -2 
128 127 116 110 107 106 80 707 930 959 -1 -2 
125 122 109 70 296 303 524 557 722 848 -1 -2 
128 127 116 110 107 106 80 739 756 1000 -1 -2 
128 127 116 110 107 106 80 699 938 974 -1 -2 
128 127 116 110 107 106 80 819 937 974 -1 -2 
125 122 109 70 522 623 650 852 866 940 -1 -2 
128 127 116 110 107 106 80 599 648 762 -1 -2 
19 34 176 198 328 405 420 469 588 857 -1 -2 
125 122 109 70 308 381 658 929 940 980 -1 -2 
125 122 109 70 572 645 738 883 921 958 -1 -2 
87 71 45 459 467 480 535 607 706 838 -1 -2 
128 127 116 110 107 106 80 733 836 971 -1 -2 
128 127 116 110 107 106 80 671 727 940 -1 -2 
128 127 116 110 107 106 80 768 912 995 -1 -2 
125 122 109 70 116 127 128 671 749 841 -1 -2 
128 127 116 110 107 106 80 878 936 1000 -1 -2 
128 127 116 110 107 106 80 874 896 977 -1 -2 
1 94 165 307 445 618 679 807 938 953 -1 -2 
53 186 400 458 625 705 787 824 841 905 -1 -2 
184 286 287 395 435 552 585 646 773 810 -1 -2 
128 127 116 110 107 106 80 932 953 977 -1 -2 
247 304 588 637 649 795 889 912 934 998 -1 -2 
128 127 116 110 107 106 80 830 837 996 -1 -2 
17 42 61 78 89 259 338 381 622 845 -1 -2 
128 127 116 110 107 106 80 737 766 926 -1 -2 
128 127 116 110 107 106 80 860 935 940 -1 -2 
128 127 116 110 107 106 80 840 851 921 -1 -2 
128 127 116 110 107 106 80 760 773 983 -1 -2 
284 393 492 571 596 619 634 655 821 912 -1 -2 
105 199 388 400 469 515 571 625 661 979 -1 -2 
125 122 109 70 685 730 736 761 851 893 -1 -2 
128 127 116 110 107 106 80 815 836 943 -1 -2 
128 127 116 110 107 106 80 871 959 965 -1 -2 
128 127 116 110 107 106 80 568 735 999 -1 -2 
128 127 116 110 107 106 80 773 794 915 -1 -2 
229 281 331 466 597 622 679 703 867 910 -1 -2 
128 127 116 110 107 106 80 734 791 857 -1 -2 
128 127 116 110 107 106 80 769 782 906 -1 -2 
128 127 116 110 107 106 80 696 786 839 -1 -2 
128 127 116 110 107 106 80 672 744 926 -1 -2 
16 65 76 179 542 580 668 807 889 982 -1 -2 
128 127 116 110 107 106 80 907 910 921 -1 -2 
128 127 116 110 107 106 80 906 937 967 -1 -2 
94 101 357 416 494 577 648 666 748 884 -1 -2 
125 122 109 70 219 299 489 507 647 669 -1 -2 
125 122 109 70 116 127 128 764 806 975 -1 -2 
125 122 109 70 419 573 678 770 853 949 -1 -2 
58 164 319 328 467 608 750 754 845 861 -1 -2 
113 249 335 556 617 666 784 812 908 960 -1 -2 
125 122 109 70 237 528 712 740 887 900 -1 -2 
128 127 116 110 107 106 80 809 850 882 -1 -2 
128 127 116 110 107 106 80 855 872 945 -1 -2 
128 127 116 110 107 106 80 793 866 934 -1 -2 
128 127 116 110 107 106 80 796 865 895 -1 -2 
125 122 109 70 373 384 424 691 902 932 -1 -2 
128 127 116 110 107 106 80 888 984 992 -1 -2 
128 127 116 110 107 106 80 750 766 910 -1 -2 
125 122 109 70 431 478 494 553 616 846 -1 -2 
128 127 116 110 107 106 80 700 820 884 -1 -2 
128 127 116 110 107 106 80 755 895 966 -1 -2 
128 127 116 110 107 106 80 660 703 797 -1 -2 
6 107 221 260 384 448 501 772 951 998 -1 -2 
125 122 109 70 116 127 128 581 629 731 -1 -2 
128 127 116 110 107 106 80 713 766 996 -1 -2 
128 127 116 110 107 106 80 712 895 993 -1 -2 
128 127 116 110 107 106 80 790 868 885 -1 -2 
138 231 364 378 450 580 659 759 773 902 -1 -2 
79 2 153 203 215 563 658 716 735 806 -1 -2 
134 180 323 488 496 512 519 584 835 957 -1 -2 
128 127 116 110 107 106 80 856 863 927 -1 -2 
25 84 119 233 326 482 556 743 889 992 -1 -2 
128 127 116 110 107 106 80 887 918 936 -1 -2 
125 122 109 70 376 607 640 721 756 870 -1 -2 
125 122 109 70 512 594 699 867 902 977 -1 -2 
128 127 116 110 107 106 80 679 770 937 -1 -2 
128 127 116 110 107 106 80 672 783 907 -1 -2 
128 127 116 110 107 106 80 966 990 995 -1 -2 
128 127 116 110 107 106 80 955 970 1000 -1 -2 
25 132 237 329 422 497 558 670 702 975 -1 -2 
128 127 116 110 107 106 80 852 867 983 -1 -2 
79 2 177 301 311 695 746 850 932 941 -1 -2 
125 122 109 70 300 356 406 616 670 735 -1 -2 
128 127 116 110 107 106 80 834 907 1000 -1 -2 
124 115 104 367 377 432 519 769 788 814 -1 -2 
128 127 116 110 107 106 80 717 746 781 -1 -2 
5 26 75 223 293 408 694 757 968 977 -1 -2 
24 90 140 398 414 538 578 694 786 887 -1 -2 
86 91 345 365 409 540 595 696 829 994 -1 -2 
79 2 282 353 494 538 703 731 774 962 -1 -2 
11 48 63 199 203 372 436 717 850 960 -1 -2 
128 127 116 110 107 106 80 665 888 894 -1 -2 
128 127 116 110 107 106 80 625 724 997 -1 -2 
125 122 109 70 341 511 594 625 716 738 -1 -2 
13 36 180 269 329 352 457 559 600 851 -1 -2 
128 127 116 110 107 106 80 407 486 982 -1 -2 
128 127 116 110 107 106 80 626 731 860 -1 -2 
96 172 195 338 348 373 470 489 716 852 -1 -2 
128 127 116 110 107 106 80 599 666 903 -1 -2 
109 168 310 430 581 610 620 726 826 873 -1 -2 
128 127 116 110 107 106 80 666 736 974 -1 -2 
125 122 109 70 116 127 128 686 792 916 -1 -2 
131 174 262 408 499 608 734 830 838 999 -1 -2 
128 127 116 110 107 106 80 743 809 866 -1 -2 
125 122 109 70 557 625 732 822 842 907 -1 -2 
125 122 109 70 302 500 520 527 717 825 -1 -2 
128 127 116 110 107 106 80 820 966 976 -1 -2 
125 122 109 70 304 650 703 727 883 892 -1 -2 
125 122 109 70 116 127 128 827 929 930 -1 -2 
128 127 116 110 107 106 80 780 913 962 -1 -2 
128 127 116 110 107 106 80 643 718 958 -1 -2 
128 127 116 110 107 106 80 765 826 926 -1 -2 
125 122 109 70 564 676 692 703 783 833 -1 -2 
128 127 116 110 107 106 80 822 874 914 -1 -2 
128 127 116 110 107 106 80 676 745 783 -1 -2 
128 127 116 110 107 106 80 637 708 971 -1 -2 
128 127 116 110 107 106 80 817 850 853 -1 -2 
128 127 116 110 107 106 80 716 730 733 -1 -2 
230 274 374 469 602 613 694 722 794 890 -1 -2 
125 122 109 70 317 403 757 789 848 880 -1 -2 
125 122 109 70 116 127 128 753 770 872 -1 -2 
128 127 116 110 107 106 80 712 755 860 -1 -2 
279 366 477 521 594 736 760 791 820 997 -1 -2 
89 104 126 313 346 379 447 517 778 856 -1 -2 
128 127 116 110 107 106 80 881 958 962 -1 -2 
125 122 109 70 236 394 531 558 705 908 -1 -2 
125 122 109 70 412 676 726 750 926 936 -1 -2 
128 127 116 110 107 106 80 750 781 862 -1 -2 
128 127 116 110 107 106 80 877 949 955 -1 -2 
128 127 116 110 107 106 80 721 847 868 -1 -2 
128 127 116 110 107 106 80 862 945 982 -1 -2 
125 122 109 70 602 615 624 655 753 917 -1 -2 
239 412 473 609 733 747 808 870 916 951 -1 -2 
128 127 116 110 107 106 80 557 580 670 -1 -2 
128 127 116 110 107 106 80 505 543 837 -1 -2 
41 301 319 350 387 424 495 531 611 768 -1 -2 
128 127 116 110 107 106 80 559 732 961 -1 -2 
125 122 109 70 519 530 623 802 854 890 -1 -2 
158 350 395 415 516 557 569 887 978 990 -1 -2 
66 139 261 427 507 731 896 898 934 998 -1 -2 
125 122 109 70 444 448 526 643 648 980 -1 -2 
128 127 116 110 107 106 80 795 885 911 -1 -2 
128 127 116 110 107 106 80 584 675 919 -1 -2 
128 127 116 110 107 106 80 679 733 881 -1 -2 
135 206 216 367 468 699 715 851 949 966 -1 -2 
128 127 116 110 107 106 80 723 871 978 -1 -2 
125 122 109 70 373 398 526 735 863 891 -1 -2 
128 127 116 110 107 106 80 612 757 953 -1 -2 
125 122 109 70 481 491 659 755 758 837 -1 -2 
128 127 116 110 107 106 80 847 863 876 -1 -2 
128 127 116 110 107 106 80 941 945 977 -1 -2 
128 127 116 110 107 106 80 817 923 950 -1 -2 
128 127 116 110 107 106 80 564 878 893 -1 -2 
128 127 116 110 107 106 80 708 738 903 -1 -2 
128 127 116 110 107 106 80 911 979 996 -1 -2 
125 122 109 70 544 554 593 662 891 960 -1 -2 
128 127 116 110 107 106 80 694 729 940 -1 -2 
128 127 116 110 107 106 80 619 711 744 -1 -2 
87 71 45 523 537 681 709 824 856 961 -1 -2 
128 127 116 110 107 106 80 470 588 805 -1 -2 
41 107 228 416 442 528 584 656 661 760 -1 -2 
128 127 116 110 107 106 80 930 960 1000 -1 -2 
128 127 116 110 107 106 80 754 819 951 -1 -2 
22 173 226 234 366 440 505 760 778 998 -1 -2 
128 127 116 110 107 106 80 703 806 922 -1 -2 
128 127 116 110 107 106 80 815 820 841 -1 -2 
128 127 116 110 107 106 80 967 987 997 -1 -2 
128 127 116 110 107 106 80 472 551 717 -1 -2 
128 127 116 110 107 106 80 673 712 904 -1 -2 
125 122 109 70 573 592 611 652 778 873 -1 -2 
128 127 116 110 107 106 80 836 898 988 -1 -2 
128 127 116 110 107 106 80 602 842 867 -1 -2 
198 251 385 525 572 595 630 663 693 861 -1 -2 
125 122 109 70 350 497 560 677 727 770 -1 -2 
13 41 68 150 305 310 577 627 891 903 -1 -2 
128 127 116 110 107 106 80 599 866 902 -1 -2 
37 62 85 256 328 352 611 616 627 780 -1 -2 
125 122 109 70 116 127 128 654 700 884 -1 -2 
128 127 116 110 107 106 80 760 771 868 -1 -2 
128 127 116 110 107 106 80 635 725 779 -1 -2 
128 127 116 110 107 106 80 568 648 887 -1 -2 
125 122 109 70 665 789 912 914 935 936 -1 -2 
21 143 167 331 405 464 621 674 692 866 -1 -2 
4 55 60 210 368 526 632 645 820 860 -1 -2 
125 122 109 70 342 394 395 728 740 921 -1 -2 
128 127 116 110 107 106 80 510 870 963 -1 -2 
209 223 270 340 387 833 849 891 900 906 -1 -2 
128 127 116 110 107 106 80 817 894 987 -1 -2 
128 127 116 110 107 106 80 684 816 937 -1 -2 
128 127 116 110 107 106 80 823 888 971 -1 -2 
128 127 116 110 107 106 80 594 912 941 -1 -2 
128 127 116 110 107 106 80 849 896 993 -1 -2 
128 127 116 110 107 106 80 868 922 998 -1 -2 
116 139 212 264 353 437 438 483 718 907 -1 -2 
128 127 116 110 107 106 80 726 810 901 -1 -2 
125 122 109 70 116 127 128 610 845 893 -1 -2 
345 398 409 462 686 761 772 840 921 936 -1 -2 
125 122 109 70 221 321 400 489 870 975 -1 -2 
128 127 116 110 107 106 80 865 866 950 -1 -2 
128 127 116 110 107 106 80 571 748 992 -1 -2 
79 2 281 378 398 584 697 776 833 884 -1 -2 
171 176 312 335 342 528 549 621 655 938 -1 -2 
128 127 116 110 107 106 80 742 796 891 -1 -2 
128 127 116 110 107 106 80 901 908 929 -1 -2 
125 122 109 70 318 523 755 806 885 967 -1 -2 
106 233 271 388 478 490 510 616 722 806 -1 -2 
124 115 104 484 510 578 584 632 870 952 -1 -2 
124 115 104 599 623 647 753 761 854 952 -1 -2 
128 127 116 110 107 106 80 764 883 957 -1 -2 
128 127 116 110 107 106 80 856 958 985 -1 -2 
128 127 116 110 107 106 80 943 949 966 -1 -2 
36 70 95 206 325 366 447 550 709 882 -1 -2 
128 127 116 110 107 106 80 777 785 843 -1 -2 
128 127 116 110 107 106 80 504 806 844 -1 -2 
128 127 116 110 107 106 80 833 898 951 -1 -2 
116 142 308 330 477 479 647 668 670 859 -1 -2 
128 127 116 110 107 106 80 587 663 706 -1 -2 
100 243 258 443 547 706 748 768 782 893 -1 -2 
128 127 116 110 107 106 80 704 841 883 -1 -2 
125 122 109 70 674 679 700 731 935 981 -1 -2 
128 127 116 110 107 106 80 701 860 926 -1 -2 
128 127 116 110 107 106 80 665 752 936 -1 -2 
96 132 483 516 581 614 658 750 753 900 -1 -2 
125 122 109 70 116 127 128 727 746 988 -1 -2 
128 127 116 110 107 106 80 717 835 884 -1 -2 
93 145 185 187 215 454 541 825 868 932 -1 -2 
125 122 109 70 116 127 128 526 547 549 -1 -2 
128 127 116 110 107 106 80 669 675 822 -1 -2 
23 126 156 197 253 278 691 769 852 853 -1 -2 
125 122 109 70 116 127 128 626 636 662 -1 -2 
128 127 116 110 107 106 80 797 874 922 -1 -2 
128 127 116 110 107 106 80 777 885 928 -1 -2 
125 122 109 70 471 482 621 636 866 991 -1 -2 
125 122 109 70 116 127 128 822 847 848 -1 -2 
125 122 109 70 650 705 776 849 927 942 -1 -2 
128 127 116 110 107 106 80 736 807 969 -1 -2 
52 75 97 180 238 495 572 587 708 747 -1 -2 
49 152 208 410 490 657 732 809 819 852 -1 -2 
125 122 109 70 682 709 720 816 888 904 -1 -2 
