87 99 111 126 127 447 610 705 771 898 -1 -2 
87 99 126 377 448 670 750 846 850 941 -1 -2 
87 87 126 99 126 219 223 237 725 820 -1 -2 
87 99 99 126 128 923 939 944 949 981 -1 -2 
87 99 126 126 742 744 764 773 904 906 -1 -2 
87 99 99 272 126 463 531 702 783 833 -1 -2 
87 87 126 99 336 126 538 581 650 831 -1 -2 
87 87 99 126 538 594 695 736 795 920 -1 -2 
87 99 126 119 127 638 658 836 910 954 -1 -2 
87 99 99 119 126 658 675 790 808 885 -1 -2 
87 87 126 99 126 633 686 787 805 977 -1 -2 
87 99 126 119 127 446 816 827 961 971 -1 -2 
87 87 126 99 127 126 505 693 981 993 -1 -2 
87 37 126 51 116 597 123 128 859 922 -1 -2 
90 99 114 182 228 280 476 627 965 988 -1 -2 
87 87 99 126 296 354 515 553 700 984 -1 -2 
87 70 88 111 119 127 388 576 579 975 -1 -2 
87 99 99 126 439 584 735 736 764 798 -1 -2 
87 99 126 126 127 733 798 805 889 928 -1 -2 
87 99 99 126 276 321 368 406 787 910 -1 -2 
87 99 126 126 328 376 431 449 657 826 -1 -2 
87 88 99 119 126 506 657 712 717 912 -1 -2 
87 87 99 222 126 518 526 562 820 832 -1 -2 
87 87 99 119 126 673 738 746 960 985 -1 -2 
87 99 126 126 127 657 754 792 953 978 -1 -2 
87 87 99 401 126 432 529 762 824 950 -1 -2 
87 87 126 99 126 545 690 718 906 934 -1 -2 
90 87 99 126 127 680 698 771 970 983 -1 -2 
87 87 126 99 253 126 437 447 769 918 -1 -2 
87 99 99 424 126 757 771 814 889 937 -1 -2 
87 87 99 105 126 121 538 588 865 956 -1 -2 
87 87 126 99 126 289 311 651 776 934 -1 -2 
87 99 126 481 548 719 737 780 807 909 -1 -2 
87 99 126 126 127 553 565 600 756 801 -1 -2 
87 99 99 631 126 758 872 912 956 989 -1 -2 
87 87 126 99 126 628 658 661 767 877 -1 -2 
87 87 126 99 126 655 768 829 861 979 -1 -2 
87 99 99 335 126 533 679 781 813 822 -1 -2 
87 87 126 99 126 641 688 852 866 883 -1 -2 
87 37 51 188 116 382 123 128 843 916 -1 -2 
87 99 99 126 436 446 556 603 785 835 -1 -2 
87 87 99 570 126 752 760 826 914 971 -1 -2 
87 99 126 119 127 587 602 614 716 930 -1 -2 
87 87 99 509 126 828 839 854 865 893 -1 -2 
87 87 99 126 127 829 877 888 902 999 -1 -2 
87 88 99 119 126 447 745 825 874 876 -1 -2 
70 99 88 394 111 119 127 689 866 950 -1 -2 
87 99 126 119 127 361 367 588 622 764 -1 -2 
90 114 126 119 127 573 697 715 889 929 -1 -2 
87 99 99 257 126 426 514 583 670 996 -1 -2 
87 87 126 99 126 450 553 618 654 862 -1 -2 
87 87 99 126 425 549 623 731 782 948 -1 -2 
87 87 99 185 126 272 366 453 496 850 -1 -2 
87 99 126 123 128 425 543 804 854 983 -1 -2 
87 87 99 302 126 511 544 832 880 954 -1 -2 
87 87 126 99 126 767 783 828 862 883 -1 -2 
87 87 99 126 137 203 633 767 858 871 -1 -2 
87 99 126 536 576 578 588 834 873 933 -1 -2 
87 87 99 126 755 768 811 849 858 968 -1 -2 
87 87 126 99 373 126 614 627 656 805 -1 -2 
87 99 126 464 509 532 625 663 807 936 -1 -2 
87 87 126 99 126 601 616 746 747 967 -1 -2 
87 99 99 123 126 616 649 823 835 904 -1 -2 
87 87 126 99 345 126 436 632 817 889 -1 -2 
87 87 126 99 126 383 461 665 776 897 -1 -2 
87 99 99 123 126 439 753 790 877 977 -1 -2 
87 99 126 119 127 470 574 627 904 985 -1 -2 
37 99 51 116 300 123 574 128 701 798 -1 -2 
87 37 126 51 127 116 123 128 967 980 -1 -2 
87 87 99 126 398 399 646 851 894 958 -1 -2 
87 88 99 126 127 545 775 927 946 993 -1 -2 
87 99 99 445 126 483 786 813 899 1000 -1 -2 
87 99 99 126 454 658 767 848 934 966 -1 -2 
87 87 99 243 126 553 574 580 823 992 -1 -2 
87 87 99 126 127 658 766 971 984 986 -1 -2 
87 87 126 99 126 559 641 699 848 965 -1 -2 
70 87 99 119 126 725 958 960 965 973 -1 -2 
70 88 126 111 119 487 127 776 811 947 -1 -2 
87 99 99 119 126 654 814 854 942 977 -1 -2 
87 87 126 99 126 852 874 928 938 1000 -1 -2 
87 99 126 119 127 274 279 353 665 893 -1 -2 
87 87 99 419 126 681 737 866 921 966 -1 -2 
87 99 99 195 126 486 633 681 847 955 -1 -2 
87 99 99 126 128 369 442 462 591 701 -1 -2 
87 99 99 285 126 828 877 909 964 977 -1 -2 
87 37 51 119 116 123 628 128 830 914 -1 -2 
87 99 99 126 189 291 348 414 570 835 -1 -2 
87 87 126 99 126 426 491 499 867 954 -1 -2 
87 87 126 99 126 567 596 644 731 944 -1 -2 
87 99 126 397 490 593 696 815 902 909 -1 -2 
87 87 99 551 126 659 777 821 900 977 -1 -2 
87 87 126 99 685 126 732 923 947 996 -1 -2 
87 99 99 119 126 637 685 689 855 909 -1 -2 
87 87 126 99 126 838 856 863 960 993 -1 -2 
87 99 126 188 190 199 208 400 579 975 -1 -2 
87 87 99 126 444 572 610 650 727 864 -1 -2 
87 99 99 119 126 416 421 578 639 998 -1 -2 
87 99 99 119 126 311 540 636 692 932 -1 -2 
87 99 99 277 126 460 553 627 864 897 -1 -2 
87 87 99 119 126 516 574 584 832 899 -1 -2 
87 87 99 126 127 423 495 639 761 993 -1 -2 
87 99 126 119 127 652 731 745 846 954 -1 -2 
87 99 126 126 494 510 574 807 872 988 -1 -2 
87 90 114 123 128 531 705 784 896 958 -1 -2 
87 99 126 123 128 536 558 569 579 1000 -1 -2 
87 87 126 99 126 550 557 677 687 835 -1 -2 
87 99 99 126 410 451 479 534 570 989 -1 -2 
11 87 99 117 126 731 739 797 849 991 -1 -2 
87 87 99 119 126 337 371 391 721 845 -1 -2 
87 87 126 99 545 126 677 845 862 900 -1 -2 
87 87 126 99 127 126 695 846 927 943 -1 -2 
87 87 99 265 126 349 353 682 799 989 -1 -2 
87 99 126 126 557 641 658 836 935 951 -1 -2 
87 99 99 126 273 361 728 771 861 942 -1 -2 
87 99 126 126 127 324 566 708 860 930 -1 -2 
87 87 99 412 126 442 534 591 645 963 -1 -2 
87 99 99 119 126 371 535 885 915 926 -1 -2 
87 99 99 126 127 679 700 774 775 938 -1 -2 
87 99 99 426 126 700 795 806 903 952 -1 -2 
87 99 126 126 634 730 823 901 918 945 -1 -2 
87 87 126 99 635 126 702 729 750 924 -1 -2 
87 99 126 126 333 342 405 421 621 741 -1 -2 
87 37 51 138 116 267 123 128 714 830 -1 -2 
87 70 88 111 127 119 127 693 957 986 -1 -2 
87 99 99 290 126 449 540 707 770 875 -1 -2 
87 99 99 462 126 791 804 855 954 986 -1 -2 
87 87 126 99 596 126 864 889 892 925 -1 -2 
87 99 126 394 470 584 640 659 681 925 -1 -2 
87 88 99 126 127 516 809 822 836 927 -1 -2 
87 70 88 408 111 645 119 127 855 978 -1 -2 
87 99 99 126 127 705 735 750 886 923 -1 -2 
87 87 126 99 126 533 626 674 716 814 -1 -2 
87 87 99 126 128 616 626 737 800 915 -1 -2 
87 99 99 437 126 688 761 853 857 878 -1 -2 
87 99 99 126 127 604 622 889 890 934 -1 -2 
87 87 99 123 126 751 777 852 893 958 -1 -2 
87 99 99 126 128 702 709 740 742 985 -1 -2 
87 87 99 126 379 480 577 846 916 984 -1 -2 
87 99 126 126 127 624 677 825 932 966 -1 -2 
87 87 126 99 698 126 781 790 860 984 -1 -2 
87 87 99 126 127 730 739 850 865 919 -1 -2 
87 99 99 637 126 780 814 828 891 932 -1 -2 
87 87 126 99 126 235 431 493 611 830 -1 -2 
87 87 99 429 126 577 661 670 706 859 -1 -2 
87 99 126 206 340 373 485 673 860 869 -1 -2 
87 87 99 126 479 574 644 732 773 983 -1 -2 
87 99 99 126 298 536 736 842 946 960 -1 -2 
87 87 126 99 127 126 487 533 892 916 -1 -2 
87 87 126 99 127 126 759 891 907 970 -1 -2 
87 87 99 305 126 784 818 861 946 980 -1 -2 
87 99 126 126 573 701 705 808 903 920 -1 -2 
87 87 99 362 126 513 619 675 838 852 -1 -2 
87 87 99 126 741 765 792 816 876 952 -1 -2 
87 99 126 416 523 537 641 685 708 985 -1 -2 
87 87 126 99 651 126 806 877 913 978 -1 -2 
87 87 99 126 416 721 729 792 877 942 -1 -2 
87 99 126 126 127 378 516 963 974 980 -1 -2 
87 87 126 99 124 126 692 850 853 879 -1 -2 
87 99 126 123 128 642 674 704 757 986 -1 -2 
87 87 126 99 126 647 703 855 907 990 -1 -2 
87 87 126 99 276 126 666 672 825 982 -1 -2 
87 87 126 99 127 126 715 747 818 968 -1 -2 
87 87 126 99 127 126 498 580 699 880 -1 -2 
87 99 126 126 127 292 469 491 835 983 -1 -2 
87 99 126 126 300 356 436 519 606 645 -1 -2 
87 99 126 582 663 739 821 871 886 999 -1 -2 
87 87 99 119 126 612 675 680 818 849 -1 -2 
87 87 126 99 126 823 838 904 977 1000 -1 -2 
87 99 99 357 126 598 609 630 753 977 -1 -2 
87 87 99 126 575 638 879 912 946 954 -1 -2 
87 99 126 126 127 604 755 810 954 969 -1 -2 
87 87 126 99 127 126 650 772 810 922 -1 -2 
87 87 99 117 126 205 308 535 644 871 -1 -2 
87 99 126 133 145 183 315 333 392 567 -1 -2 
87 99 126 123 128 445 637 673 811 920 -1 -2 
70 99 88 111 119 446 127 610 633 807 -1 -2 
87 87 126 99 127 126 344 645 742 886 -1 -2 
87 99 126 126 250 283 725 735 795 963 -1 -2 
87 70 126 88 111 780 119 127 934 973 -1 -2 
87 99 99 123 126 505 608 874 880 911 -1 -2 
87 87 126 99 126 441 470 851 875 947 -1 -2 
87 99 126 126 137 352 553 607 645 853 -1 -2 
87 99 126 119 127 504 535 871 911 919 -1 -2 
95 37 116 51 128 116 123 128 710 747 -1 -2 
87 99 126 123 128 627 710 717 856 863 -1 -2 
87 99 126 134 196 270 293 316 402 468 -1 -2 
87 87 99 126 562 625 652 693 918 972 -1 -2 
87 87 126 99 286 126 789 810 845 879 -1 -2 
87 87 99 252 126 381 427 726 758 866 -1 -2 
87 99 126 227 243 364 424 808 875 908 -1 -2 
70 87 99 119 126 514 653 695 751 963 -1 -2 
87 87 126 99 127 126 556 665 890 931 -1 -2 
87 99 99 126 127 443 486 816 925 943 -1 -2 
87 99 99 359 126 609 650 716 868 988 -1 -2 
87 70 88 111 119 127 504 656 951 996 -1 -2 
87 99 99 123 126 557 652 658 673 805 -1 -2 
87 99 99 476 126 720 836 898 967 988 -1 -2 
87 99 126 165 346 578 740 801 816 896 -1 -2 
87 87 126 99 128 126 892 919 923 928 -1 -2 
87 99 126 126 127 737 812 841 887 978 -1 -2 
37 51 116 123 128 128 451 774 926 991 -1 -2 
90 114 111 119 127 575 719 726 733 907 -1 -2 
90 37 51 119 116 687 123 128 752 936 -1 -2 
70 88 88 111 119 452 127 654 661 685 -1 -2 
70 37 111 51 116 123 338 128 969 998 -1 -2 
90 37 51 116 127 123 128 766 931 940 -1 -2 
37 51 116 123 123 607 128 765 928 955 -1 -2 
70 114 88 111 127 119 810 127 877 937 -1 -2 
90 88 114 119 127 751 818 828 858 895 -1 -2 
37 51 111 116 127 123 128 710 891 989 -1 -2 
29 70 88 111 119 585 127 745 756 861 -1 -2 
70 37 51 119 116 619 123 128 914 928 -1 -2 
70 88 88 119 111 119 714 127 807 920 -1 -2 
90 114 116 123 128 531 676 807 856 930 -1 -2 
70 70 111 88 111 119 642 127 942 948 -1 -2 
70 70 88 119 111 119 622 127 763 979 -1 -2 
70 170 88 111 119 599 127 711 712 772 -1 -2 
11 70 88 117 111 668 119 127 879 949 -1 -2 
70 90 114 119 127 736 745 772 893 918 -1 -2 
70 70 88 119 111 119 127 488 613 712 -1 -2 
70 90 111 114 127 675 683 720 881 900 -1 -2 
70 37 111 51 127 116 123 128 835 996 -1 -2 
95 95 116 125 128 596 800 808 831 886 -1 -2 
70 88 111 119 119 127 576 713 863 910 -1 -2 
37 70 116 88 128 111 119 127 683 760 -1 -2 
70 90 111 114 127 615 767 788 873 875 -1 -2 
71 70 88 378 111 119 127 690 719 975 -1 -2 
37 51 116 123 128 128 801 852 898 963 -1 -2 
70 90 111 114 127 530 616 694 906 981 -1 -2 
37 37 51 116 128 123 128 417 651 708 -1 -2 
70 125 88 119 111 119 127 872 877 912 -1 -2 
32 70 297 88 464 111 119 127 828 872 -1 -2 
70 70 88 119 111 506 119 127 818 840 -1 -2 
70 90 114 119 127 666 791 904 953 978 -1 -2 
70 88 116 111 119 596 127 667 870 914 -1 -2 
93 90 114 509 582 636 674 764 935 991 -1 -2 
70 90 114 119 127 746 810 864 918 960 -1 -2 
70 88 111 119 127 127 833 883 967 997 -1 -2 
90 90 114 119 127 712 722 740 805 949 -1 -2 
95 70 116 88 128 111 119 127 663 949 -1 -2 
70 88 88 119 111 119 679 127 913 940 -1 -2 
90 114 111 119 127 525 611 618 690 972 -1 -2 
145 371 435 448 451 467 592 606 726 933 -1 -2 
90 95 111 125 127 747 897 924 933 980 -1 -2 
70 88 88 111 119 478 127 727 905 996 -1 -2 
70 90 111 114 127 578 593 623 638 686 -1 -2 
37 88 51 116 127 123 576 128 715 833 -1 -2 
70 70 111 88 127 111 119 127 977 1000 -1 -2 
37 88 51 116 123 595 128 721 777 965 -1 -2 
69 90 110 133 545 621 626 697 811 883 -1 -2 
70 90 114 119 127 498 628 817 919 925 -1 -2 
90 114 111 119 127 363 419 649 791 942 -1 -2 
70 88 116 111 119 502 127 747 896 988 -1 -2 
37 51 116 123 123 128 454 571 592 643 -1 -2 
70 109 111 119 127 628 804 889 910 995 -1 -2 
70 88 88 111 127 119 127 491 919 987 -1 -2 
90 51 114 123 128 525 779 871 899 951 -1 -2 
11 90 114 117 120 603 680 785 799 816 -1 -2 
37 51 116 119 123 619 128 782 884 931 -1 -2 
51 70 88 111 119 401 127 685 869 934 -1 -2 
37 37 116 51 116 580 123 128 891 914 -1 -2 
90 114 111 119 127 439 514 781 844 967 -1 -2 
70 90 114 119 127 614 698 707 930 959 -1 -2 
37 70 116 88 111 119 524 127 722 848 -1 -2 
70 90 114 119 127 361 411 739 756 1000 -1 -2 
70 88 88 119 111 119 127 699 938 974 -1 -2 
90 114 111 119 127 735 743 819 937 974 -1 -2 
70 88 111 111 119 623 127 852 866 940 -1 -2 
70 90 114 119 127 527 564 599 648 762 -1 -2 
37 88 51 116 127 123 128 469 588 857 -1 -2 
33 70 88 111 308 119 127 929 940 980 -1 -2 
90 88 114 119 127 645 738 883 921 958 -1 -2 
70 361 88 111 119 127 535 607 706 838 -1 -2 
90 88 114 119 127 382 726 733 836 971 -1 -2 
70 90 114 119 127 462 471 671 727 940 -1 -2 
70 88 88 119 111 119 127 768 912 995 -1 -2 
15 70 245 88 111 483 119 127 749 841 -1 -2 
90 114 116 123 128 736 751 878 936 1000 -1 -2 
70 90 111 114 127 568 598 874 896 977 -1 -2 
37 88 51 119 116 618 123 128 938 953 -1 -2 
53 70 88 458 111 119 127 824 841 905 -1 -2 
90 70 111 88 111 552 119 127 773 810 -1 -2 
37 37 51 116 123 892 128 932 953 977 -1 -2 
90 51 114 123 128 795 889 912 934 998 -1 -2 
70 70 88 111 127 119 785 127 837 996 -1 -2 
90 37 111 51 127 116 123 128 622 845 -1 -2 
70 90 111 114 127 571 603 737 766 926 -1 -2 
70 88 111 119 127 127 825 860 935 940 -1 -2 
37 51 51 116 123 699 128 840 851 921 -1 -2 
70 88 88 119 111 349 119 127 773 983 -1 -2 
70 51 88 123 111 619 119 127 821 912 -1 -2 
37 70 88 123 111 515 119 127 661 979 -1 -2 
70 88 111 119 127 730 736 761 851 893 -1 -2 
70 70 88 119 111 119 779 127 836 943 -1 -2 
90 51 114 123 128 761 796 871 959 965 -1 -2 
90 37 51 119 116 537 123 128 735 999 -1 -2 
70 90 114 119 127 581 744 773 794 915 -1 -2 
70 90 111 114 127 622 679 703 867 910 -1 -2 
37 70 88 123 111 119 127 734 791 857 -1 -2 
37 51 116 123 128 497 517 769 782 906 -1 -2 
95 37 104 51 116 327 123 128 786 839 -1 -2 
70 70 111 88 127 111 119 127 744 926 -1 -2 
90 65 114 179 542 580 668 807 889 982 -1 -2 
70 70 111 88 127 111 119 127 910 921 -1 -2 
70 88 111 119 127 806 858 906 937 967 -1 -2 
94 70 357 88 494 111 119 127 748 884 -1 -2 
37 94 51 212 116 299 123 128 647 669 -1 -2 
90 88 114 119 127 603 675 764 806 975 -1 -2 
90 88 114 119 127 573 678 770 853 949 -1 -2 
90 88 114 119 127 608 750 754 845 861 -1 -2 
37 90 114 123 128 666 784 812 908 960 -1 -2 
70 46 88 111 119 127 712 740 887 900 -1 -2 
70 88 111 111 127 119 127 809 850 882 -1 -2 
70 88 88 119 111 768 119 127 872 945 -1 -2 
70 88 111 119 119 127 588 793 866 934 -1 -2 
37 109 116 123 128 675 687 796 865 895 -1 -2 
70 109 111 119 127 384 424 691 902 932 -1 -2 
70 156 88 111 336 119 127 888 984 992 -1 -2 
70 70 88 111 127 119 127 750 766 910 -1 -2 
95 37 82 51 116 478 123 128 616 846 -1 -2 
70 70 111 88 127 111 119 127 820 884 -1 -2 
90 88 114 119 127 526 563 755 895 966 -1 -2 
134 70 295 88 459 111 119 127 703 797 -1 -2 
6 70 221 88 111 448 119 127 951 998 -1 -2 
70 88 111 119 119 536 127 581 629 731 -1 -2 
70 90 114 119 127 444 543 713 766 996 -1 -2 
90 88 114 119 127 661 706 712 895 993 -1 -2 
95 70 88 119 111 634 119 127 868 885 -1 -2 
37 51 116 119 123 128 659 759 773 902 -1 -2 
10 90 153 114 215 563 658 716 735 806 -1 -2 
70 88 116 111 128 119 127 584 835 957 -1 -2 
11 70 88 117 111 119 692 127 863 927 -1 -2 
70 90 114 119 127 482 556 743 889 992 -1 -2 
11 70 91 88 120 111 119 127 918 936 -1 -2 
70 70 88 111 127 119 640 127 756 870 -1 -2 
70 37 51 119 116 594 123 128 902 977 -1 -2 
70 70 88 111 127 119 127 679 770 937 -1 -2 
70 88 88 111 119 581 127 672 783 907 -1 -2 
70 88 111 119 127 901 930 966 990 995 -1 -2 
70 90 114 119 127 815 864 955 970 1000 -1 -2 
70 70 88 111 119 497 127 670 702 975 -1 -2 
95 70 111 88 127 111 119 127 867 983 -1 -2 
20 133 177 301 311 695 746 850 932 941 -1 -2 
90 114 116 123 128 356 406 616 670 735 -1 -2 
39 37 460 51 116 123 128 834 907 1000 -1 -2 
37 51 208 116 123 128 519 769 788 814 -1 -2 
156 70 386 88 111 119 703 127 746 781 -1 -2 
70 88 111 119 119 408 127 757 968 977 -1 -2 
70 70 88 111 119 127 578 694 786 887 -1 -2 
90 88 114 119 127 540 595 696 829 994 -1 -2 
70 90 111 114 127 538 703 731 774 962 -1 -2 
90 114 116 123 128 372 436 717 850 960 -1 -2 
90 114 111 119 127 572 602 665 888 894 -1 -2 
37 166 51 116 123 128 598 625 724 997 -1 -2 
70 88 144 111 341 119 127 625 716 738 -1 -2 
13 37 180 51 329 116 123 128 600 851 -1 -2 
95 114 125 123 128 326 372 407 486 982 -1 -2 
37 51 51 116 123 128 604 626 731 860 -1 -2 
96 37 51 338 116 123 128 489 716 852 -1 -2 
37 51 51 123 116 123 128 599 666 903 -1 -2 
37 51 111 116 127 123 128 726 826 873 -1 -2 
70 88 111 272 119 443 127 666 736 974 -1 -2 
70 70 88 119 111 570 119 127 792 916 -1 -2 
70 51 88 111 119 608 127 830 838 999 -1 -2 
70 88 111 119 128 127 658 743 809 866 -1 -2 
198 204 325 449 557 625 732 822 842 907 -1 -2 
85 213 253 255 302 500 520 527 717 825 -1 -2 
70 70 111 88 127 111 119 127 966 976 -1 -2 
70 37 111 51 116 123 128 727 883 892 -1 -2 
70 90 111 114 127 569 637 827 929 930 -1 -2 
70 37 51 116 123 128 696 780 913 962 -1 -2 
90 37 51 116 127 123 629 128 718 958 -1 -2 
37 37 51 123 116 464 123 128 826 926 -1 -2 
90 114 111 119 127 676 692 703 783 833 -1 -2 
70 90 111 114 127 594 667 822 874 914 -1 -2 
37 70 116 88 128 111 119 127 745 783 -1 -2 
17 70 110 88 111 119 505 127 708 971 -1 -2 
70 88 111 119 127 667 744 817 850 853 -1 -2 
37 37 51 123 116 123 128 716 730 733 -1 -2 
70 70 88 111 119 613 127 722 794 890 -1 -2 
70 51 88 123 111 119 127 789 848 880 -1 -2 
90 70 88 111 127 119 538 127 770 872 -1 -2 
306 37 51 574 116 123 710 128 755 860 -1 -2 
279 90 477 114 594 736 760 791 820 997 -1 -2 
37 51 111 116 123 379 128 517 778 856 -1 -2 
70 88 88 119 111 119 880 127 958 962 -1 -2 
37 129 51 116 236 123 128 558 705 908 -1 -2 
70 88 256 111 119 676 127 750 926 936 -1 -2 
70 37 111 51 127 116 123 128 781 862 -1 -2 
37 51 116 123 128 713 867 877 949 955 -1 -2 
70 51 88 111 128 119 635 127 847 868 -1 -2 
70 37 51 116 123 128 759 862 945 982 -1 -2 
37 51 116 123 128 615 624 655 753 917 -1 -2 
70 90 111 114 127 747 808 870 916 951 -1 -2 
37 88 51 119 116 505 123 128 580 670 -1 -2 
37 70 116 88 128 111 119 127 543 837 -1 -2 
70 70 88 111 127 119 495 127 611 768 -1 -2 
37 70 88 123 111 438 119 127 732 961 -1 -2 
37 88 51 119 116 123 623 128 854 890 -1 -2 
37 88 51 119 116 123 128 887 978 990 -1 -2 
37 51 51 123 116 123 128 898 934 998 -1 -2 
37 51 116 116 128 123 128 643 648 980 -1 -2 
90 114 116 123 128 584 739 795 885 911 -1 -2 
37 125 51 424 116 123 128 584 675 919 -1 -2 
11 74 44 91 278 117 664 120 733 881 -1 -2 
90 114 216 367 468 699 715 851 949 966 -1 -2 
90 37 51 615 116 123 128 723 871 978 -1 -2 
4 95 125 360 373 398 526 735 863 891 -1 -2 
27 245 253 377 453 545 557 612 757 953 -1 -2 
37 95 116 125 128 491 659 755 758 837 -1 -2 
37 540 51 674 116 693 123 128 863 876 -1 -2 
95 188 125 390 681 799 938 941 945 977 -1 -2 
37 51 116 210 123 128 796 817 923 950 -1 -2 
37 55 51 116 226 123 128 564 878 893 -1 -2 
37 51 306 116 365 123 478 128 738 903 -1 -2 
90 114 590 687 716 738 806 911 979 996 -1 -2 
10 33 105 191 544 554 593 662 891 960 -1 -2 
115 90 114 301 466 530 673 694 729 940 -1 -2 
37 37 51 116 123 128 602 619 711 744 -1 -2 
18 37 51 116 123 128 709 824 856 961 -1 -2 
90 114 116 123 128 313 372 470 588 805 -1 -2 
90 107 114 416 442 528 584 656 661 760 -1 -2 
203 11 44 91 451 117 735 120 960 1000 -1 -2 
128 37 51 116 123 602 128 754 819 951 -1 -2 
37 37 51 123 116 440 123 128 778 998 -1 -2 
90 51 114 123 128 581 613 703 806 922 -1 -2 
112 146 330 427 495 542 729 815 820 841 -1 -2 
37 37 51 116 128 123 858 128 987 997 -1 -2 
90 90 116 114 128 427 449 472 551 717 -1 -2 
15 90 117 114 324 538 584 673 712 904 -1 -2 
90 135 114 312 573 592 611 652 778 873 -1 -2 
108 115 134 142 299 628 757 836 898 988 -1 -2 
90 90 316 114 467 471 601 602 842 867 -1 -2 
198 37 385 51 572 116 123 128 693 861 -1 -2 
91 37 51 116 123 128 560 677 727 770 -1 -2 
37 41 51 150 116 310 123 128 891 903 -1 -2 
47 113 332 334 357 526 561 599 866 902 -1 -2 
37 51 116 123 123 352 128 616 627 780 -1 -2 
94 37 51 394 116 569 123 128 700 884 -1 -2 
79 140 219 283 724 726 755 760 771 868 -1 -2 
95 90 114 355 485 556 562 635 725 779 -1 -2 
37 51 116 116 128 123 547 128 648 887 -1 -2 
37 51 51 123 116 123 912 128 935 936 -1 -2 
37 51 116 116 123 464 128 674 692 866 -1 -2 
4 55 60 210 368 526 632 645 820 860 -1 -2 
37 51 116 116 128 123 128 728 740 921 -1 -2 
20 316 354 408 421 466 484 510 870 963 -1 -2 
90 37 116 51 128 116 123 128 900 906 -1 -2 
6 56 99 256 290 390 462 817 894 987 -1 -2 
70 159 365 429 525 603 607 684 816 937 -1 -2 
21 157 212 279 560 693 793 823 888 971 -1 -2 
37 37 51 116 123 128 521 594 912 941 -1 -2 
90 37 51 116 123 128 748 849 896 993 -1 -2 
90 114 114 123 128 804 842 868 922 998 -1 -2 
116 37 212 51 116 437 123 128 718 907 -1 -2 
37 90 114 123 128 511 553 726 810 901 -1 -2 
58 64 268 335 451 492 534 610 845 893 -1 -2 
345 37 51 462 116 761 123 128 921 936 -1 -2 
27 11 185 44 221 91 117 120 870 975 -1 -2 
186 343 664 681 737 790 811 865 866 950 -1 -2 
37 37 51 116 128 123 128 571 748 992 -1 -2 
62 86 281 378 398 584 697 776 833 884 -1 -2 
90 114 312 335 342 528 549 621 655 938 -1 -2 
72 90 407 114 571 612 649 742 796 891 -1 -2 
37 95 116 125 128 770 895 901 908 929 -1 -2 
28 126 193 257 318 523 755 806 885 967 -1 -2 
90 51 114 123 128 490 510 616 722 806 -1 -2 
10 37 309 51 116 578 123 128 870 952 -1 -2 
90 51 114 123 128 647 753 761 854 952 -1 -2 
37 51 260 116 483 123 520 128 883 957 -1 -2 
11 37 51 116 123 128 747 856 958 985 -1 -2 
95 37 51 405 116 123 128 943 949 966 -1 -2 
36 37 51 206 116 123 447 128 709 882 -1 -2 
37 51 116 123 128 701 705 777 785 843 -1 -2 
47 37 172 51 289 116 123 128 806 844 -1 -2 
37 51 116 158 123 128 664 833 898 951 -1 -2 
90 114 116 123 128 479 647 668 670 859 -1 -2 
30 37 200 51 340 116 123 128 663 706 -1 -2 
37 51 51 116 128 123 128 768 782 893 -1 -2 
85 37 387 51 570 116 123 128 841 883 -1 -2 
90 114 116 123 128 679 700 731 935 981 -1 -2 
3 26 170 306 342 421 606 701 860 926 -1 -2 
54 62 331 361 376 444 601 665 752 936 -1 -2 
37 51 116 116 123 614 128 750 753 900 -1 -2 
90 114 114 123 128 608 694 727 746 988 -1 -2 
37 246 51 398 116 123 691 128 835 884 -1 -2 
93 145 185 187 215 454 541 825 868 932 -1 -2 
56 37 231 51 285 116 123 128 547 549 -1 -2 
37 103 51 116 123 449 128 669 675 822 -1 -2 
90 51 114 123 128 278 691 769 852 853 -1 -2 
37 51 116 267 123 128 391 626 636 662 -1 -2 
37 51 116 123 123 695 128 797 874 922 -1 -2 
37 51 217 116 123 128 661 777 885 928 -1 -2 
37 51 116 116 128 123 128 636 866 991 -1 -2 
90 37 51 116 123 128 808 822 847 848 -1 -2 
90 51 114 123 128 705 776 849 927 942 -1 -2 
11 63 44 345 91 568 117 120 807 969 -1 -2 
52 75 97 180 238 495 572 587 708 747 -1 -2 
37 51 208 116 123 128 732 809 819 852 -1 -2 
37 51 116 116 123 128 720 816 888 904 -1 -2 
