168 80 299 106 107 447 110 116 127 128 -1 -2 
80 80 107 106 107 127 110 116 127 128 -1 -2 
80 80 107 106 116 107 110 116 127 128 -1 -2 
104 115 319 124 763 923 939 944 949 981 -1 -2 
80 397 106 107 742 110 764 116 127 128 -1 -2 
80 106 106 110 107 127 110 116 127 128 -1 -2 
80 80 106 110 107 110 116 581 127 128 -1 -2 
80 80 106 107 116 110 128 116 127 128 -1 -2 
80 106 107 107 110 127 116 836 127 128 -1 -2 
303 80 106 107 110 116 675 127 808 128 -1 -2 
80 106 107 419 110 116 127 787 128 977 -1 -2 
80 106 107 107 110 127 116 827 127 128 -1 -2 
80 106 107 107 116 110 116 693 127 128 -1 -2 
13 7 177 108 514 597 607 725 859 922 -1 -2 
80 80 106 107 110 127 116 627 127 128 -1 -2 
70 70 122 109 296 122 125 553 700 984 -1 -2 
80 80 107 106 116 107 110 116 127 128 -1 -2 
80 80 107 106 107 110 128 116 127 128 -1 -2 
80 534 106 591 107 110 798 116 127 128 -1 -2 
70 109 122 122 125 321 368 406 787 910 -1 -2 
45 71 87 110 116 127 128 449 657 826 -1 -2 
70 109 122 122 125 127 128 712 717 912 -1 -2 
80 80 107 106 116 107 110 116 127 128 -1 -2 
104 106 115 124 116 127 128 746 960 985 -1 -2 
80 106 106 107 116 110 116 792 127 128 -1 -2 
95 80 320 106 412 107 110 116 127 128 -1 -2 
80 106 107 110 306 116 690 127 128 934 -1 -2 
80 106 106 110 107 127 110 116 127 128 -1 -2 
80 80 106 110 107 127 110 116 127 128 -1 -2 
80 104 115 110 124 127 128 814 889 937 -1 -2 
80 106 106 110 107 110 128 116 127 128 -1 -2 
80 109 106 125 107 127 110 116 127 128 -1 -2 
80 106 106 107 116 110 116 127 128 909 -1 -2 
199 80 241 106 539 107 110 116 127 128 -1 -2 
104 115 107 124 116 127 128 912 956 989 -1 -2 
80 332 106 554 107 110 658 116 127 128 -1 -2 
80 80 107 106 116 107 110 116 127 128 -1 -2 
70 80 106 107 110 116 679 127 128 822 -1 -2 
80 80 107 106 107 110 116 127 866 128 -1 -2 
70 109 107 122 125 127 128 722 843 916 -1 -2 
80 80 106 107 116 110 116 603 127 128 -1 -2 
80 106 107 110 116 127 128 128 914 971 -1 -2 
80 106 106 110 107 127 110 116 127 128 -1 -2 
70 106 109 110 122 125 128 854 865 893 -1 -2 
70 80 106 125 107 110 116 127 128 999 -1 -2 
80 106 124 107 110 116 128 127 128 876 -1 -2 
2 79 292 394 430 447 475 689 866 950 -1 -2 
70 80 122 106 107 110 367 116 127 128 -1 -2 
70 109 122 110 125 127 128 715 889 929 -1 -2 
80 106 106 110 107 110 116 583 127 128 -1 -2 
80 80 106 110 107 127 110 116 127 128 -1 -2 
37 80 197 106 107 110 623 116 127 128 -1 -2 
80 109 106 125 107 110 128 116 127 128 -1 -2 
2 86 79 207 417 425 543 804 854 983 -1 -2 
80 80 107 106 116 107 110 116 127 128 -1 -2 
80 106 106 107 116 110 116 127 128 883 -1 -2 
80 80 106 110 107 127 110 116 127 128 -1 -2 
70 104 122 115 124 127 128 834 873 933 -1 -2 
26 80 288 106 755 107 110 116 127 128 -1 -2 
80 80 106 110 107 127 110 116 127 128 -1 -2 
80 80 107 106 116 107 110 116 127 128 -1 -2 
80 106 106 110 107 127 110 116 127 128 -1 -2 
80 106 107 110 116 127 128 128 835 904 -1 -2 
80 80 107 106 107 127 110 116 127 128 -1 -2 
104 70 124 109 116 122 125 665 776 897 -1 -2 
80 79 106 107 423 110 753 116 127 128 -1 -2 
104 115 124 110 116 127 128 627 904 985 -1 -2 
80 106 107 110 300 116 574 127 701 128 -1 -2 
80 115 106 107 110 116 592 127 128 980 -1 -2 
45 117 71 87 398 399 646 851 894 958 -1 -2 
80 80 106 110 107 127 110 116 127 128 -1 -2 
80 115 106 107 476 110 116 813 127 128 -1 -2 
80 106 107 125 110 658 116 848 127 128 -1 -2 
104 106 115 110 124 127 128 580 823 992 -1 -2 
70 80 122 106 107 110 116 971 127 128 -1 -2 
70 80 122 106 533 107 110 116 127 128 -1 -2 
80 106 107 107 116 110 116 127 965 128 -1 -2 
70 109 107 122 125 127 128 776 811 947 -1 -2 
80 80 107 106 116 107 110 116 127 128 -1 -2 
149 80 106 793 107 852 110 116 127 128 -1 -2 
80 106 107 107 116 110 116 353 127 128 -1 -2 
80 106 107 419 110 681 116 866 127 128 -1 -2 
80 2 79 110 116 127 128 681 847 955 -1 -2 
80 106 107 107 116 110 128 116 127 128 -1 -2 
80 106 107 110 116 127 128 909 964 977 -1 -2 
80 106 107 107 110 127 116 636 127 128 -1 -2 
80 106 107 110 116 291 127 414 128 835 -1 -2 
80 106 106 107 116 110 116 127 867 128 -1 -2 
80 106 106 107 116 110 128 116 127 128 -1 -2 
80 106 107 110 116 127 128 128 902 909 -1 -2 
80 106 107 107 110 116 128 127 128 977 -1 -2 
80 106 107 110 110 116 128 127 128 996 -1 -2 
80 328 106 107 110 637 116 689 127 128 -1 -2 
80 106 107 107 110 116 128 127 960 128 -1 -2 
30 59 153 188 190 199 208 400 579 975 -1 -2 
2 80 122 106 116 107 110 116 127 128 -1 -2 
80 80 107 106 116 107 110 116 127 128 -1 -2 
35 70 109 129 122 125 540 636 692 932 -1 -2 
70 80 106 107 110 116 127 128 864 897 -1 -2 
80 98 106 315 107 110 574 116 127 128 -1 -2 
80 106 122 107 110 116 127 639 128 993 -1 -2 
80 106 106 107 116 110 116 127 128 954 -1 -2 
80 80 106 107 110 116 128 127 128 988 -1 -2 
65 70 134 109 462 122 125 784 896 958 -1 -2 
2 80 107 106 107 110 128 116 127 128 -1 -2 
80 106 106 107 116 110 116 677 127 128 -1 -2 
80 106 107 107 110 116 128 127 570 128 -1 -2 
80 80 107 106 116 107 110 116 127 128 -1 -2 
80 70 109 122 116 125 128 391 721 845 -1 -2 
80 80 107 106 116 107 110 116 127 128 -1 -2 
80 106 107 107 116 110 128 116 127 128 -1 -2 
80 106 107 110 116 127 128 682 799 989 -1 -2 
80 106 107 107 110 116 127 836 128 951 -1 -2 
80 80 106 110 107 127 110 116 127 128 -1 -2 
80 106 107 110 116 324 127 708 128 930 -1 -2 
70 109 122 125 116 127 128 591 645 963 -1 -2 
45 2 87 79 287 371 535 885 915 926 -1 -2 
80 106 107 107 110 127 116 127 128 938 -1 -2 
80 106 107 110 116 127 127 128 903 952 -1 -2 
80 109 106 107 116 110 116 901 127 128 -1 -2 
80 106 106 110 107 110 116 729 127 128 -1 -2 
80 109 106 107 116 110 116 421 127 128 -1 -2 
80 70 109 110 122 125 128 710 714 830 -1 -2 
70 80 122 106 107 127 110 116 127 128 -1 -2 
80 80 107 106 116 107 110 116 127 128 -1 -2 
129 413 460 462 634 791 804 855 954 986 -1 -2 
80 106 472 107 596 110 116 127 128 925 -1 -2 
130 80 220 106 107 584 110 116 127 128 -1 -2 
80 109 106 107 116 110 128 116 127 128 -1 -2 
3 70 191 109 463 122 125 745 855 978 -1 -2 
80 106 106 110 107 110 128 116 127 128 -1 -2 
80 80 107 106 116 107 110 116 127 128 -1 -2 
80 80 107 106 107 110 116 127 800 128 -1 -2 
23 80 411 106 107 688 110 116 127 128 -1 -2 
70 70 109 125 122 125 128 889 890 934 -1 -2 
80 106 107 107 116 110 116 852 127 128 -1 -2 
80 106 107 110 116 127 128 740 742 985 -1 -2 
80 80 106 107 116 110 116 846 127 128 -1 -2 
80 106 124 107 110 127 116 127 932 128 -1 -2 
80 80 106 110 107 127 110 116 127 128 -1 -2 
80 80 106 107 116 110 116 850 127 128 -1 -2 
80 106 106 107 116 110 116 828 127 128 -1 -2 
80 106 107 107 110 127 116 127 611 128 -1 -2 
70 109 323 122 125 577 661 670 706 859 -1 -2 
80 80 106 107 116 110 116 127 860 128 -1 -2 
80 80 106 110 107 127 110 116 127 128 -1 -2 
23 80 122 106 298 107 110 116 127 128 -1 -2 
80 109 106 125 107 110 116 533 127 128 -1 -2 
80 79 106 222 107 110 116 891 127 128 -1 -2 
80 80 106 110 107 127 110 116 127 128 -1 -2 
80 80 106 110 107 110 128 116 127 128 -1 -2 
80 80 106 110 107 110 128 116 127 128 -1 -2 
329 459 637 672 741 765 792 816 876 952 -1 -2 
70 80 122 106 107 537 110 116 127 128 -1 -2 
80 291 106 574 107 747 110 116 127 128 -1 -2 
80 106 106 107 110 127 116 127 877 128 -1 -2 
80 106 107 107 110 116 128 127 128 980 -1 -2 
80 80 107 106 107 127 110 116 127 128 -1 -2 
80 2 107 79 116 127 128 704 757 986 -1 -2 
2 80 309 106 530 107 110 116 127 128 -1 -2 
80 80 106 107 110 127 116 127 825 128 -1 -2 
80 80 107 106 107 110 116 127 128 968 -1 -2 
26 178 189 223 426 463 498 580 699 880 -1 -2 
80 80 106 107 116 110 116 491 127 128 -1 -2 
8 80 215 106 107 356 110 116 127 128 -1 -2 
70 108 109 122 125 739 821 871 886 999 -1 -2 
80 106 106 110 107 127 110 116 127 128 -1 -2 
80 139 106 107 110 823 116 904 127 128 -1 -2 
80 109 106 107 472 110 116 630 127 128 -1 -2 
104 80 124 106 107 110 116 912 127 128 -1 -2 
80 80 106 107 110 127 116 127 954 128 -1 -2 
80 70 107 109 122 125 128 772 810 922 -1 -2 
80 106 107 110 110 116 127 128 644 871 -1 -2 
21 80 132 106 107 183 110 116 127 128 -1 -2 
80 106 106 110 107 110 116 673 127 128 -1 -2 
2 106 79 110 116 127 128 610 633 807 -1 -2 
104 115 107 124 116 127 128 645 742 886 -1 -2 
27 80 186 106 250 107 110 116 127 128 -1 -2 
70 232 109 475 122 780 125 911 934 973 -1 -2 
238 282 319 322 376 505 608 874 880 911 -1 -2 
80 80 107 106 107 127 110 116 127 128 -1 -2 
80 106 95 107 137 110 116 607 127 128 -1 -2 
80 106 122 107 116 110 128 116 127 128 -1 -2 
80 106 106 107 116 110 116 566 127 128 -1 -2 
70 80 122 106 530 107 110 116 127 128 -1 -2 
80 80 107 106 107 127 110 116 127 128 -1 -2 
80 104 107 115 124 127 128 693 918 972 -1 -2 
80 106 106 110 107 127 110 116 127 128 -1 -2 
80 106 107 110 326 116 127 726 128 866 -1 -2 
70 80 122 106 116 107 110 116 127 128 -1 -2 
80 106 107 107 116 110 128 116 127 128 -1 -2 
80 106 107 107 116 110 128 116 127 128 -1 -2 
80 106 107 110 116 116 128 127 128 943 -1 -2 
221 80 314 106 572 107 110 116 127 128 -1 -2 
104 115 107 124 116 127 128 656 951 996 -1 -2 
80 109 106 107 367 110 652 116 127 128 -1 -2 
80 80 106 110 107 127 110 116 127 128 -1 -2 
80 106 106 110 107 127 110 116 127 128 -1 -2 
70 115 109 122 125 809 892 919 923 928 -1 -2 
70 109 107 122 116 125 128 841 887 978 -1 -2 
80 80 107 106 116 107 110 116 127 128 -1 -2 
70 70 109 125 122 127 125 726 733 907 -1 -2 
130 80 324 106 624 107 110 116 127 128 -1 -2 
80 92 106 107 110 452 116 654 127 128 -1 -2 
80 106 93 107 154 110 116 127 128 998 -1 -2 
2 79 124 301 559 751 760 766 931 940 -1 -2 
80 106 107 110 116 116 127 765 128 955 -1 -2 
80 106 263 107 631 110 810 116 127 128 -1 -2 
80 428 106 649 107 751 110 116 127 128 -1 -2 
120 196 358 368 434 501 687 710 891 989 -1 -2 
80 106 107 110 110 127 116 127 128 861 -1 -2 
80 106 107 110 110 116 127 871 128 928 -1 -2 
80 80 106 107 116 110 116 127 807 128 -1 -2 
2 80 106 125 107 531 110 116 127 128 -1 -2 
101 135 189 254 517 594 642 729 942 948 -1 -2 
80 106 107 110 116 456 127 128 763 979 -1 -2 
70 70 122 109 122 125 641 711 712 772 -1 -2 
80 106 107 107 110 127 116 127 128 949 -1 -2 
70 109 122 110 125 127 128 772 893 918 -1 -2 
70 186 109 325 122 125 427 488 613 712 -1 -2 
80 106 273 107 110 675 116 720 127 128 -1 -2 
17 72 231 397 463 507 668 798 835 996 -1 -2 
80 80 107 106 116 107 110 116 127 128 -1 -2 
80 105 106 189 107 110 576 116 127 128 -1 -2 
80 80 106 107 110 127 116 590 127 128 -1 -2 
70 80 122 106 107 110 128 116 127 128 -1 -2 
80 80 106 110 107 110 116 690 127 128 -1 -2 
19 319 330 420 652 788 801 852 898 963 -1 -2 
80 80 107 106 116 107 110 116 127 128 -1 -2 
80 106 107 110 110 127 116 417 127 128 -1 -2 
80 80 107 106 116 107 110 116 127 128 -1 -2 
80 79 106 386 107 110 116 127 828 128 -1 -2 
80 106 207 107 397 110 116 747 127 128 -1 -2 
2 106 79 110 116 127 128 904 953 978 -1 -2 
70 80 122 106 107 110 621 116 127 128 -1 -2 
80 80 106 107 116 110 116 764 127 128 -1 -2 
95 70 109 122 125 746 810 864 918 960 -1 -2 
104 80 106 107 116 110 128 116 127 128 -1 -2 
80 70 107 109 122 127 125 740 805 949 -1 -2 
52 250 251 301 339 413 534 547 663 949 -1 -2 
80 80 107 106 107 127 110 116 127 128 -1 -2 
70 70 122 109 449 122 125 618 690 972 -1 -2 
145 80 435 106 451 107 110 116 127 128 -1 -2 
70 70 122 109 116 122 125 924 933 980 -1 -2 
80 80 107 106 116 107 110 116 127 128 -1 -2 
80 115 106 107 116 110 116 623 127 128 -1 -2 
185 223 395 486 497 554 576 656 715 833 -1 -2 
80 80 107 106 107 127 110 116 127 128 -1 -2 
80 109 106 107 116 110 116 127 128 965 -1 -2 
69 70 109 122 125 621 626 697 811 883 -1 -2 
80 106 107 107 116 110 128 116 127 128 -1 -2 
80 106 106 110 107 127 110 116 127 128 -1 -2 
45 109 71 125 87 502 682 747 896 988 -1 -2 
80 79 106 107 110 116 454 127 592 128 -1 -2 
70 80 122 106 116 107 110 116 127 128 -1 -2 
70 80 106 107 116 110 128 116 127 128 -1 -2 
80 106 107 107 110 127 116 127 899 128 -1 -2 
70 70 109 122 125 127 128 785 799 816 -1 -2 
70 80 122 106 107 127 110 116 127 128 -1 -2 
80 80 107 106 107 127 110 116 127 128 -1 -2 
80 2 79 110 116 127 128 743 891 914 -1 -2 
80 45 107 71 87 127 128 781 844 967 -1 -2 
80 106 107 110 116 127 127 128 930 959 -1 -2 
80 106 106 110 107 127 110 116 127 128 -1 -2 
70 109 122 125 116 127 128 739 756 1000 -1 -2 
80 106 107 110 110 116 127 128 938 974 -1 -2 
80 106 107 107 110 127 116 819 127 128 -1 -2 
80 80 106 110 107 110 128 116 127 128 -1 -2 
80 80 106 107 116 110 116 127 128 762 -1 -2 
70 109 122 125 328 405 420 469 588 857 -1 -2 
70 109 109 122 308 125 658 929 940 980 -1 -2 
80 106 106 107 116 110 128 116 127 128 -1 -2 
45 80 87 106 467 107 110 116 127 128 -1 -2 
80 80 106 110 107 127 110 116 127 128 -1 -2 
80 106 107 110 110 116 127 671 128 940 -1 -2 
80 80 106 107 110 127 116 127 912 128 -1 -2 
104 115 124 125 116 127 128 671 749 841 -1 -2 
80 80 107 106 107 127 110 116 127 128 -1 -2 
80 80 107 106 107 127 110 116 127 128 -1 -2 
80 106 107 307 110 116 127 128 938 953 -1 -2 
53 70 109 122 625 125 787 824 841 905 -1 -2 
184 80 287 106 107 552 110 116 127 128 -1 -2 
80 2 107 79 116 127 128 932 953 977 -1 -2 
247 80 588 106 649 107 110 116 127 128 -1 -2 
80 80 107 106 107 110 128 116 127 128 -1 -2 
80 106 107 110 89 116 127 381 128 845 -1 -2 
80 106 107 110 110 116 128 127 128 926 -1 -2 
80 106 107 110 116 127 128 860 935 940 -1 -2 
80 106 106 110 107 127 110 116 127 128 -1 -2 
80 106 106 110 107 127 110 116 127 128 -1 -2 
80 393 106 571 107 619 110 116 127 128 -1 -2 
105 80 106 400 107 515 110 116 127 128 -1 -2 
80 106 107 125 110 730 116 127 851 128 -1 -2 
80 106 563 107 698 110 779 116 127 128 -1 -2 
80 106 107 110 110 127 116 871 127 128 -1 -2 
24 80 106 267 107 110 551 116 127 128 -1 -2 
80 80 106 110 107 110 128 116 127 128 -1 -2 
229 80 106 466 107 110 679 116 127 128 -1 -2 
70 106 109 110 122 125 128 734 791 857 -1 -2 
80 2 79 110 116 127 128 769 782 906 -1 -2 
70 70 122 109 116 122 125 696 786 839 -1 -2 
80 106 107 107 116 110 128 116 127 128 -1 -2 
16 104 76 115 542 124 668 807 889 982 -1 -2 
80 80 107 106 107 127 110 116 127 128 -1 -2 
70 80 106 107 110 116 127 128 937 967 -1 -2 
80 79 106 416 107 110 116 127 748 128 -1 -2 
80 2 79 110 116 127 128 507 647 669 -1 -2 
80 106 107 107 116 110 116 127 806 128 -1 -2 
80 109 106 107 419 110 678 116 127 128 -1 -2 
80 109 106 107 116 110 116 754 127 128 -1 -2 
113 2 79 556 617 666 784 812 908 960 -1 -2 
11 70 109 209 122 528 125 740 887 900 -1 -2 
80 106 107 110 116 116 128 127 128 882 -1 -2 
80 243 106 509 107 768 110 116 127 128 -1 -2 
80 106 107 110 116 127 127 128 866 934 -1 -2 
80 106 106 110 107 127 110 116 127 128 -1 -2 
70 80 122 106 373 107 110 116 127 128 -1 -2 
70 2 122 79 116 127 128 888 984 992 -1 -2 
80 106 106 107 110 127 116 750 127 128 -1 -2 
70 109 122 110 125 127 128 553 616 846 -1 -2 
70 109 122 110 125 127 128 700 820 884 -1 -2 
80 80 107 106 107 110 128 116 127 128 -1 -2 
80 106 106 107 116 110 128 116 127 128 -1 -2 
80 80 107 106 107 110 128 116 127 128 -1 -2 
80 80 106 110 107 127 110 116 127 128 -1 -2 
104 109 115 125 124 127 128 713 766 996 -1 -2 
80 80 106 110 107 110 116 712 127 128 -1 -2 
70 109 122 125 116 127 128 790 868 885 -1 -2 
70 70 109 122 125 580 659 759 773 902 -1 -2 
2 79 79 203 215 563 658 716 735 806 -1 -2 
134 70 109 488 122 512 125 584 835 957 -1 -2 
80 80 106 110 107 127 110 116 127 128 -1 -2 
25 84 119 233 326 482 556 743 889 992 -1 -2 
80 106 106 110 107 127 110 116 127 128 -1 -2 
80 109 106 125 107 110 116 127 756 128 -1 -2 
125 70 109 470 122 125 699 867 902 977 -1 -2 
80 80 106 110 107 110 128 116 127 128 -1 -2 
70 80 122 106 255 107 110 116 127 128 -1 -2 
80 80 106 110 107 110 128 116 127 128 -1 -2 
80 106 106 110 107 127 110 116 127 128 -1 -2 
80 115 106 107 110 497 116 127 128 975 -1 -2 
65 80 106 107 110 422 116 127 867 128 -1 -2 
2 80 177 106 107 110 116 850 127 128 -1 -2 
80 109 106 125 107 356 110 116 127 128 -1 -2 
80 106 106 107 110 116 127 834 128 1000 -1 -2 
104 80 124 106 377 107 110 116 127 128 -1 -2 
80 106 107 531 110 116 127 128 746 781 -1 -2 
2 80 106 223 107 408 110 116 127 128 -1 -2 
70 106 109 110 122 125 128 694 786 887 -1 -2 
80 91 106 365 107 540 110 116 127 128 -1 -2 
70 80 122 106 107 110 703 116 127 128 -1 -2 
80 48 106 199 107 110 116 127 128 960 -1 -2 
2 106 79 110 116 127 128 665 888 894 -1 -2 
70 80 106 107 116 110 128 116 127 128 -1 -2 
80 106 106 107 110 127 116 625 127 128 -1 -2 
13 80 180 106 107 352 110 116 127 128 -1 -2 
80 106 107 107 116 110 116 407 127 128 -1 -2 
70 109 107 122 125 127 128 626 731 860 -1 -2 
80 172 106 107 348 110 116 127 716 128 -1 -2 
80 80 107 106 116 107 110 116 127 128 -1 -2 
70 109 122 125 581 610 620 726 826 873 -1 -2 
80 80 106 107 110 116 127 666 128 974 -1 -2 
70 106 109 110 122 125 128 686 792 916 -1 -2 
80 109 106 125 107 608 110 116 127 128 -1 -2 
80 80 106 110 107 127 110 116 127 128 -1 -2 
198 70 325 109 557 122 125 822 842 907 -1 -2 
104 70 124 109 122 500 125 527 717 825 -1 -2 
80 80 106 110 107 127 110 116 127 128 -1 -2 
80 80 106 107 110 116 127 128 883 892 -1 -2 
80 106 107 107 110 116 128 127 128 930 -1 -2 
70 104 122 115 124 127 128 780 913 962 -1 -2 
80 106 106 107 116 110 128 116 127 128 -1 -2 
80 80 107 106 116 107 110 116 127 128 -1 -2 
113 70 109 399 122 676 125 703 783 833 -1 -2 
70 109 122 125 116 127 128 822 874 914 -1 -2 
80 70 109 122 116 125 128 676 745 783 -1 -2 
80 70 107 109 122 127 125 637 708 971 -1 -2 
80 106 107 110 116 116 128 127 128 853 -1 -2 
80 106 107 110 116 116 127 128 730 733 -1 -2 
70 109 107 122 116 125 128 722 794 890 -1 -2 
2 79 107 110 116 127 128 789 848 880 -1 -2 
70 106 109 122 125 127 128 753 770 872 -1 -2 
80 2 107 79 116 127 128 712 755 860 -1 -2 
279 80 477 106 594 107 110 116 127 128 -1 -2 
89 104 126 313 346 379 447 517 778 856 -1 -2 
80 80 106 110 107 110 116 127 958 128 -1 -2 
70 104 122 115 236 124 531 558 705 908 -1 -2 
70 2 122 79 412 676 726 750 926 936 -1 -2 
80 70 109 122 125 127 128 750 781 862 -1 -2 
24 80 227 106 107 713 110 116 127 128 -1 -2 
80 106 106 107 110 127 116 721 127 128 -1 -2 
80 80 107 106 107 127 110 116 127 128 -1 -2 
180 70 273 109 122 615 125 655 753 917 -1 -2 
2 412 79 609 733 747 808 870 916 951 -1 -2 
70 80 106 107 116 110 128 116 127 128 -1 -2 
80 106 106 107 116 110 116 505 127 128 -1 -2 
80 80 107 106 116 107 110 116 127 128 -1 -2 
80 70 107 109 122 125 128 559 732 961 -1 -2 
80 106 107 107 110 127 116 127 128 890 -1 -2 
80 80 107 106 116 107 110 116 127 128 -1 -2 
70 80 106 125 107 731 110 116 127 128 -1 -2 
35 70 363 109 122 125 526 643 648 980 -1 -2 
80 106 107 107 116 110 128 116 127 128 -1 -2 
80 106 106 110 107 127 110 116 127 128 -1 -2 
80 80 107 106 116 107 110 116 127 128 -1 -2 
80 80 106 107 116 110 116 127 949 128 -1 -2 
80 80 107 106 107 127 110 116 127 128 -1 -2 
70 80 122 106 107 398 110 116 127 128 -1 -2 
80 80 107 106 107 110 128 116 127 128 -1 -2 
56 70 305 109 122 491 125 755 758 837 -1 -2 
80 80 106 107 116 110 128 116 127 128 -1 -2 
80 106 106 107 110 116 128 127 128 977 -1 -2 
80 106 106 110 107 110 116 127 128 950 -1 -2 
80 55 106 107 226 110 116 127 878 128 -1 -2 
80 106 107 107 110 127 116 708 127 128 -1 -2 
80 106 87 107 716 110 806 116 127 128 -1 -2 
70 109 105 122 544 125 593 662 891 960 -1 -2 
80 106 106 110 107 110 128 116 127 128 -1 -2 
80 106 107 110 116 116 127 619 128 744 -1 -2 
80 106 106 107 110 127 116 824 127 128 -1 -2 
80 80 107 106 116 107 110 116 127 128 -1 -2 
80 106 107 110 110 116 128 127 128 760 -1 -2 
80 106 107 107 110 127 116 930 127 128 -1 -2 
80 213 106 107 110 602 116 127 819 128 -1 -2 
80 106 107 234 110 116 505 127 128 998 -1 -2 
80 106 106 107 116 110 128 116 127 128 -1 -2 
80 106 107 107 116 110 116 815 127 128 -1 -2 
80 70 107 109 122 125 128 967 987 997 -1 -2 
80 80 106 107 110 127 116 127 551 128 -1 -2 
80 80 106 110 107 110 128 116 127 128 -1 -2 
80 109 106 125 107 110 611 116 127 128 -1 -2 
2 80 107 106 107 127 110 116 127 128 -1 -2 
70 109 109 122 116 125 128 602 842 867 -1 -2 
80 80 106 110 107 127 110 116 127 128 -1 -2 
80 106 106 107 110 127 116 127 128 770 -1 -2 
104 109 115 125 124 310 577 627 891 903 -1 -2 
80 106 107 107 110 127 116 599 127 128 -1 -2 
80 106 106 110 107 110 128 116 127 128 -1 -2 
80 106 107 125 110 116 128 127 128 884 -1 -2 
80 106 106 107 110 127 116 127 128 868 -1 -2 
70 80 122 106 485 107 110 116 127 128 -1 -2 
80 106 107 110 116 116 127 128 648 887 -1 -2 
80 109 106 125 107 110 116 127 128 936 -1 -2 
80 143 106 331 107 110 621 116 127 128 -1 -2 
4 80 60 106 107 526 110 116 127 128 -1 -2 
80 109 106 107 110 394 116 728 127 128 -1 -2 
80 80 106 110 107 110 116 127 870 128 -1 -2 
80 106 106 107 116 110 116 127 900 128 -1 -2 
70 80 106 107 116 110 128 116 127 128 -1 -2 
70 80 106 107 110 116 607 127 128 937 -1 -2 
80 2 107 79 116 127 128 823 888 971 -1 -2 
80 106 106 110 107 127 110 116 127 128 -1 -2 
80 80 106 110 107 127 110 116 127 128 -1 -2 
80 106 106 110 107 127 110 116 127 128 -1 -2 
80 106 106 107 116 110 116 127 718 128 -1 -2 
80 80 107 106 107 127 110 116 127 128 -1 -2 
80 109 106 107 116 110 116 127 128 893 -1 -2 
80 104 115 124 116 127 128 840 921 936 -1 -2 
70 109 107 122 116 125 128 489 870 975 -1 -2 
80 80 106 110 107 127 110 116 127 128 -1 -2 
2 79 107 110 116 127 128 571 748 992 -1 -2 
80 80 106 107 116 110 116 776 127 128 -1 -2 
70 80 106 125 107 528 110 116 127 128 -1 -2 
80 45 107 71 87 127 128 742 796 891 -1 -2 
80 80 106 107 116 110 128 116 127 128 -1 -2 
80 2 107 79 116 127 128 806 885 967 -1 -2 
106 80 106 388 107 110 116 616 127 128 -1 -2 
80 106 122 107 510 110 584 116 127 128 -1 -2 
70 115 109 599 122 125 753 761 854 952 -1 -2 
80 80 107 106 116 107 110 116 127 128 -1 -2 
80 80 107 106 107 110 128 116 127 128 -1 -2 
2 79 107 110 116 127 128 943 949 966 -1 -2 
80 79 106 107 110 366 116 550 127 128 -1 -2 
80 80 107 106 116 107 110 116 127 128 -1 -2 
70 80 122 106 107 127 110 116 127 128 -1 -2 
80 106 107 107 110 116 127 833 128 951 -1 -2 
116 142 308 330 477 479 647 668 670 859 -1 -2 
30 80 106 261 107 461 110 116 127 128 -1 -2 
80 243 106 443 107 110 116 127 782 128 -1 -2 
70 104 122 115 116 124 128 704 841 883 -1 -2 
80 70 109 122 125 127 128 731 935 981 -1 -2 
80 106 106 110 107 110 116 127 128 926 -1 -2 
2 106 79 110 116 127 128 665 752 936 -1 -2 
80 80 106 107 110 116 128 127 128 900 -1 -2 
80 80 106 110 107 110 128 116 127 128 -1 -2 
80 106 106 107 110 127 116 127 128 884 -1 -2 
93 80 106 187 107 110 541 116 127 128 -1 -2 
80 70 107 109 116 122 125 526 547 549 -1 -2 
80 71 106 107 390 110 651 116 127 128 -1 -2 
80 79 106 107 110 278 116 127 852 128 -1 -2 
70 80 106 125 107 127 110 116 127 128 -1 -2 
80 104 115 110 124 127 128 797 874 922 -1 -2 
80 80 106 107 116 110 128 116 127 128 -1 -2 
70 70 122 109 122 125 621 636 866 991 -1 -2 
80 70 107 109 122 125 128 822 847 848 -1 -2 
80 106 122 107 110 116 127 849 128 942 -1 -2 
80 70 109 122 125 127 128 736 807 969 -1 -2 
52 75 97 180 238 495 572 587 708 747 -1 -2 
49 70 208 109 122 125 732 809 819 852 -1 -2 
70 227 109 122 682 125 720 816 888 904 -1 -2 
