28 91 113 128 124 447 127 705 771 898 -1 -2 
28 28 69 123 448 128 750 846 850 941 -1 -2 
28 91 123 113 124 219 127 237 725 820 -1 -2 
28 69 69 123 763 128 939 944 949 981 -1 -2 
91 91 113 127 124 744 127 773 904 906 -1 -2 
28 28 123 69 123 128 531 702 783 833 -1 -2 
28 91 123 113 124 127 538 581 650 831 -1 -2 
28 69 69 128 123 594 128 736 795 920 -1 -2 
91 113 124 127 494 638 658 836 910 954 -1 -2 
28 91 123 113 124 658 127 790 808 885 -1 -2 
28 69 69 123 504 128 686 787 805 977 -1 -2 
28 28 123 69 338 123 128 827 961 971 -1 -2 
91 69 113 128 124 127 505 693 981 993 -1 -2 
91 113 113 127 124 597 127 725 859 922 -1 -2 
91 69 113 124 127 280 476 627 965 988 -1 -2 
91 113 123 124 296 127 515 553 700 984 -1 -2 
28 28 123 69 261 123 128 576 579 975 -1 -2 
91 113 113 127 124 127 735 736 764 798 -1 -2 
28 91 113 124 614 127 798 805 889 928 -1 -2 
91 69 113 124 127 321 368 406 787 910 -1 -2 
28 28 123 69 123 128 431 449 657 826 -1 -2 
28 91 113 128 124 506 127 712 717 912 -1 -2 
28 91 113 124 127 518 526 562 820 832 -1 -2 
28 69 123 123 128 673 738 746 960 985 -1 -2 
28 69 69 123 655 128 754 792 953 978 -1 -2 
28 91 113 128 124 127 529 762 824 950 -1 -2 
28 69 123 128 306 545 690 718 906 934 -1 -2 
28 69 123 123 128 680 698 771 970 983 -1 -2 
28 91 123 113 124 127 437 447 769 918 -1 -2 
28 91 113 124 655 127 771 814 889 937 -1 -2 
28 69 69 128 123 324 128 588 865 956 -1 -2 
28 28 123 69 123 128 311 651 776 934 -1 -2 
28 69 123 123 548 128 737 780 807 909 -1 -2 
28 91 113 128 124 553 127 600 756 801 -1 -2 
28 91 113 128 124 127 872 912 956 989 -1 -2 
28 69 69 128 123 128 658 661 767 877 -1 -2 
28 28 69 123 539 128 768 829 861 979 -1 -2 
91 113 123 124 404 127 679 781 813 822 -1 -2 
28 69 69 123 618 128 688 852 866 883 -1 -2 
28 91 113 124 127 382 464 722 843 916 -1 -2 
91 113 113 127 124 446 127 603 785 835 -1 -2 
91 113 123 124 127 752 760 826 914 971 -1 -2 
91 113 123 124 127 587 602 614 716 930 -1 -2 
28 28 69 128 123 128 839 854 865 893 -1 -2 
28 69 69 123 128 829 877 888 902 999 -1 -2 
28 91 113 124 127 447 745 825 874 876 -1 -2 
28 28 123 69 123 447 128 689 866 950 -1 -2 
28 28 69 128 123 128 367 588 622 764 -1 -2 
91 91 113 124 407 127 697 715 889 929 -1 -2 
28 69 123 123 128 426 514 583 670 996 -1 -2 
28 69 69 123 375 128 553 618 654 862 -1 -2 
91 113 124 128 127 549 623 731 782 948 -1 -2 
28 91 123 113 252 124 127 453 496 850 -1 -2 
28 28 123 69 123 425 128 804 854 983 -1 -2 
28 28 69 128 123 128 544 832 880 954 -1 -2 
28 69 69 128 123 128 783 828 862 883 -1 -2 
28 28 123 69 123 128 633 767 858 871 -1 -2 
91 113 113 124 127 578 588 834 873 933 -1 -2 
28 91 123 113 124 127 811 849 858 968 -1 -2 
28 69 69 128 123 385 128 627 656 805 -1 -2 
28 69 69 128 123 128 625 663 807 936 -1 -2 
28 28 69 123 587 128 616 746 747 967 -1 -2 
28 28 69 123 128 616 649 823 835 904 -1 -2 
28 69 69 123 128 380 436 632 817 889 -1 -2 
91 69 113 124 381 127 461 665 776 897 -1 -2 
28 28 123 69 123 128 753 790 877 977 -1 -2 
28 28 69 128 123 128 574 627 904 985 -1 -2 
91 113 123 124 300 127 574 583 701 798 -1 -2 
28 28 69 128 123 128 592 849 967 980 -1 -2 
28 28 123 69 398 123 128 851 894 958 -1 -2 
28 91 123 113 284 124 127 927 946 993 -1 -2 
28 28 123 69 476 123 128 813 899 1000 -1 -2 
28 28 123 69 454 123 128 848 934 966 -1 -2 
28 28 123 69 445 123 128 580 823 992 -1 -2 
28 69 123 123 128 658 766 971 984 986 -1 -2 
28 91 113 128 124 559 127 699 848 965 -1 -2 
28 91 123 113 670 124 127 960 965 973 -1 -2 
28 91 113 124 358 127 673 776 811 947 -1 -2 
28 69 123 128 581 654 814 854 942 977 -1 -2 
28 28 69 123 814 128 874 928 938 1000 -1 -2 
91 69 113 124 243 127 279 353 665 893 -1 -2 
28 69 123 123 128 681 737 866 921 966 -1 -2 
91 91 113 127 124 127 633 681 847 955 -1 -2 
28 69 123 128 128 369 442 462 591 701 -1 -2 
91 113 123 124 127 828 877 909 964 977 -1 -2 
91 69 113 128 124 127 628 636 830 914 -1 -2 
91 113 124 124 127 291 348 414 570 835 -1 -2 
91 113 113 127 124 127 491 499 867 954 -1 -2 
28 69 69 123 128 567 596 644 731 944 -1 -2 
28 91 123 113 124 593 127 815 902 909 -1 -2 
28 69 69 128 123 659 128 821 900 977 -1 -2 
28 69 69 123 128 696 732 923 947 996 -1 -2 
28 28 123 69 594 123 128 689 855 909 -1 -2 
91 113 113 127 124 838 127 863 960 993 -1 -2 
28 69 123 123 190 128 208 400 579 975 -1 -2 
28 69 123 128 128 572 610 650 727 864 -1 -2 
28 69 69 123 128 416 421 578 639 998 -1 -2 
28 69 123 128 217 311 540 636 692 932 -1 -2 
28 28 69 128 123 128 553 627 864 897 -1 -2 
28 28 69 123 344 128 574 584 832 899 -1 -2 
91 91 113 124 422 127 495 639 761 993 -1 -2 
91 113 124 124 127 652 731 745 846 954 -1 -2 
91 91 124 113 494 124 127 807 872 988 -1 -2 
91 91 124 113 462 124 127 784 896 958 -1 -2 
91 113 124 127 342 536 558 569 579 1000 -1 -2 
91 91 113 124 127 550 557 677 687 835 -1 -2 
91 91 113 127 124 451 127 534 570 989 -1 -2 
91 113 113 127 124 731 127 797 849 991 -1 -2 
91 113 113 127 124 337 127 391 721 845 -1 -2 
91 113 124 127 127 609 677 845 862 900 -1 -2 
91 91 113 127 124 616 127 846 927 943 -1 -2 
91 113 113 127 124 349 127 682 799 989 -1 -2 
91 91 113 124 127 641 658 836 935 951 -1 -2 
91 113 113 127 124 127 728 771 861 942 -1 -2 
91 91 113 127 124 324 127 708 860 930 -1 -2 
91 113 124 127 127 442 534 591 645 963 -1 -2 
91 113 124 127 127 371 535 885 915 926 -1 -2 
35 91 47 113 512 124 127 774 775 938 -1 -2 
91 91 113 127 124 700 127 806 903 952 -1 -2 
91 113 113 124 634 127 823 901 918 945 -1 -2 
91 113 124 127 127 700 702 729 750 924 -1 -2 
91 113 113 127 124 127 405 421 621 741 -1 -2 
91 91 113 124 221 127 338 710 714 830 -1 -2 
91 113 113 124 655 127 670 693 957 986 -1 -2 
91 113 113 124 388 127 540 707 770 875 -1 -2 
91 91 113 124 634 127 804 855 954 986 -1 -2 
91 91 124 113 124 609 127 889 892 925 -1 -2 
91 113 113 124 470 127 640 659 681 925 -1 -2 
91 91 113 124 127 516 809 822 836 927 -1 -2 
91 91 124 113 463 124 127 745 855 978 -1 -2 
91 91 113 127 124 127 735 750 886 923 -1 -2 
91 91 124 113 124 533 127 674 716 814 -1 -2 
91 113 124 124 127 616 626 737 800 915 -1 -2 
91 113 124 124 127 688 761 853 857 878 -1 -2 
86 126 47 90 307 604 622 889 890 934 -1 -2 
91 113 124 124 127 751 777 852 893 958 -1 -2 
91 91 124 113 124 127 709 740 742 985 -1 -2 
91 113 124 124 379 127 577 846 916 984 -1 -2 
91 91 113 127 124 624 127 825 932 966 -1 -2 
91 91 124 113 698 124 127 790 860 984 -1 -2 
91 91 124 113 124 730 127 850 865 919 -1 -2 
91 91 124 113 124 780 127 828 891 932 -1 -2 
86 126 124 127 194 235 431 493 611 830 -1 -2 
91 113 124 127 542 577 661 670 706 859 -1 -2 
91 113 124 124 127 373 485 673 860 869 -1 -2 
91 91 113 127 124 127 644 732 773 983 -1 -2 
91 113 124 127 127 536 736 842 946 960 -1 -2 
91 91 113 124 279 127 487 533 892 916 -1 -2 
91 91 113 124 247 127 759 891 907 970 -1 -2 
91 113 113 124 412 127 818 861 946 980 -1 -2 
91 91 113 124 573 127 705 808 903 920 -1 -2 
91 113 124 124 127 513 619 675 838 852 -1 -2 
91 86 126 127 741 765 792 816 876 952 -1 -2 
91 113 124 127 127 537 641 685 708 985 -1 -2 
91 91 124 113 124 747 127 877 913 978 -1 -2 
95 91 206 113 416 124 127 792 877 942 -1 -2 
91 113 124 127 345 378 516 963 974 980 -1 -2 
91 91 124 113 124 127 692 850 853 879 -1 -2 
91 113 113 124 425 127 674 704 757 986 -1 -2 
91 91 124 113 124 127 703 855 907 990 -1 -2 
91 91 124 113 124 127 666 672 825 982 -1 -2 
91 91 113 124 493 127 715 747 818 968 -1 -2 
91 113 113 124 127 463 498 580 699 880 -1 -2 
91 113 113 124 127 292 469 491 835 983 -1 -2 
91 113 113 127 124 127 436 519 606 645 -1 -2 
91 91 113 124 663 127 821 871 886 999 -1 -2 
91 91 124 113 124 127 675 680 818 849 -1 -2 
91 91 113 124 605 127 838 904 977 1000 -1 -2 
91 113 113 124 472 127 609 630 753 977 -1 -2 
91 91 124 113 575 124 127 912 946 954 -1 -2 
91 91 124 113 535 124 127 810 954 969 -1 -2 
91 113 113 127 124 127 650 772 810 922 -1 -2 
91 113 124 127 129 205 308 535 644 871 -1 -2 
91 113 124 124 127 183 315 333 392 567 -1 -2 
91 91 124 113 412 124 127 673 811 920 -1 -2 
91 91 124 113 124 127 515 610 633 807 -1 -2 
91 113 124 127 127 234 344 645 742 886 -1 -2 
91 113 124 127 250 283 725 735 795 963 -1 -2 
91 86 124 126 773 780 855 911 934 973 -1 -2 
91 91 124 113 376 124 127 874 880 911 -1 -2 
91 91 113 124 321 127 470 851 875 947 -1 -2 
91 113 124 127 127 352 553 607 645 853 -1 -2 
91 91 124 113 124 504 127 871 911 919 -1 -2 
91 91 124 113 263 124 127 566 710 747 -1 -2 
91 91 124 113 530 124 127 717 856 863 -1 -2 
91 113 93 124 196 127 293 316 402 468 -1 -2 
91 113 113 124 127 625 652 693 918 972 -1 -2 
91 91 113 127 124 127 789 810 845 879 -1 -2 
35 91 47 113 124 381 127 726 758 866 -1 -2 
91 91 113 124 127 364 424 808 875 908 -1 -2 
91 113 124 127 127 514 653 695 751 963 -1 -2 
91 91 124 113 124 513 127 665 890 931 -1 -2 
91 91 113 124 436 127 486 816 925 943 -1 -2 
91 113 113 124 572 127 650 716 868 988 -1 -2 
91 91 124 113 124 127 504 656 951 996 -1 -2 
91 91 124 113 124 557 127 658 673 805 -1 -2 
91 113 113 124 488 127 836 898 967 988 -1 -2 
91 91 113 124 127 578 740 801 816 896 -1 -2 
91 113 113 127 124 127 892 919 923 928 -1 -2 
91 91 124 113 124 127 812 841 887 978 -1 -2 
86 46 126 90 353 408 451 774 926 991 -1 -2 
253 86 281 126 437 575 719 726 733 907 -1 -2 
130 237 324 361 624 687 688 708 752 936 -1 -2 
77 35 46 47 330 90 499 654 661 685 -1 -2 
35 72 93 146 154 225 338 681 969 998 -1 -2 
98 35 207 46 47 751 90 766 931 940 -1 -2 
35 1 47 62 529 100 659 765 928 955 -1 -2 
70 250 263 630 631 774 810 868 877 937 -1 -2 
397 86 126 649 676 751 818 828 858 895 -1 -2 
120 196 358 368 434 501 687 710 891 989 -1 -2 
86 126 113 291 396 585 661 745 756 861 -1 -2 
207 227 331 407 468 619 738 871 914 928 -1 -2 
1 1 100 62 100 633 714 762 807 920 -1 -2 
35 46 47 400 90 531 676 807 856 930 -1 -2 
101 135 189 254 517 594 642 729 942 948 -1 -2 
32 85 83 182 349 456 622 673 763 979 -1 -2 
35 170 46 575 47 90 641 711 712 772 -1 -2 
35 86 126 90 541 668 720 795 879 949 -1 -2 
35 400 46 47 90 736 745 772 893 918 -1 -2 
34 186 291 325 335 402 427 488 613 712 -1 -2 
54 86 126 357 572 675 683 720 881 900 -1 -2 
1 62 62 397 100 507 668 798 835 996 -1 -2 
35 86 126 90 444 596 800 808 831 886 -1 -2 
92 105 182 189 361 525 576 713 863 910 -1 -2 
86 126 126 90 314 369 473 590 683 760 -1 -2 
131 35 229 46 47 615 90 788 873 875 -1 -2 
71 218 257 378 386 618 689 690 719 975 -1 -2 
19 35 46 420 47 788 90 852 898 963 -1 -2 
179 367 414 475 502 530 616 694 906 981 -1 -2 
86 126 47 90 194 302 403 417 651 708 -1 -2 
38 35 46 666 47 90 821 872 877 912 -1 -2 
32 91 297 386 464 478 494 615 828 872 -1 -2 
1 35 100 46 47 506 90 747 818 840 -1 -2 
184 35 46 587 47 666 90 904 953 978 -1 -2 
35 86 47 126 559 596 621 667 870 914 -1 -2 
86 35 401 46 47 636 90 764 935 991 -1 -2 
1 35 46 47 90 746 810 864 918 960 -1 -2 
35 62 46 47 90 556 833 883 967 997 -1 -2 
1 62 590 100 689 712 722 740 805 949 -1 -2 
86 46 126 90 339 413 534 547 663 949 -1 -2 
86 62 126 257 411 499 679 754 913 940 -1 -2 
86 126 281 406 449 525 611 618 690 972 -1 -2 
86 126 435 448 451 467 592 606 726 933 -1 -2 
158 35 517 46 47 747 90 924 933 980 -1 -2 
86 86 126 321 322 478 710 727 905 996 -1 -2 
35 35 46 47 90 578 593 623 638 686 -1 -2 
1 46 62 100 497 554 576 656 715 833 -1 -2 
35 86 47 126 360 710 870 908 977 1000 -1 -2 
86 126 47 90 523 595 718 721 777 965 -1 -2 
69 35 46 47 90 621 626 697 811 883 -1 -2 
19 35 295 46 47 90 628 817 919 925 -1 -2 
32 83 47 90 161 363 419 649 791 942 -1 -2 
40 79 143 279 461 502 682 747 896 988 -1 -2 
39 35 46 47 329 90 454 571 592 643 -1 -2 
86 78 126 533 618 628 804 889 910 995 -1 -2 
86 119 126 199 311 343 400 491 919 987 -1 -2 
35 46 396 47 475 90 779 871 899 951 -1 -2 
35 333 46 47 90 603 680 785 799 816 -1 -2 
35 153 46 47 528 90 713 782 884 931 -1 -2 
35 35 47 46 382 47 90 685 869 934 -1 -2 
1 106 62 303 100 580 612 743 891 914 -1 -2 
86 86 259 126 289 439 514 781 844 967 -1 -2 
196 315 346 455 544 614 698 707 930 959 -1 -2 
1 159 62 100 296 303 524 557 722 848 -1 -2 
61 35 46 47 90 361 411 739 756 1000 -1 -2 
35 86 126 90 133 166 544 699 938 974 -1 -2 
86 126 47 90 333 735 743 819 937 974 -1 -2 
89 86 126 324 522 623 650 852 866 940 -1 -2 
19 41 47 297 401 527 564 599 648 762 -1 -2 
1 34 62 198 100 405 420 469 588 857 -1 -2 
35 62 46 211 47 381 90 929 940 980 -1 -2 
35 86 126 90 572 645 738 883 921 958 -1 -2 
35 86 126 90 467 480 535 607 706 838 -1 -2 
35 86 126 90 296 382 726 733 836 971 -1 -2 
86 126 126 119 423 462 471 671 727 940 -1 -2 
86 202 126 448 472 599 676 768 912 995 -1 -2 
86 101 126 304 436 483 626 671 749 841 -1 -2 
35 86 126 90 718 736 751 878 936 1000 -1 -2 
35 86 47 126 353 568 598 874 896 977 -1 -2 
35 86 47 126 445 618 679 807 938 953 -1 -2 
53 1 62 458 100 705 787 824 841 905 -1 -2 
184 35 287 46 47 552 90 646 773 810 -1 -2 
35 46 153 47 691 90 921 932 953 977 -1 -2 
86 126 588 637 649 795 889 912 934 998 -1 -2 
35 86 47 126 420 754 785 830 837 996 -1 -2 
86 46 126 90 89 259 338 381 622 845 -1 -2 
204 237 268 273 298 571 603 737 766 926 -1 -2 
1 62 307 100 498 609 825 860 935 940 -1 -2 
86 174 126 630 675 699 715 840 851 921 -1 -2 
251 35 311 46 330 47 90 760 773 983 -1 -2 
86 62 126 571 596 619 634 655 821 912 -1 -2 
35 35 47 46 469 47 90 625 661 979 -1 -2 
86 46 126 90 685 730 736 761 851 893 -1 -2 
1 62 563 100 698 734 779 815 836 943 -1 -2 
1 1 62 100 724 761 796 871 959 965 -1 -2 
35 126 46 47 384 90 551 568 735 999 -1 -2 
35 92 46 47 90 581 744 773 794 915 -1 -2 
229 1 62 466 100 622 679 703 867 910 -1 -2 
1 86 126 298 348 398 478 734 791 857 -1 -2 
35 1 62 90 100 497 517 769 782 906 -1 -2 
9 22 104 203 243 327 368 696 786 839 -1 -2 
53 70 68 138 271 329 526 672 744 926 -1 -2 
35 53 68 90 542 580 668 807 889 982 -1 -2 
148 199 272 358 423 508 679 907 910 921 -1 -2 
35 105 46 47 704 90 858 906 937 967 -1 -2 
1 62 62 100 494 577 648 666 748 884 -1 -2 
70 94 201 212 219 299 489 507 647 669 -1 -2 
35 1 62 90 100 603 675 764 806 975 -1 -2 
86 224 332 416 419 573 678 770 853 949 -1 -2 
1 62 100 328 467 608 750 754 845 861 -1 -2 
1 249 62 100 617 666 784 812 908 960 -1 -2 
35 46 138 47 237 90 712 740 887 900 -1 -2 
68 179 201 251 253 375 668 809 850 882 -1 -2 
35 243 46 509 47 768 90 855 872 945 -1 -2 
28 1 117 62 100 527 588 793 866 934 -1 -2 
232 312 355 535 553 675 687 796 865 895 -1 -2 
55 35 257 46 47 384 90 691 902 932 -1 -2 
35 156 46 211 47 90 583 888 984 992 -1 -2 
50 1 211 62 537 100 726 750 766 910 -1 -2 
35 46 82 47 90 478 494 553 616 846 -1 -2 
7 123 140 230 506 513 533 700 820 884 -1 -2 
92 135 159 364 491 526 563 755 895 966 -1 -2 
134 35 295 46 459 47 90 660 703 797 -1 -2 
1 62 100 260 384 448 501 772 951 998 -1 -2 
35 35 47 46 47 90 572 581 629 731 -1 -2 
35 46 47 270 90 444 543 713 766 996 -1 -2 
17 35 46 381 47 661 90 712 895 993 -1 -2 
22 51 149 219 516 634 690 790 868 885 -1 -2 
138 231 364 378 450 580 659 759 773 902 -1 -2 
35 62 46 203 47 563 90 716 735 806 -1 -2 
35 1 47 62 496 100 519 584 835 957 -1 -2 
35 49 46 47 294 90 692 856 863 927 -1 -2 
35 35 47 46 326 47 90 743 889 992 -1 -2 
35 46 46 90 47 90 818 887 918 936 -1 -2 
97 1 62 271 100 607 640 721 756 870 -1 -2 
35 326 46 470 47 90 699 867 902 977 -1 -2 
35 46 47 520 90 567 641 679 770 937 -1 -2 
18 161 221 251 255 581 586 672 783 907 -1 -2 
35 35 47 46 47 90 930 966 990 995 -1 -2 
35 406 46 718 47 815 90 955 970 1000 -1 -2 
25 1 62 100 422 497 558 670 702 975 -1 -2 
35 46 46 90 47 90 825 852 867 983 -1 -2 
20 35 177 46 47 90 746 850 932 941 -1 -2 
32 83 47 90 300 356 406 616 670 735 -1 -2 
35 223 46 499 47 90 758 834 907 1000 -1 -2 
35 58 46 367 47 432 90 769 788 814 -1 -2 
156 35 46 531 47 673 90 717 746 781 -1 -2 
5 35 75 46 47 90 694 757 968 977 -1 -2 
24 35 46 47 414 90 578 694 786 887 -1 -2 
35 35 47 46 47 540 90 696 829 994 -1 -2 
35 35 46 90 47 538 90 731 774 962 -1 -2 
1 62 63 100 203 372 436 717 850 960 -1 -2 
1 35 100 46 47 572 90 665 888 894 -1 -2 
1 46 62 90 100 518 598 625 724 997 -1 -2 
102 35 46 270 47 511 90 625 716 738 -1 -2 
13 36 180 269 329 352 457 559 600 851 -1 -2 
35 35 46 90 47 90 372 407 486 982 -1 -2 
65 1 212 62 473 100 604 626 731 860 -1 -2 
96 172 195 338 348 373 470 489 716 852 -1 -2 
152 35 46 305 47 446 90 599 666 903 -1 -2 
109 35 46 47 90 610 620 726 826 873 -1 -2 
1 35 46 47 90 443 547 666 736 974 -1 -2 
1 285 62 474 100 570 599 686 792 916 -1 -2 
131 174 262 408 499 608 734 830 838 999 -1 -2 
56 109 428 548 614 639 658 743 809 866 -1 -2 
32 83 47 90 557 625 732 822 842 907 -1 -2 
85 1 62 100 302 500 520 527 717 825 -1 -2 
35 35 46 90 47 715 90 820 966 976 -1 -2 
35 200 46 47 90 650 703 727 883 892 -1 -2 
13 38 181 316 529 569 637 827 929 930 -1 -2 
99 201 303 323 488 603 696 780 913 962 -1 -2 
35 35 46 47 90 227 629 643 718 958 -1 -2 
35 100 46 329 47 90 662 765 826 926 -1 -2 
35 46 47 399 90 676 692 703 783 833 -1 -2 
122 218 336 364 588 594 667 822 874 914 -1 -2 
35 46 47 214 90 612 626 676 745 783 -1 -2 
17 35 46 233 47 90 505 637 708 971 -1 -2 
35 46 47 242 90 667 744 817 850 853 -1 -2 
281 338 410 589 598 613 701 716 730 733 -1 -2 
1 62 374 100 602 613 694 722 794 890 -1 -2 
35 87 91 203 317 403 757 789 848 880 -1 -2 
1 193 298 343 395 408 538 753 770 872 -1 -2 
306 358 559 574 617 696 710 712 755 860 -1 -2 
35 35 47 46 47 90 760 791 820 997 -1 -2 
35 46 47 90 346 379 447 517 778 856 -1 -2 
157 35 199 46 337 47 90 881 958 962 -1 -2 
127 129 137 170 236 394 531 558 705 908 -1 -2 
35 46 46 90 47 676 90 750 926 936 -1 -2 
1 183 62 288 100 621 737 750 781 862 -1 -2 
24 43 227 265 451 713 867 877 949 955 -1 -2 
53 35 432 46 527 47 90 721 847 868 -1 -2 
73 122 311 530 584 731 759 862 945 982 -1 -2 
180 272 273 444 602 615 624 655 753 917 -1 -2 
1 412 62 609 100 747 808 870 916 951 -1 -2 
32 46 83 90 447 505 547 557 580 670 -1 -2 
35 35 46 90 47 407 90 505 543 837 -1 -2 
35 35 47 46 387 47 90 531 611 768 -1 -2 
52 1 62 215 100 438 450 559 732 961 -1 -2 
227 437 448 472 519 530 623 802 854 890 -1 -2 
158 35 395 46 516 47 90 887 978 990 -1 -2 
1 139 62 100 507 731 896 898 934 998 -1 -2 
35 338 363 404 444 448 526 643 648 980 -1 -2 
1 32 100 83 460 584 739 795 885 911 -1 -2 
35 39 58 424 431 455 524 584 675 919 -1 -2 
40 74 76 267 278 441 664 679 733 881 -1 -2 
1 206 62 100 468 699 715 851 949 966 -1 -2 
4 481 484 615 638 662 689 723 871 978 -1 -2 
1 62 250 100 373 398 526 735 863 891 -1 -2 
27 1 62 100 453 545 557 612 757 953 -1 -2 
56 183 305 412 481 491 659 755 758 837 -1 -2 
430 540 637 674 676 693 703 847 863 876 -1 -2 
113 188 376 390 681 799 938 941 945 977 -1 -2 
62 88 155 210 259 661 796 817 923 950 -1 -2 
7 55 59 172 226 313 536 564 878 893 -1 -2 
1 290 62 100 365 398 478 708 738 903 -1 -2 
1 62 590 100 716 738 806 911 979 996 -1 -2 
10 33 105 191 544 554 593 662 891 960 -1 -2 
115 196 216 301 466 530 673 694 729 940 -1 -2 
1 62 100 427 584 595 602 619 711 744 -1 -2 
18 293 296 523 537 681 709 824 856 961 -1 -2 
1 62 117 100 262 313 372 470 588 805 -1 -2 
41 107 228 416 442 528 584 656 661 760 -1 -2 
203 348 376 410 451 468 735 930 960 1000 -1 -2 
128 1 62 100 489 602 743 754 819 951 -1 -2 
22 173 226 234 366 440 505 760 778 998 -1 -2 
63 80 92 228 236 581 613 703 806 922 -1 -2 
112 1 330 62 100 542 729 815 820 841 -1 -2 
300 464 568 660 687 842 858 967 987 997 -1 -2 
32 51 174 181 225 427 449 472 551 717 -1 -2 
15 36 117 273 324 538 584 673 712 904 -1 -2 
1 32 100 83 573 592 611 652 778 873 -1 -2 
108 115 134 142 299 628 757 836 898 988 -1 -2 
173 1 316 62 100 471 601 602 842 867 -1 -2 
198 251 385 525 572 595 630 663 693 861 -1 -2 
91 156 204 320 350 497 560 677 727 770 -1 -2 
1 62 100 150 305 310 577 627 891 903 -1 -2 
47 1 62 334 100 526 561 599 866 902 -1 -2 
37 62 85 256 328 352 611 616 627 780 -1 -2 
32 83 100 394 450 569 625 654 700 884 -1 -2 
1 140 62 100 724 726 755 760 771 868 -1 -2 
75 97 142 355 485 556 562 635 725 779 -1 -2 
21 114 131 156 451 454 547 568 648 887 -1 -2 
1 341 62 100 665 789 912 914 935 936 -1 -2 
1 62 100 331 405 464 621 674 692 866 -1 -2 
4 55 60 210 368 526 632 645 820 860 -1 -2 
51 65 100 267 342 394 395 728 740 921 -1 -2 
20 316 354 408 421 466 484 510 870 963 -1 -2 
1 223 62 100 387 833 849 891 900 906 -1 -2 
1 62 99 100 290 390 462 817 894 987 -1 -2 
70 159 365 429 525 603 607 684 816 937 -1 -2 
21 157 212 279 560 693 793 823 888 971 -1 -2 
18 91 114 339 356 389 521 594 912 941 -1 -2 
39 95 222 226 254 357 748 849 896 993 -1 -2 
35 85 121 312 393 804 842 868 922 998 -1 -2 
1 62 100 264 353 437 438 483 718 907 -1 -2 
190 315 420 483 490 511 553 726 810 901 -1 -2 
58 64 268 335 451 492 534 610 845 893 -1 -2 
345 398 409 462 686 761 772 840 921 936 -1 -2 
27 163 185 219 221 321 400 489 870 975 -1 -2 
186 343 664 681 737 790 811 865 866 950 -1 -2 
205 1 357 62 434 100 475 571 748 992 -1 -2 
62 86 281 378 398 584 697 776 833 884 -1 -2 
171 1 62 335 100 528 549 621 655 938 -1 -2 
72 327 407 475 571 612 649 742 796 891 -1 -2 
1 1 62 537 100 770 895 901 908 929 -1 -2 
28 126 193 257 318 523 755 806 885 967 -1 -2 
1 62 271 100 478 490 510 616 722 806 -1 -2 
10 1 309 62 100 578 584 632 870 952 -1 -2 
121 156 255 599 623 647 753 761 854 952 -1 -2 
15 1 260 62 483 100 520 764 883 957 -1 -2 
11 13 169 209 221 640 747 856 958 985 -1 -2 
75 121 343 405 606 662 835 943 949 966 -1 -2 
36 70 95 206 325 366 447 550 709 882 -1 -2 
1 350 62 100 521 701 705 777 785 843 -1 -2 
47 1 62 231 100 309 359 504 806 844 -1 -2 
10 18 85 158 501 656 664 833 898 951 -1 -2 
116 142 308 330 477 479 647 668 670 859 -1 -2 
32 83 200 261 340 461 556 587 663 706 -1 -2 
100 1 258 62 547 100 748 768 782 893 -1 -2 
85 1 62 454 100 695 702 704 841 883 -1 -2 
179 367 471 672 674 679 700 731 935 981 -1 -2 
32 26 83 306 342 421 606 701 860 926 -1 -2 
54 62 331 361 376 444 601 665 752 936 -1 -2 
96 132 483 516 581 614 658 750 753 900 -1 -2 
197 218 448 508 517 608 694 727 746 988 -1 -2 
1 62 100 398 522 595 691 717 835 884 -1 -2 
93 145 185 187 215 454 541 825 868 932 -1 -2 
56 127 231 255 285 329 339 526 547 549 -1 -2 
62 103 346 362 390 449 651 669 675 822 -1 -2 
1 126 62 197 100 278 691 769 852 853 -1 -2 
1 62 100 267 361 379 391 626 636 662 -1 -2 
8 203 207 313 570 695 750 797 874 922 -1 -2 
1 191 62 323 100 627 661 777 885 928 -1 -2 
1 316 62 100 471 482 621 636 866 991 -1 -2 
94 1 62 100 713 733 808 822 847 848 -1 -2 
1 400 62 100 650 705 776 849 927 942 -1 -2 
32 83 259 345 504 568 670 736 807 969 -1 -2 
52 75 97 180 238 495 572 587 708 747 -1 -2 
49 32 83 410 490 657 732 809 819 852 -1 -2 
1 1 62 533 100 709 720 816 888 904 -1 -2 
