91 28 69 127 123 128 610 705 771 898 -1 -2 
28 69 69 128 123 670 128 846 850 941 -1 -2 
28 28 123 69 123 219 128 237 725 820 -1 -2 
91 28 69 123 128 923 939 944 949 981 -1 -2 
91 28 69 127 123 128 764 773 904 906 -1 -2 
91 28 69 127 123 463 128 702 783 833 -1 -2 
28 69 124 123 336 128 538 581 650 831 -1 -2 
35 28 69 123 128 594 695 736 795 920 -1 -2 
28 69 69 128 123 128 658 836 910 954 -1 -2 
28 113 69 127 123 658 128 790 808 885 -1 -2 
91 28 124 69 123 633 128 787 805 977 -1 -2 
28 113 69 123 128 446 816 827 961 971 -1 -2 
91 28 124 69 437 123 128 693 981 993 -1 -2 
28 28 69 128 123 128 607 725 859 922 -1 -2 
28 28 69 123 228 128 476 627 965 988 -1 -2 
28 28 123 69 296 123 128 553 700 984 -1 -2 
28 28 69 123 128 317 388 576 579 975 -1 -2 
28 69 69 128 123 584 128 736 764 798 -1 -2 
28 113 69 127 123 128 798 805 889 928 -1 -2 
28 28 123 69 123 321 128 406 787 910 -1 -2 
28 28 69 123 328 128 431 449 657 826 -1 -2 
28 69 124 123 128 506 657 712 717 912 -1 -2 
28 28 123 69 279 123 128 562 820 832 -1 -2 
91 28 124 69 310 123 128 746 960 985 -1 -2 
91 28 69 123 128 657 754 792 953 978 -1 -2 
28 28 123 69 412 123 128 762 824 950 -1 -2 
28 69 124 123 306 128 690 718 906 934 -1 -2 
28 69 123 127 128 680 698 771 970 983 -1 -2 
28 113 69 123 128 306 437 447 769 918 -1 -2 
91 28 124 69 123 128 771 814 889 937 -1 -2 
28 28 69 128 123 324 128 588 865 956 -1 -2 
28 113 69 127 123 128 311 651 776 934 -1 -2 
28 113 69 127 123 128 737 780 807 909 -1 -2 
86 28 124 69 123 553 128 600 756 801 -1 -2 
91 28 124 69 636 123 128 912 956 989 -1 -2 
91 28 124 69 573 123 128 661 767 877 -1 -2 
28 69 123 128 128 655 768 829 861 979 -1 -2 
28 69 123 123 404 128 679 781 813 822 -1 -2 
28 69 123 123 618 128 688 852 866 883 -1 -2 
28 69 69 128 123 128 464 722 843 916 -1 -2 
28 28 69 123 128 446 556 603 785 835 -1 -2 
86 28 69 123 128 752 760 826 914 971 -1 -2 
91 28 124 69 580 123 128 614 716 930 -1 -2 
91 28 124 69 123 828 128 854 865 893 -1 -2 
86 69 126 128 776 829 877 888 902 999 -1 -2 
28 69 69 128 123 447 128 825 874 876 -1 -2 
28 28 123 69 123 447 128 689 866 950 -1 -2 
28 69 123 128 153 361 367 588 622 764 -1 -2 
28 28 69 123 128 573 697 715 889 929 -1 -2 
28 28 69 128 123 128 514 583 670 996 -1 -2 
86 28 123 69 375 123 128 618 654 862 -1 -2 
28 28 123 69 123 549 128 731 782 948 -1 -2 
28 69 69 123 128 272 366 453 496 850 -1 -2 
35 28 69 123 417 128 543 804 854 983 -1 -2 
28 28 123 69 123 511 128 832 880 954 -1 -2 
86 69 126 128 595 767 783 828 862 883 -1 -2 
86 28 69 128 123 128 633 767 858 871 -1 -2 
28 69 123 123 128 578 588 834 873 933 -1 -2 
91 28 69 123 755 128 811 849 858 968 -1 -2 
28 69 123 123 128 385 614 627 656 805 -1 -2 
28 28 69 128 123 128 625 663 807 936 -1 -2 
28 69 124 123 128 601 616 746 747 967 -1 -2 
28 28 69 128 123 616 128 823 835 904 -1 -2 
28 28 123 69 123 380 128 632 817 889 -1 -2 
28 69 69 123 128 383 461 665 776 897 -1 -2 
28 113 69 127 123 439 128 790 877 977 -1 -2 
28 28 123 69 123 470 128 627 904 985 -1 -2 
28 28 69 123 128 347 574 583 701 798 -1 -2 
28 86 123 126 371 427 592 849 967 980 -1 -2 
28 28 123 69 398 123 128 851 894 958 -1 -2 
28 69 69 123 128 545 775 927 946 993 -1 -2 
28 69 123 123 476 128 786 813 899 1000 -1 -2 
28 28 69 128 123 128 767 848 934 966 -1 -2 
28 86 126 128 445 553 574 580 823 992 -1 -2 
28 69 69 128 123 658 128 971 984 986 -1 -2 
28 69 69 123 128 559 641 699 848 965 -1 -2 
28 28 69 128 123 725 128 960 965 973 -1 -2 
28 113 69 127 123 128 673 776 811 947 -1 -2 
28 113 69 127 123 128 814 854 942 977 -1 -2 
28 69 123 128 814 852 874 928 938 1000 -1 -2 
28 28 123 69 123 274 128 353 665 893 -1 -2 
28 69 123 127 128 681 737 866 921 966 -1 -2 
28 113 69 127 123 486 128 681 847 955 -1 -2 
28 69 69 123 128 369 442 462 591 701 -1 -2 
28 28 123 69 395 123 128 909 964 977 -1 -2 
28 69 123 128 128 617 628 636 830 914 -1 -2 
28 28 69 123 189 128 348 414 570 835 -1 -2 
28 28 69 123 403 128 491 499 867 954 -1 -2 
28 69 123 123 128 567 596 644 731 944 -1 -2 
91 28 69 123 128 593 696 815 902 909 -1 -2 
91 28 69 123 656 128 777 821 900 977 -1 -2 
28 28 123 69 123 696 128 923 947 996 -1 -2 
28 69 69 123 128 637 685 689 855 909 -1 -2 
86 126 123 128 652 838 856 863 960 993 -1 -2 
91 28 69 123 190 128 208 400 579 975 -1 -2 
28 69 69 128 123 572 128 650 727 864 -1 -2 
28 86 126 128 410 416 421 578 639 998 -1 -2 
28 28 123 69 217 123 128 636 692 932 -1 -2 
91 28 124 69 458 123 128 627 864 897 -1 -2 
28 113 69 123 344 128 574 584 832 899 -1 -2 
35 86 47 126 422 423 495 639 761 993 -1 -2 
91 113 113 124 127 652 731 745 846 954 -1 -2 
91 91 124 113 494 124 127 807 872 988 -1 -2 
91 113 124 124 462 127 705 784 896 958 -1 -2 
91 91 113 127 124 536 127 569 579 1000 -1 -2 
91 113 113 124 501 127 557 677 687 835 -1 -2 
91 91 124 113 124 127 479 534 570 989 -1 -2 
86 113 126 127 714 731 739 797 849 991 -1 -2 
91 113 124 127 256 337 371 391 721 845 -1 -2 
91 113 113 127 124 609 127 845 862 900 -1 -2 
86 126 126 127 531 616 695 846 927 943 -1 -2 
86 113 126 127 295 349 353 682 799 989 -1 -2 
91 91 124 113 124 641 127 836 935 951 -1 -2 
91 113 124 127 273 361 728 771 861 942 -1 -2 
86 86 126 127 302 324 566 708 860 930 -1 -2 
91 113 113 124 433 127 534 591 645 963 -1 -2 
91 91 113 124 127 371 535 885 915 926 -1 -2 
91 91 113 127 124 127 700 774 775 938 -1 -2 
91 91 124 113 124 127 795 806 903 952 -1 -2 
91 91 113 124 127 730 823 901 918 945 -1 -2 
91 126 113 127 124 127 702 729 750 924 -1 -2 
91 91 124 113 124 342 127 421 621 741 -1 -2 
91 91 113 124 221 127 338 710 714 830 -1 -2 
91 113 113 124 127 657 670 693 957 986 -1 -2 
91 91 124 113 388 124 127 707 770 875 -1 -2 
91 113 124 124 634 127 804 855 954 986 -1 -2 
86 113 126 127 596 609 864 889 892 925 -1 -2 
91 113 124 127 127 584 640 659 681 925 -1 -2 
91 86 126 127 476 516 809 822 836 927 -1 -2 
86 126 124 127 463 645 668 745 855 978 -1 -2 
91 113 124 127 440 705 735 750 886 923 -1 -2 
91 113 113 124 422 127 626 674 716 814 -1 -2 
91 86 126 127 549 616 626 737 800 915 -1 -2 
91 91 113 127 124 127 761 853 857 878 -1 -2 
91 86 124 126 307 604 622 889 890 934 -1 -2 
91 126 113 127 124 127 777 852 893 958 -1 -2 
86 91 113 124 127 702 709 740 742 985 -1 -2 
91 113 124 127 379 480 577 846 916 984 -1 -2 
91 113 124 124 543 127 677 825 932 966 -1 -2 
86 113 126 127 698 759 781 790 860 984 -1 -2 
91 86 126 127 172 730 739 850 865 919 -1 -2 
91 91 113 127 124 780 127 828 891 932 -1 -2 
86 126 124 127 194 235 431 493 611 830 -1 -2 
91 113 113 124 542 127 661 670 706 859 -1 -2 
91 91 124 113 124 373 127 673 860 869 -1 -2 
86 126 124 127 479 574 644 732 773 983 -1 -2 
91 91 124 113 124 536 127 842 946 960 -1 -2 
91 91 124 113 279 124 127 533 892 916 -1 -2 
86 126 124 127 247 398 759 891 907 970 -1 -2 
91 113 124 127 127 784 818 861 946 980 -1 -2 
91 113 124 127 573 701 705 808 903 920 -1 -2 
86 126 124 127 488 513 619 675 838 852 -1 -2 
91 113 113 124 741 127 792 816 876 952 -1 -2 
91 113 113 127 124 537 127 685 708 985 -1 -2 
91 91 113 124 651 127 806 877 913 978 -1 -2 
91 91 124 113 124 721 127 792 877 942 -1 -2 
86 91 113 127 124 378 127 963 974 980 -1 -2 
91 113 124 127 127 442 692 850 853 879 -1 -2 
91 113 124 124 425 127 674 704 757 986 -1 -2 
91 91 113 127 124 127 703 855 907 990 -1 -2 
91 113 124 124 276 127 666 672 825 982 -1 -2 
86 91 124 113 493 124 127 747 818 968 -1 -2 
35 91 113 90 124 463 127 580 699 880 -1 -2 
91 91 113 127 124 127 469 491 835 983 -1 -2 
86 86 126 127 300 356 436 519 606 645 -1 -2 
91 91 113 124 663 127 821 871 886 999 -1 -2 
91 126 113 127 124 612 127 680 818 849 -1 -2 
91 91 113 127 124 823 127 904 977 1000 -1 -2 
91 91 113 127 124 598 127 630 753 977 -1 -2 
86 126 124 127 575 638 879 912 946 954 -1 -2 
91 113 124 124 535 127 755 810 954 969 -1 -2 
91 91 113 124 570 127 650 772 810 922 -1 -2 
91 91 113 124 129 127 308 535 644 871 -1 -2 
91 91 124 113 124 127 315 333 392 567 -1 -2 
91 113 124 90 127 445 637 673 811 920 -1 -2 
91 91 124 113 409 124 127 610 633 807 -1 -2 
91 113 113 124 127 234 344 645 742 886 -1 -2 
91 91 124 113 250 124 127 735 795 963 -1 -2 
91 91 124 113 124 127 855 911 934 973 -1 -2 
86 126 124 127 376 505 608 874 880 911 -1 -2 
91 113 113 124 127 441 470 851 875 947 -1 -2 
91 91 124 113 137 124 127 607 645 853 -1 -2 
91 113 113 127 124 504 127 871 911 919 -1 -2 
91 113 124 127 127 404 526 566 710 747 -1 -2 
91 86 126 127 530 627 710 717 856 863 -1 -2 
91 91 124 113 124 127 293 316 402 468 -1 -2 
86 113 126 127 562 625 652 693 918 972 -1 -2 
91 113 113 127 124 691 127 810 845 879 -1 -2 
91 91 124 113 124 127 427 726 758 866 -1 -2 
91 86 126 127 243 364 424 808 875 908 -1 -2 
91 113 124 124 446 127 653 695 751 963 -1 -2 
91 113 113 127 124 127 556 665 890 931 -1 -2 
91 91 124 113 124 127 486 816 925 943 -1 -2 
91 113 124 127 127 609 650 716 868 988 -1 -2 
91 113 113 124 316 127 504 656 951 996 -1 -2 
91 113 124 127 127 557 652 658 673 805 -1 -2 
91 113 124 124 127 720 836 898 967 988 -1 -2 
91 86 124 126 346 578 740 801 816 896 -1 -2 
86 126 124 127 661 809 892 919 923 928 -1 -2 
91 91 113 124 127 737 812 841 887 978 -1 -2 
125 86 126 90 353 408 451 774 926 991 -1 -2 
86 126 281 394 437 575 719 726 733 907 -1 -2 
86 126 324 361 624 687 688 708 752 936 -1 -2 
35 86 47 126 330 452 499 654 661 685 -1 -2 
86 86 93 126 154 225 338 681 969 998 -1 -2 
86 126 47 90 559 751 760 766 931 940 -1 -2 
86 86 100 126 529 607 659 765 928 955 -1 -2 
86 126 263 630 631 774 810 868 877 937 -1 -2 
86 126 523 649 676 751 818 828 858 895 -1 -2 
86 126 358 368 434 501 687 710 891 989 -1 -2 
35 86 126 90 396 585 661 745 756 861 -1 -2 
86 86 126 407 468 619 738 871 914 928 -1 -2 
86 126 100 493 509 633 714 762 807 920 -1 -2 
86 126 47 90 495 531 676 807 856 930 -1 -2 
101 86 189 126 517 594 642 729 942 948 -1 -2 
86 126 87 182 349 456 622 673 763 979 -1 -2 
86 126 47 90 585 599 641 711 712 772 -1 -2 
86 62 126 90 541 668 720 795 879 949 -1 -2 
86 86 126 90 674 736 745 772 893 918 -1 -2 
86 86 291 126 335 402 427 488 613 712 -1 -2 
86 86 126 357 572 675 683 720 881 900 -1 -2 
35 86 126 90 463 507 668 798 835 996 -1 -2 
86 126 47 90 444 596 800 808 831 886 -1 -2 
86 126 47 90 361 525 576 713 863 910 -1 -2 
35 86 126 90 314 369 473 590 683 760 -1 -2 
86 86 47 126 264 615 767 788 873 875 -1 -2 
86 86 257 126 386 618 689 690 719 975 -1 -2 
86 32 83 90 652 788 801 852 898 963 -1 -2 
86 126 414 475 502 530 616 694 906 981 -1 -2 
86 126 126 90 194 302 403 417 651 708 -1 -2 
86 126 47 90 677 738 821 872 877 912 -1 -2 
32 35 46 47 90 478 494 615 828 872 -1 -2 
86 86 47 126 397 506 669 747 818 840 -1 -2 
35 86 126 90 657 666 791 904 953 978 -1 -2 
86 86 47 126 559 596 621 667 870 914 -1 -2 
86 126 126 90 582 636 674 764 935 991 -1 -2 
86 86 126 90 485 746 810 864 918 960 -1 -2 
86 126 126 90 484 556 833 883 967 997 -1 -2 
1 86 100 126 689 712 722 740 805 949 -1 -2 
86 86 47 126 339 413 534 547 663 949 -1 -2 
86 86 126 257 411 499 679 754 913 940 -1 -2 
86 126 126 406 449 525 611 618 690 972 -1 -2 
86 86 435 126 451 467 592 606 726 933 -1 -2 
86 86 126 90 630 747 897 924 933 980 -1 -2 
32 86 126 321 322 478 710 727 905 996 -1 -2 
86 86 126 90 329 578 593 623 638 686 -1 -2 
86 126 126 90 497 554 576 656 715 833 -1 -2 
86 35 46 90 47 90 870 908 977 1000 -1 -2 
86 126 126 90 523 595 718 721 777 965 -1 -2 
86 126 47 90 545 621 626 697 811 883 -1 -2 
86 86 126 90 424 498 628 817 919 925 -1 -2 
86 86 47 126 161 363 419 649 791 942 -1 -2 
86 126 143 279 461 502 682 747 896 988 -1 -2 
86 126 126 90 329 437 454 571 592 643 -1 -2 
86 86 171 126 618 628 804 889 910 995 -1 -2 
86 126 126 199 311 343 400 491 919 987 -1 -2 
35 86 126 90 475 525 779 871 899 951 -1 -2 
86 126 47 90 598 603 680 785 799 816 -1 -2 
86 126 126 90 528 619 713 782 884 931 -1 -2 
86 126 47 90 382 401 452 685 869 934 -1 -2 
86 86 126 303 544 580 612 743 891 914 -1 -2 
86 126 259 280 289 439 514 781 844 967 -1 -2 
86 86 346 126 544 614 698 707 930 959 -1 -2 
1 35 100 46 47 90 524 557 722 848 -1 -2 
86 46 126 90 207 361 411 739 756 1000 -1 -2 
35 86 47 126 133 166 544 699 938 974 -1 -2 
86 35 46 90 47 735 90 819 937 974 -1 -2 
86 86 126 324 522 623 650 852 866 940 -1 -2 
1 86 100 126 401 527 564 599 648 762 -1 -2 
86 126 126 198 328 405 420 469 588 857 -1 -2 
86 86 47 126 308 381 658 929 940 980 -1 -2 
86 126 126 90 572 645 738 883 921 958 -1 -2 
86 126 126 90 467 480 535 607 706 838 -1 -2 
86 86 47 126 296 382 726 733 836 971 -1 -2 
86 126 126 119 423 462 471 671 727 940 -1 -2 
86 126 126 448 472 599 676 768 912 995 -1 -2 
35 86 126 90 436 483 626 671 749 841 -1 -2 
86 126 126 90 718 736 751 878 936 1000 -1 -2 
86 126 47 90 353 568 598 874 896 977 -1 -2 
86 126 126 90 445 618 679 807 938 953 -1 -2 
86 86 126 458 625 705 787 824 841 905 -1 -2 
86 126 47 90 435 552 585 646 773 810 -1 -2 
86 86 126 90 691 892 921 932 953 977 -1 -2 
86 86 126 637 649 795 889 912 934 998 -1 -2 
86 86 47 126 420 754 785 830 837 996 -1 -2 
86 126 47 90 89 259 338 381 622 845 -1 -2 
86 126 47 90 298 571 603 737 766 926 -1 -2 
86 126 100 370 498 609 825 860 935 940 -1 -2 
86 86 126 630 675 699 715 840 851 921 -1 -2 
86 86 47 126 330 349 688 760 773 983 -1 -2 
86 86 126 571 596 619 634 655 821 912 -1 -2 
86 86 126 90 469 515 571 625 661 979 -1 -2 
35 86 47 126 685 730 736 761 851 893 -1 -2 
86 126 100 579 698 734 779 815 836 943 -1 -2 
86 86 126 711 724 761 796 871 959 965 -1 -2 
35 86 47 126 384 537 551 568 735 999 -1 -2 
1 86 126 90 579 581 744 773 794 915 -1 -2 
86 86 100 126 597 622 679 703 867 910 -1 -2 
86 126 100 298 348 398 478 734 791 857 -1 -2 
86 59 126 90 362 497 517 769 782 906 -1 -2 
53 22 68 203 243 327 368 696 786 839 -1 -2 
35 46 128 47 271 90 526 672 744 926 -1 -2 
35 53 68 90 542 580 668 807 889 982 -1 -2 
71 46 77 115 423 122 679 907 910 921 -1 -2 
35 105 46 47 704 90 858 906 937 967 -1 -2 
1 35 46 47 90 577 648 666 748 884 -1 -2 
1 94 62 100 219 299 489 507 647 669 -1 -2 
1 35 46 90 47 603 90 764 806 975 -1 -2 
35 46 332 47 90 573 678 770 853 949 -1 -2 
1 62 100 328 467 608 750 754 845 861 -1 -2 
1 35 100 46 617 47 90 812 908 960 -1 -2 
125 46 47 90 237 528 712 740 887 900 -1 -2 
68 32 83 251 253 375 668 809 850 882 -1 -2 
1 62 47 100 522 768 845 855 872 945 -1 -2 
1 35 100 46 388 47 90 793 866 934 -1 -2 
232 312 355 535 553 675 687 796 865 895 -1 -2 
55 35 257 46 47 384 90 691 902 932 -1 -2 
35 71 47 77 115 122 583 888 984 992 -1 -2 
35 35 46 47 537 90 726 750 766 910 -1 -2 
35 46 82 47 90 478 494 553 616 846 -1 -2 
35 123 46 47 90 513 533 700 820 884 -1 -2 
92 35 159 46 47 90 563 755 895 966 -1 -2 
35 46 46 90 47 90 637 660 703 797 -1 -2 
32 35 100 46 384 47 90 772 951 998 -1 -2 
35 35 47 46 47 90 572 581 629 731 -1 -2 
35 46 46 47 90 444 543 713 766 996 -1 -2 
35 46 47 90 90 661 706 712 895 993 -1 -2 
32 83 47 90 516 634 690 790 868 885 -1 -2 
32 231 83 378 450 580 659 759 773 902 -1 -2 
53 68 47 90 215 563 658 716 735 806 -1 -2 
35 62 46 90 47 512 90 584 835 957 -1 -2 
35 35 47 46 47 687 90 856 863 927 -1 -2 
35 46 46 90 47 90 556 743 889 992 -1 -2 
35 46 46 47 669 90 818 887 918 936 -1 -2 
1 35 100 46 47 90 640 721 756 870 -1 -2 
35 35 47 46 47 90 699 867 902 977 -1 -2 
35 46 46 47 558 90 641 679 770 937 -1 -2 
35 46 47 251 90 581 586 672 783 907 -1 -2 
35 35 47 46 47 90 930 966 990 995 -1 -2 
35 35 47 46 789 47 90 955 970 1000 -1 -2 
35 62 46 329 47 90 558 670 702 975 -1 -2 
32 83 47 90 332 422 825 852 867 983 -1 -2 
35 35 47 46 47 695 90 850 932 941 -1 -2 
1 125 100 90 300 356 406 616 670 735 -1 -2 
35 46 46 90 47 90 758 834 907 1000 -1 -2 
35 46 47 47 377 90 519 769 788 814 -1 -2 
125 83 47 90 536 673 703 717 746 781 -1 -2 
35 35 46 47 90 408 694 757 968 977 -1 -2 
35 1 62 90 100 538 578 694 786 887 -1 -2 
35 35 46 90 47 540 90 696 829 994 -1 -2 
35 35 46 90 47 538 90 731 774 962 -1 -2 
1 125 100 199 203 372 436 717 850 960 -1 -2 
35 35 47 46 47 572 90 665 888 894 -1 -2 
1 1 100 62 484 100 598 625 724 997 -1 -2 
35 32 47 83 341 511 594 625 716 738 -1 -2 
35 1 47 62 100 352 457 559 600 851 -1 -2 
35 35 46 90 47 90 372 407 486 982 -1 -2 
35 46 47 90 90 571 604 626 731 860 -1 -2 
96 172 195 338 348 373 470 489 716 852 -1 -2 
35 35 47 46 376 47 90 599 666 903 -1 -2 
109 35 46 47 90 610 620 726 826 873 -1 -2 
1 35 46 47 90 443 547 666 736 974 -1 -2 
35 46 100 47 90 570 599 686 792 916 -1 -2 
131 32 262 83 499 608 734 830 838 999 -1 -2 
32 46 83 90 614 639 658 743 809 866 -1 -2 
35 83 46 47 90 625 732 822 842 907 -1 -2 
32 62 83 255 302 500 520 527 717 825 -1 -2 
32 46 83 90 648 715 737 820 966 976 -1 -2 
35 35 46 90 47 650 90 727 883 892 -1 -2 
13 38 181 316 529 569 637 827 929 930 -1 -2 
1 62 47 100 488 603 696 780 913 962 -1 -2 
35 46 46 47 220 90 629 643 718 958 -1 -2 
35 46 46 47 90 464 662 765 826 926 -1 -2 
35 46 47 399 90 676 692 703 783 833 -1 -2 
35 46 46 90 47 594 90 822 874 914 -1 -2 
53 68 47 90 385 612 626 676 745 783 -1 -2 
35 125 47 90 394 463 505 637 708 971 -1 -2 
35 46 47 242 90 667 744 817 850 853 -1 -2 
281 338 410 589 598 613 701 716 730 733 -1 -2 
1 62 374 100 602 613 694 722 794 890 -1 -2 
35 87 46 47 317 90 757 789 848 880 -1 -2 
35 46 298 47 90 408 538 753 770 872 -1 -2 
306 35 559 46 617 47 90 712 755 860 -1 -2 
35 35 47 46 47 90 760 791 820 997 -1 -2 
35 125 47 90 346 379 447 517 778 856 -1 -2 
35 46 47 90 90 772 880 881 958 962 -1 -2 
32 35 46 170 47 394 90 558 705 908 -1 -2 
32 46 83 90 412 676 726 750 926 936 -1 -2 
35 62 46 288 47 90 737 750 781 862 -1 -2 
24 43 227 265 451 713 867 877 949 955 -1 -2 
125 46 47 90 527 601 635 721 847 868 -1 -2 
53 68 311 530 584 731 759 862 945 982 -1 -2 
180 35 46 47 90 615 624 655 753 917 -1 -2 
35 46 47 47 733 90 808 870 916 951 -1 -2 
32 35 47 46 447 47 90 557 580 670 -1 -2 
35 35 46 90 47 90 425 505 543 837 -1 -2 
35 46 46 90 47 424 90 531 611 768 -1 -2 
35 62 46 47 90 438 450 559 732 961 -1 -2 
227 35 46 472 47 90 623 802 854 890 -1 -2 
158 35 395 46 516 47 90 887 978 990 -1 -2 
1 62 100 427 507 731 896 898 934 998 -1 -2 
35 104 363 120 444 448 526 643 648 980 -1 -2 
32 125 100 287 460 584 739 795 885 911 -1 -2 
35 39 58 424 431 455 524 584 675 919 -1 -2 
1 1 100 62 100 441 664 679 733 881 -1 -2 
1 62 62 100 468 699 715 851 949 966 -1 -2 
4 481 484 615 638 662 689 723 871 978 -1 -2 
1 62 250 100 373 398 526 735 863 891 -1 -2 
1 32 83 377 453 545 557 612 757 953 -1 -2 
56 183 305 412 481 491 659 755 758 837 -1 -2 
430 540 637 674 676 693 703 847 863 876 -1 -2 
113 188 376 390 681 799 938 941 945 977 -1 -2 
62 88 155 210 259 661 796 817 923 950 -1 -2 
32 1 62 100 226 313 536 564 878 893 -1 -2 
1 290 62 100 365 398 478 708 738 903 -1 -2 
1 62 590 100 716 738 806 911 979 996 -1 -2 
10 33 105 191 544 554 593 662 891 960 -1 -2 
115 196 216 301 466 530 673 694 729 940 -1 -2 
1 71 100 77 115 595 122 619 711 744 -1 -2 
18 293 296 523 537 681 709 824 856 961 -1 -2 
1 62 117 100 262 313 372 470 588 805 -1 -2 
41 107 228 416 442 528 584 656 661 760 -1 -2 
203 348 376 410 451 468 735 930 960 1000 -1 -2 
128 1 62 100 489 602 743 754 819 951 -1 -2 
1 62 100 234 366 440 505 760 778 998 -1 -2 
32 80 83 228 236 581 613 703 806 922 -1 -2 
112 1 330 62 100 542 729 815 820 841 -1 -2 
300 32 568 83 687 842 858 967 987 997 -1 -2 
32 51 174 181 225 427 449 472 551 717 -1 -2 
32 36 83 273 324 538 584 673 712 904 -1 -2 
1 32 100 83 573 592 611 652 778 873 -1 -2 
108 115 134 142 299 628 757 836 898 988 -1 -2 
1 62 100 100 467 471 601 602 842 867 -1 -2 
198 251 385 525 572 595 630 663 693 861 -1 -2 
53 156 68 320 350 497 560 677 727 770 -1 -2 
1 125 100 150 305 310 577 627 891 903 -1 -2 
47 1 62 334 100 526 561 599 866 902 -1 -2 
37 62 85 256 328 352 611 616 627 780 -1 -2 
32 83 100 394 450 569 625 654 700 884 -1 -2 
1 140 62 100 724 726 755 760 771 868 -1 -2 
32 83 142 355 485 556 562 635 725 779 -1 -2 
21 56 131 109 451 454 547 568 648 887 -1 -2 
1 1 100 62 665 100 912 914 935 936 -1 -2 
1 62 100 331 405 464 621 674 692 866 -1 -2 
4 125 60 210 368 526 632 645 820 860 -1 -2 
51 65 100 267 342 394 395 728 740 921 -1 -2 
1 62 100 408 421 466 484 510 870 963 -1 -2 
1 223 62 100 387 833 849 891 900 906 -1 -2 
1 62 99 100 290 390 462 817 894 987 -1 -2 
70 159 365 429 525 603 607 684 816 937 -1 -2 
21 157 212 279 560 693 793 823 888 971 -1 -2 
18 91 114 339 356 389 521 594 912 941 -1 -2 
39 1 62 226 100 357 748 849 896 993 -1 -2 
35 85 121 312 393 804 842 868 922 998 -1 -2 
1 53 100 68 353 437 438 483 718 907 -1 -2 
190 315 420 483 490 511 553 726 810 901 -1 -2 
58 64 268 335 451 492 534 610 845 893 -1 -2 
345 398 409 462 686 761 772 840 921 936 -1 -2 
27 163 185 219 221 321 400 489 870 975 -1 -2 
186 343 664 681 737 790 811 865 866 950 -1 -2 
1 1 62 100 434 449 475 571 748 992 -1 -2 
1 125 100 378 398 584 697 776 833 884 -1 -2 
1 125 100 335 342 528 549 621 655 938 -1 -2 
72 327 407 475 571 612 649 742 796 891 -1 -2 
1 1 62 537 100 770 895 901 908 929 -1 -2 
28 126 193 257 318 523 755 806 885 967 -1 -2 
1 62 271 100 478 490 510 616 722 806 -1 -2 
10 1 309 62 100 578 584 632 870 952 -1 -2 
121 156 255 599 623 647 753 761 854 952 -1 -2 
1 125 100 293 483 503 520 764 883 957 -1 -2 
11 13 169 209 221 640 747 856 958 985 -1 -2 
125 121 343 405 606 662 835 943 949 966 -1 -2 
36 70 95 206 325 366 447 550 709 882 -1 -2 
1 350 62 100 521 701 705 777 785 843 -1 -2 
47 1 62 231 100 309 359 504 806 844 -1 -2 
10 18 85 158 501 656 664 833 898 951 -1 -2 
116 32 83 330 477 479 647 668 670 859 -1 -2 
32 83 200 261 340 461 556 587 663 706 -1 -2 
100 1 258 62 547 100 748 768 782 893 -1 -2 
1 62 62 100 570 695 702 704 841 883 -1 -2 
179 367 471 672 674 679 700 731 935 981 -1 -2 
32 26 83 306 342 421 606 701 860 926 -1 -2 
54 62 331 361 376 444 601 665 752 936 -1 -2 
96 132 483 516 581 614 658 750 753 900 -1 -2 
56 62 109 508 517 608 694 727 746 988 -1 -2 
1 62 100 398 522 595 691 717 835 884 -1 -2 
32 83 185 187 215 454 541 825 868 932 -1 -2 
1 104 100 120 285 329 339 526 547 549 -1 -2 
62 103 346 362 390 449 651 669 675 822 -1 -2 
1 126 62 197 100 278 691 769 852 853 -1 -2 
32 77 83 122 361 379 391 626 636 662 -1 -2 
8 203 207 313 570 695 750 797 874 922 -1 -2 
1 191 62 323 100 627 661 777 885 928 -1 -2 
53 62 68 449 471 482 621 636 866 991 -1 -2 
94 1 62 100 713 733 808 822 847 848 -1 -2 
1 400 62 100 650 705 776 849 927 942 -1 -2 
32 83 259 345 504 568 670 736 807 969 -1 -2 
125 62 100 180 238 495 572 587 708 747 -1 -2 
32 31 59 410 490 657 732 809 819 852 -1 -2 
1 1 100 62 100 709 720 816 888 904 -1 -2 
