98 26 104 118 428 447 610 705 771 898 -1 -2 
98 26 78 112 115 116 126 128 850 941 -1 -2 
98 26 78 112 115 116 126 128 725 820 -1 -2 
98 26 319 743 763 923 939 944 949 981 -1 -2 
98 26 78 112 115 116 126 128 904 906 -1 -2 
98 26 188 272 311 463 531 702 783 833 -1 -2 
98 26 78 112 115 116 126 128 650 831 -1 -2 
98 26 104 118 538 594 695 736 795 920 -1 -2 
98 26 78 112 115 116 126 128 910 954 -1 -2 
98 26 78 112 115 116 126 128 808 885 -1 -2 
98 26 78 112 115 116 126 128 805 977 -1 -2 
98 26 78 112 115 116 126 128 961 971 -1 -2 
98 26 166 339 437 448 505 693 981 993 -1 -2 
98 26 78 112 115 116 126 128 859 922 -1 -2 
98 26 162 182 228 280 476 627 965 988 -1 -2 
98 26 78 112 115 116 126 128 700 984 -1 -2 
98 26 241 244 261 317 388 576 579 975 -1 -2 
98 26 376 429 439 584 735 736 764 798 -1 -2 
98 26 564 591 614 733 798 805 889 928 -1 -2 
98 26 78 112 115 116 126 128 787 910 -1 -2 
98 26 198 256 328 376 431 449 657 826 -1 -2 
98 26 78 112 115 116 126 128 717 912 -1 -2 
98 26 73 127 115 116 126 128 820 832 -1 -2 
98 26 78 112 115 116 126 128 960 985 -1 -2 
98 26 429 543 655 657 754 792 953 978 -1 -2 
98 26 104 118 412 432 529 762 824 950 -1 -2 
98 26 117 125 306 545 690 718 906 934 -1 -2 
98 26 556 640 674 680 698 771 970 983 -1 -2 
98 26 78 112 115 116 126 128 769 918 -1 -2 
98 26 117 125 115 116 126 128 889 937 -1 -2 
98 26 175 228 303 324 538 588 865 956 -1 -2 
98 26 78 112 115 116 126 128 776 934 -1 -2 
98 26 117 125 115 116 126 128 807 909 -1 -2 
98 26 78 112 115 116 126 128 756 801 -1 -2 
98 26 78 112 115 116 126 128 956 989 -1 -2 
98 26 78 112 115 116 126 128 767 877 -1 -2 
98 26 78 112 115 116 126 128 861 979 -1 -2 
98 26 334 335 404 533 679 781 813 822 -1 -2 
98 26 73 127 618 641 688 852 866 883 -1 -2 
98 26 85 188 308 382 464 722 843 916 -1 -2 
98 26 78 112 115 116 126 128 785 835 -1 -2 
98 26 439 570 723 752 760 826 914 971 -1 -2 
98 26 104 118 580 587 602 614 716 930 -1 -2 
98 26 78 112 115 116 126 128 865 893 -1 -2 
98 26 142 189 776 829 877 888 902 999 -1 -2 
98 26 334 387 434 447 745 825 874 876 -1 -2 
98 26 73 127 430 447 475 689 866 950 -1 -2 
98 26 78 112 115 116 126 128 622 764 -1 -2 
98 26 280 314 407 573 697 715 889 929 -1 -2 
98 26 255 257 289 426 514 583 670 996 -1 -2 
98 26 208 329 375 450 553 618 654 862 -1 -2 
98 26 197 264 425 549 623 731 782 948 -1 -2 
98 26 139 185 252 272 366 453 496 850 -1 -2 
98 26 78 112 115 116 126 128 854 983 -1 -2 
98 26 263 302 439 511 544 832 880 954 -1 -2 
98 26 369 479 595 767 783 828 862 883 -1 -2 
98 26 102 136 137 203 633 767 858 871 -1 -2 
98 26 78 112 115 116 126 128 873 933 -1 -2 
98 26 78 112 115 116 126 128 858 968 -1 -2 
98 26 78 112 115 116 126 128 656 805 -1 -2 
98 26 456 464 509 532 625 663 807 936 -1 -2 
98 26 104 118 587 601 616 746 747 967 -1 -2 
98 26 146 308 458 616 649 823 835 904 -1 -2 
98 26 288 320 345 380 436 632 817 889 -1 -2 
98 26 182 215 381 383 461 665 776 897 -1 -2 
98 26 78 112 115 116 126 128 877 977 -1 -2 
98 26 78 112 115 116 126 128 904 985 -1 -2 
98 26 78 112 115 116 126 128 701 798 -1 -2 
98 26 197 353 371 427 592 849 967 980 -1 -2 
98 26 78 112 115 116 126 128 894 958 -1 -2 
98 26 78 112 115 116 126 128 946 993 -1 -2 
98 26 78 112 115 116 126 128 899 1000 -1 -2 
98 26 347 437 454 658 767 848 934 966 -1 -2 
98 26 104 118 115 116 126 128 823 992 -1 -2 
98 26 78 112 115 116 126 128 984 986 -1 -2 
98 26 412 461 533 559 641 699 848 965 -1 -2 
98 26 78 112 115 116 126 128 965 973 -1 -2 
98 26 78 112 115 116 126 128 811 947 -1 -2 
98 26 78 112 115 116 126 128 942 977 -1 -2 
98 26 78 112 115 116 126 128 938 1000 -1 -2 
98 26 116 241 243 274 279 353 665 893 -1 -2 
98 26 398 419 460 681 737 866 921 966 -1 -2 
98 26 78 112 115 116 126 128 847 955 -1 -2 
98 26 73 206 346 369 442 462 591 701 -1 -2 
98 26 276 285 395 828 877 909 964 977 -1 -2 
98 26 104 118 586 617 628 636 830 914 -1 -2 
98 26 158 163 189 291 348 414 570 835 -1 -2 
98 26 78 112 115 116 126 128 867 954 -1 -2 
98 26 78 112 115 116 126 128 731 944 -1 -2 
98 26 104 118 115 116 126 128 902 909 -1 -2 
98 26 78 112 115 116 126 128 900 977 -1 -2 
98 26 420 426 685 696 732 923 947 996 -1 -2 
98 26 78 112 115 116 126 128 855 909 -1 -2 
98 26 444 474 652 838 856 863 960 993 -1 -2 
98 26 78 112 115 116 126 128 579 975 -1 -2 
98 26 191 366 444 572 610 650 727 864 -1 -2 
98 26 78 112 115 116 126 128 639 998 -1 -2 
98 26 78 112 115 116 126 128 692 932 -1 -2 
98 26 78 112 115 116 126 128 864 897 -1 -2 
98 26 103 315 344 516 574 584 832 899 -1 -2 
98 26 313 355 422 423 495 639 761 993 -1 -2 
98 26 78 112 115 116 126 128 846 954 -1 -2 
98 26 73 127 494 510 574 807 872 988 -1 -2 
98 26 78 112 115 116 126 128 896 958 -1 -2 
98 26 232 297 342 536 558 569 579 1000 -1 -2 
98 26 258 419 501 550 557 677 687 835 -1 -2 
98 26 117 125 115 116 126 128 570 989 -1 -2 
98 26 78 112 115 116 126 128 849 991 -1 -2 
98 26 78 112 115 116 126 128 721 845 -1 -2 
98 26 158 514 545 609 677 845 862 900 -1 -2 
98 26 271 453 531 616 695 846 927 943 -1 -2 
98 26 78 112 115 116 126 128 799 989 -1 -2 
98 26 117 125 557 641 658 836 935 951 -1 -2 
98 26 246 272 273 361 728 771 861 942 -1 -2 
98 26 78 112 115 116 126 128 860 930 -1 -2 
98 26 78 112 115 116 126 128 645 963 -1 -2 
98 26 78 112 115 116 126 128 915 926 -1 -2 
98 26 117 125 115 116 126 128 775 938 -1 -2 
98 26 117 125 427 700 795 806 903 952 -1 -2 
98 26 117 125 634 730 823 901 918 945 -1 -2 
98 26 78 112 115 116 126 128 750 924 -1 -2 
98 26 104 118 333 342 405 421 621 741 -1 -2 
98 26 133 138 221 267 338 710 714 830 -1 -2 
98 26 78 112 115 116 126 128 957 986 -1 -2 
98 26 78 112 115 116 126 128 770 875 -1 -2 
98 26 78 112 115 116 126 128 954 986 -1 -2 
98 26 78 112 115 116 126 128 892 925 -1 -2 
98 26 78 112 115 116 126 128 681 925 -1 -2 
98 26 78 112 115 116 126 128 836 927 -1 -2 
98 26 78 112 115 116 126 128 855 978 -1 -2 
98 26 78 112 115 116 126 128 886 923 -1 -2 
98 26 283 390 422 533 626 674 716 814 -1 -2 
98 26 344 383 549 616 626 737 800 915 -1 -2 
98 26 117 125 467 688 761 853 857 878 -1 -2 
98 26 78 112 115 116 126 128 890 934 -1 -2 
98 26 117 125 587 751 777 852 893 958 -1 -2 
98 26 386 540 580 702 709 740 742 985 -1 -2 
98 26 104 118 115 116 126 128 916 984 -1 -2 
98 26 290 380 543 624 677 825 932 966 -1 -2 
98 26 457 630 698 759 781 790 860 984 -1 -2 
98 26 28 35 172 730 739 850 865 919 -1 -2 
98 26 78 112 115 116 126 128 891 932 -1 -2 
98 26 142 160 194 235 431 493 611 830 -1 -2 
98 26 323 429 542 577 661 670 706 859 -1 -2 
98 26 78 112 115 116 126 128 860 869 -1 -2 
98 26 197 404 479 574 644 732 773 983 -1 -2 
98 26 78 112 115 116 126 128 946 960 -1 -2 
98 26 148 173 279 340 487 533 892 916 -1 -2 
98 26 78 112 115 116 126 128 907 970 -1 -2 
98 26 260 305 412 784 818 861 946 980 -1 -2 
98 26 520 531 573 701 705 808 903 920 -1 -2 
98 26 78 112 115 116 126 128 838 852 -1 -2 
98 26 78 112 115 116 126 128 876 952 -1 -2 
98 26 78 112 115 116 126 128 708 985 -1 -2 
98 26 117 125 651 747 806 877 913 978 -1 -2 
98 26 206 294 416 721 729 792 877 942 -1 -2 
98 26 78 112 115 116 126 128 974 980 -1 -2 
128 126 116 115 112 78 75 41 853 879 -1 -2 
98 26 104 118 425 642 674 704 757 986 -1 -2 
98 26 78 112 115 116 126 128 907 990 -1 -2 
98 26 78 112 115 116 126 128 825 982 -1 -2 
98 26 78 112 115 116 126 128 818 968 -1 -2 
98 26 78 112 115 116 126 128 699 880 -1 -2 
98 26 143 201 218 292 469 491 835 983 -1 -2 
98 26 215 283 300 356 436 519 606 645 -1 -2 
98 26 491 582 663 739 821 871 886 999 -1 -2 
98 26 407 438 470 612 675 680 818 849 -1 -2 
98 26 180 487 605 823 838 904 977 1000 -1 -2 
98 26 352 357 472 598 609 630 753 977 -1 -2 
98 26 78 112 115 116 126 128 946 954 -1 -2 
98 26 150 190 535 604 755 810 954 969 -1 -2 
98 26 78 112 115 116 126 128 810 922 -1 -2 
98 26 78 112 115 116 126 128 644 871 -1 -2 
98 26 78 112 115 116 126 128 392 567 -1 -2 
98 26 302 347 412 445 637 673 811 920 -1 -2 
98 26 78 112 115 116 126 128 633 807 -1 -2 
98 26 78 112 115 116 126 128 742 886 -1 -2 
98 26 104 118 250 283 725 735 795 963 -1 -2 
98 26 308 475 773 780 855 911 934 973 -1 -2 
98 26 319 322 376 505 608 874 880 911 -1 -2 
98 26 78 112 115 116 126 128 875 947 -1 -2 
98 26 78 112 115 116 126 128 645 853 -1 -2 
98 26 78 112 115 116 126 128 911 919 -1 -2 
98 26 78 147 263 404 526 566 710 747 -1 -2 
98 26 78 112 115 116 126 128 856 863 -1 -2 
98 26 78 112 115 116 126 128 402 468 -1 -2 
98 26 329 488 562 625 652 693 918 972 -1 -2 
98 26 104 118 286 691 789 810 845 879 -1 -2 
98 26 78 112 115 116 126 128 758 866 -1 -2 
98 26 177 227 243 364 424 808 875 908 -1 -2 
98 26 310 356 446 514 653 695 751 963 -1 -2 
98 26 78 112 115 116 126 128 890 931 -1 -2 
98 26 311 318 436 443 486 816 925 943 -1 -2 
98 26 78 112 115 116 126 128 868 988 -1 -2 
98 26 235 256 316 331 504 656 951 996 -1 -2 
98 26 104 118 367 557 652 658 673 805 -1 -2 
98 26 465 476 488 720 836 898 967 988 -1 -2 
98 26 78 112 115 116 126 128 816 896 -1 -2 
98 26 561 617 661 809 892 919 923 928 -1 -2 
98 26 548 589 607 737 812 841 887 978 -1 -2 
98 26 78 112 115 116 126 128 926 991 -1 -2 
98 26 281 394 437 575 719 726 733 907 -1 -2 
98 26 78 112 115 116 126 128 752 936 -1 -2 
98 26 90 96 115 116 126 128 661 685 -1 -2 
98 26 78 112 115 116 126 128 969 998 -1 -2 
98 26 78 112 115 116 126 128 931 940 -1 -2 
98 26 362 422 529 607 659 765 928 955 -1 -2 
98 26 104 118 631 774 810 868 877 937 -1 -2 
98 26 523 649 676 751 818 828 858 895 -1 -2 
98 26 117 125 115 116 126 128 891 989 -1 -2 
98 26 78 112 115 116 126 128 756 861 -1 -2 
98 26 78 112 115 116 126 128 914 928 -1 -2 
98 26 376 493 509 633 714 762 807 920 -1 -2 
98 26 78 112 115 116 126 128 856 930 -1 -2 
98 26 78 112 115 116 126 128 942 948 -1 -2 
98 26 87 182 349 456 622 673 763 979 -1 -2 
98 26 78 112 115 116 126 128 712 772 -1 -2 
98 26 78 112 115 116 126 128 879 949 -1 -2 
98 26 78 112 115 116 126 128 893 918 -1 -2 
98 26 291 325 335 402 427 488 613 712 -1 -2 
98 26 273 357 572 675 683 720 881 900 -1 -2 
98 26 231 397 463 507 668 798 835 996 -1 -2 
98 26 78 112 115 116 126 128 831 886 -1 -2 
98 26 182 189 361 525 576 713 863 910 -1 -2 
98 26 184 219 314 369 473 590 683 760 -1 -2 
98 26 78 112 115 116 126 128 873 875 -1 -2 
98 26 78 112 115 116 126 128 719 975 -1 -2 
98 26 78 112 115 116 126 128 898 963 -1 -2 
98 26 414 475 502 530 616 694 906 981 -1 -2 
98 26 73 127 194 302 403 417 651 708 -1 -2 
98 26 460 666 677 738 821 872 877 912 -1 -2 
98 26 117 125 464 478 494 615 828 872 -1 -2 
98 26 207 280 397 506 669 747 818 840 -1 -2 
98 26 78 112 115 116 126 128 953 978 -1 -2 
98 26 78 112 115 116 126 128 870 914 -1 -2 
98 26 78 112 115 116 126 128 935 991 -1 -2 
98 26 78 112 115 116 126 128 918 960 -1 -2 
98 26 78 112 115 116 126 128 967 997 -1 -2 
98 26 590 655 689 712 722 740 805 949 -1 -2 
98 26 78 112 115 116 126 128 663 949 -1 -2 
98 26 232 257 411 499 679 754 913 940 -1 -2 
98 26 281 406 449 525 611 618 690 972 -1 -2 
98 26 78 112 115 116 126 128 726 933 -1 -2 
98 26 517 520 630 747 897 924 933 980 -1 -2 
98 26 78 112 115 116 126 128 905 996 -1 -2 
98 26 136 261 329 578 593 623 638 686 -1 -2 
98 26 78 112 115 116 126 128 715 833 -1 -2 
98 26 78 112 115 116 126 128 977 1000 -1 -2 
98 26 78 112 115 116 126 128 777 965 -1 -2 
98 26 78 112 115 116 126 128 811 883 -1 -2 
128 126 116 115 112 78 75 41 919 925 -1 -2 
128 126 116 115 112 78 75 41 791 942 -1 -2 
119 113 143 279 461 502 682 747 896 988 -1 -2 
128 126 116 115 112 78 75 41 592 643 -1 -2 
33 78 171 533 618 628 804 889 910 995 -1 -2 
128 126 116 115 112 78 75 41 919 987 -1 -2 
171 254 396 401 475 525 779 871 899 951 -1 -2 
128 126 116 115 112 78 75 41 799 816 -1 -2 
119 113 233 323 528 619 713 782 884 931 -1 -2 
128 126 116 115 112 78 75 41 869 934 -1 -2 
128 126 116 115 112 78 75 41 891 914 -1 -2 
90 136 259 280 289 439 514 781 844 967 -1 -2 
119 113 346 455 544 614 698 707 930 959 -1 -2 
128 126 116 115 112 78 75 41 722 848 -1 -2 
119 113 78 112 115 116 126 128 756 1000 -1 -2 
128 126 116 115 112 78 75 41 938 974 -1 -2 
119 113 78 112 115 116 126 128 937 974 -1 -2 
127 73 71 39 522 623 650 852 866 940 -1 -2 
119 113 47 297 401 527 564 599 648 762 -1 -2 
128 126 116 115 112 78 75 41 588 857 -1 -2 
128 126 116 115 112 78 75 41 940 980 -1 -2 
128 126 116 115 112 78 75 41 921 958 -1 -2 
128 126 116 115 112 78 75 41 706 838 -1 -2 
128 126 116 115 112 78 75 41 836 971 -1 -2 
128 126 116 115 112 78 75 41 727 940 -1 -2 
128 126 116 115 112 78 75 41 912 995 -1 -2 
128 126 116 115 112 78 75 41 749 841 -1 -2 
128 126 116 115 112 78 75 41 936 1000 -1 -2 
125 117 27 25 115 116 126 128 896 977 -1 -2 
128 126 116 115 112 78 75 41 938 953 -1 -2 
119 113 400 458 625 705 787 824 841 905 -1 -2 
128 126 116 115 112 78 75 41 773 810 -1 -2 
119 113 153 454 691 892 921 932 953 977 -1 -2 
128 126 116 115 112 78 75 41 934 998 -1 -2 
128 126 116 115 112 78 75 41 837 996 -1 -2 
128 126 116 115 112 78 75 41 622 845 -1 -2 
128 126 116 115 112 78 75 41 766 926 -1 -2 
125 117 27 25 498 609 825 860 935 940 -1 -2 
128 126 116 115 112 78 75 41 851 921 -1 -2 
128 126 116 115 112 78 75 41 773 983 -1 -2 
128 126 116 115 112 78 75 41 821 912 -1 -2 
128 126 116 115 112 78 75 41 661 979 -1 -2 
128 126 116 115 112 78 75 41 851 893 -1 -2 
119 113 563 579 698 734 779 815 836 943 -1 -2 
128 126 116 115 112 78 75 41 959 965 -1 -2 
128 126 116 115 112 78 75 41 735 999 -1 -2 
62 92 195 550 579 581 744 773 794 915 -1 -2 
128 126 116 115 112 78 75 41 867 910 -1 -2 
128 126 116 115 112 78 75 41 791 857 -1 -2 
128 126 116 115 112 78 75 41 782 906 -1 -2 
128 126 116 115 112 78 75 41 786 839 -1 -2 
128 126 116 115 112 78 75 41 744 926 -1 -2 
128 126 116 115 112 78 75 41 889 982 -1 -2 
119 113 272 358 423 508 679 907 910 921 -1 -2 
128 126 116 115 112 78 75 41 937 967 -1 -2 
128 126 116 115 112 78 75 41 748 884 -1 -2 
128 126 116 115 112 78 75 41 647 669 -1 -2 
128 126 116 115 112 78 75 41 806 975 -1 -2 
128 126 116 115 112 78 75 41 853 949 -1 -2 
128 126 116 115 112 78 75 41 845 861 -1 -2 
128 126 116 115 112 78 75 41 908 960 -1 -2 
128 126 116 115 112 78 75 41 887 900 -1 -2 
128 126 116 115 112 78 75 41 850 882 -1 -2 
119 113 406 509 522 768 845 855 872 945 -1 -2 
118 104 92 68 388 527 588 793 866 934 -1 -2 
128 126 116 115 112 78 75 41 865 895 -1 -2 
128 126 116 115 112 78 75 41 902 932 -1 -2 
119 113 162 211 336 382 583 888 984 992 -1 -2 
128 126 116 115 112 78 75 41 766 910 -1 -2 
128 126 116 115 112 78 75 41 616 846 -1 -2 
128 126 116 115 112 78 75 41 820 884 -1 -2 
128 126 116 115 112 78 75 41 895 966 -1 -2 
128 126 116 115 112 78 75 41 703 797 -1 -2 
128 126 116 115 112 78 75 41 951 998 -1 -2 
128 126 116 115 112 78 75 41 629 731 -1 -2 
119 113 78 112 115 116 126 128 766 996 -1 -2 
128 126 116 115 112 78 75 41 895 993 -1 -2 
125 117 27 25 516 634 690 790 868 885 -1 -2 
128 126 116 115 112 78 75 41 773 902 -1 -2 
128 126 116 115 112 78 75 41 735 806 -1 -2 
128 126 116 115 112 78 75 41 835 957 -1 -2 
128 126 116 115 112 78 75 41 863 927 -1 -2 
128 126 116 115 112 78 75 41 889 992 -1 -2 
128 126 116 115 112 78 75 41 918 936 -1 -2 
128 126 116 115 112 78 75 41 756 870 -1 -2 
128 126 116 115 112 78 75 41 902 977 -1 -2 
118 104 92 68 115 116 126 128 770 937 -1 -2 
128 126 116 115 112 78 75 41 783 907 -1 -2 
128 126 116 115 112 78 75 41 990 995 -1 -2 
119 113 78 112 115 116 126 128 970 1000 -1 -2 
128 126 116 115 112 78 75 41 702 975 -1 -2 
65 232 246 302 332 422 825 852 867 983 -1 -2 
119 113 78 112 115 116 126 128 932 941 -1 -2 
128 126 116 115 112 78 75 41 670 735 -1 -2 
128 126 116 115 112 78 75 41 907 1000 -1 -2 
128 126 116 115 112 78 75 41 788 814 -1 -2 
128 126 116 115 112 78 75 41 746 781 -1 -2 
128 126 116 115 112 78 75 41 968 977 -1 -2 
24 90 140 398 414 538 578 694 786 887 -1 -2 
128 126 116 115 112 78 75 41 829 994 -1 -2 
128 126 116 115 112 78 75 41 774 962 -1 -2 
128 126 116 115 112 78 75 41 850 960 -1 -2 
119 113 95 201 547 572 602 665 888 894 -1 -2 
128 126 116 115 112 78 75 41 724 997 -1 -2 
128 126 116 115 112 78 75 41 716 738 -1 -2 
128 126 116 115 112 78 75 41 600 851 -1 -2 
128 126 116 115 112 78 75 41 486 982 -1 -2 
65 193 212 366 473 571 604 626 731 860 -1 -2 
128 126 116 115 112 78 75 41 716 852 -1 -2 
128 126 116 115 112 78 75 41 666 903 -1 -2 
109 168 310 430 581 610 620 726 826 873 -1 -2 
128 126 116 115 112 78 75 41 736 974 -1 -2 
128 126 116 115 112 78 75 41 792 916 -1 -2 
128 126 116 115 112 78 75 41 838 999 -1 -2 
128 126 116 115 112 78 75 41 809 866 -1 -2 
198 204 325 449 557 625 732 822 842 907 -1 -2 
128 126 116 115 112 78 75 41 717 825 -1 -2 
103 116 312 375 648 715 737 820 966 976 -1 -2 
128 126 116 115 112 78 75 41 883 892 -1 -2 
13 38 181 316 529 569 637 827 929 930 -1 -2 
128 126 116 115 112 78 75 41 913 962 -1 -2 
46 58 70 147 220 227 629 643 718 958 -1 -2 
128 126 116 115 112 78 75 41 826 926 -1 -2 
128 126 116 115 112 78 75 41 783 833 -1 -2 
128 126 116 115 112 78 75 41 874 914 -1 -2 
128 126 116 115 112 78 75 41 745 783 -1 -2 
119 113 110 233 394 463 505 637 708 971 -1 -2 
128 126 116 115 112 78 75 41 850 853 -1 -2 
125 117 27 25 115 116 126 128 730 733 -1 -2 
125 117 27 25 602 613 694 722 794 890 -1 -2 
118 104 92 68 317 403 757 789 848 880 -1 -2 
119 113 298 343 395 408 538 753 770 872 -1 -2 
128 126 116 115 112 78 75 41 755 860 -1 -2 
128 126 116 115 112 78 75 41 820 997 -1 -2 
128 126 116 115 112 78 75 41 778 856 -1 -2 
82 159 199 255 337 772 880 881 958 962 -1 -2 
128 126 116 115 112 78 75 41 705 908 -1 -2 
149 167 256 333 412 676 726 750 926 936 -1 -2 
128 126 116 115 112 78 75 41 781 862 -1 -2 
128 126 116 115 112 78 75 41 949 955 -1 -2 
128 126 116 115 112 78 75 41 847 868 -1 -2 
128 126 116 115 112 78 75 41 945 982 -1 -2 
128 126 116 115 112 78 75 41 753 917 -1 -2 
239 412 473 609 733 747 808 870 916 951 -1 -2 
128 126 116 115 112 78 75 41 580 670 -1 -2 
128 126 116 115 112 78 75 41 543 837 -1 -2 
119 113 319 350 387 424 495 531 611 768 -1 -2 
128 126 116 115 112 78 75 41 732 961 -1 -2 
128 126 116 115 112 78 75 41 854 890 -1 -2 
128 126 116 115 112 78 75 41 978 990 -1 -2 
125 117 27 25 507 731 896 898 934 998 -1 -2 
128 126 116 115 112 78 75 41 648 980 -1 -2 
128 126 116 115 112 78 75 41 885 911 -1 -2 
128 126 116 115 112 78 75 41 675 919 -1 -2 
128 126 116 115 112 78 75 41 733 881 -1 -2 
128 126 116 115 112 78 75 41 949 966 -1 -2 
4 481 484 615 638 662 689 723 871 978 -1 -2 
128 126 116 115 112 78 75 41 863 891 -1 -2 
128 126 116 115 112 78 75 41 757 953 -1 -2 
118 104 92 68 115 116 126 128 758 837 -1 -2 
128 126 116 115 112 78 75 41 863 876 -1 -2 
128 126 116 115 112 78 75 41 945 977 -1 -2 
128 126 116 115 112 78 75 41 923 950 -1 -2 
128 126 116 115 112 78 75 41 878 893 -1 -2 
128 126 116 115 112 78 75 41 738 903 -1 -2 
128 126 116 115 112 78 75 41 979 996 -1 -2 
128 126 116 115 112 78 75 41 891 960 -1 -2 
118 104 92 68 115 116 126 128 729 940 -1 -2 
60 237 268 427 584 595 602 619 711 744 -1 -2 
128 126 116 115 112 78 75 41 856 961 -1 -2 
128 126 116 115 112 78 75 41 588 805 -1 -2 
118 104 92 68 442 528 584 656 661 760 -1 -2 
119 113 376 410 451 468 735 930 960 1000 -1 -2 
128 126 116 115 112 78 75 41 819 951 -1 -2 
128 126 116 115 112 78 75 41 778 998 -1 -2 
128 126 116 115 112 78 75 41 806 922 -1 -2 
112 146 330 427 495 542 729 815 820 841 -1 -2 
128 126 116 115 112 78 75 41 987 997 -1 -2 
128 126 116 115 112 78 75 41 551 717 -1 -2 
119 113 117 273 324 538 584 673 712 904 -1 -2 
128 126 116 115 112 78 75 41 778 873 -1 -2 
119 113 78 112 115 116 126 128 898 988 -1 -2 
128 126 116 115 112 78 75 41 842 867 -1 -2 
128 126 116 115 112 78 75 41 693 861 -1 -2 
119 113 204 320 350 497 560 677 727 770 -1 -2 
128 126 116 115 112 78 75 41 891 903 -1 -2 
47 113 332 334 357 526 561 599 866 902 -1 -2 
128 126 116 115 112 78 75 41 627 780 -1 -2 
128 126 116 115 112 78 75 41 700 884 -1 -2 
128 126 116 115 112 78 75 41 771 868 -1 -2 
119 113 142 355 485 556 562 635 725 779 -1 -2 
21 114 131 156 451 454 547 568 648 887 -1 -2 
128 126 116 115 112 78 75 41 935 936 -1 -2 
128 126 116 115 112 78 75 41 692 866 -1 -2 
128 126 116 115 112 78 75 41 820 860 -1 -2 
128 126 116 115 112 78 75 41 740 921 -1 -2 
20 316 354 408 421 466 484 510 870 963 -1 -2 
128 126 116 115 112 78 75 41 900 906 -1 -2 
128 126 116 115 112 78 75 41 894 987 -1 -2 
128 126 116 115 112 78 75 41 816 937 -1 -2 
128 126 116 115 112 78 75 41 888 971 -1 -2 
128 126 116 115 112 78 75 41 912 941 -1 -2 
128 126 116 115 112 78 75 41 896 993 -1 -2 
128 126 116 115 112 78 75 41 922 998 -1 -2 
128 126 116 115 112 78 75 41 718 907 -1 -2 
128 126 116 115 112 78 75 41 810 901 -1 -2 
128 126 116 115 112 78 75 41 845 893 -1 -2 
128 126 116 115 112 78 75 41 921 936 -1 -2 
128 126 116 115 112 78 75 41 870 975 -1 -2 
128 126 116 115 112 78 75 41 866 950 -1 -2 
128 126 116 115 112 78 75 41 748 992 -1 -2 
128 126 116 115 112 78 75 41 833 884 -1 -2 
128 126 116 115 112 78 75 41 655 938 -1 -2 
128 126 116 115 112 78 75 41 796 891 -1 -2 
70 202 526 537 685 770 895 901 908 929 -1 -2 
128 126 116 115 112 78 75 41 885 967 -1 -2 
128 126 116 115 112 78 75 41 722 806 -1 -2 
128 126 116 115 112 78 75 41 870 952 -1 -2 
128 126 116 115 112 78 75 41 854 952 -1 -2 
128 126 116 115 112 78 75 41 883 957 -1 -2 
128 126 116 115 112 78 75 41 958 985 -1 -2 
128 126 116 115 112 78 75 41 949 966 -1 -2 
128 126 116 115 112 78 75 41 709 882 -1 -2 
128 126 116 115 112 78 75 41 785 843 -1 -2 
128 126 116 115 112 78 75 41 806 844 -1 -2 
119 113 85 158 501 656 664 833 898 951 -1 -2 
128 126 116 115 112 78 75 41 670 859 -1 -2 
128 126 116 115 112 78 75 41 663 706 -1 -2 
100 243 258 443 547 706 748 768 782 893 -1 -2 
125 117 27 25 115 116 126 128 841 883 -1 -2 
128 126 116 115 112 78 75 41 935 981 -1 -2 
128 126 116 115 112 78 75 41 860 926 -1 -2 
128 126 116 115 112 78 75 41 752 936 -1 -2 
119 113 483 516 581 614 658 750 753 900 -1 -2 
128 126 116 115 112 78 75 41 746 988 -1 -2 
128 126 116 115 112 78 75 41 835 884 -1 -2 
93 145 185 187 215 454 541 825 868 932 -1 -2 
128 126 116 115 112 78 75 41 547 549 -1 -2 
128 126 116 115 112 78 75 41 675 822 -1 -2 
128 126 116 115 112 78 75 41 852 853 -1 -2 
118 104 92 68 361 379 391 626 636 662 -1 -2 
119 113 78 112 115 116 126 128 874 922 -1 -2 
128 126 116 115 112 78 75 41 885 928 -1 -2 
127 73 71 39 471 482 621 636 866 991 -1 -2 
128 126 116 115 112 78 75 41 847 848 -1 -2 
128 126 116 115 112 78 75 41 927 942 -1 -2 
128 126 116 115 112 78 75 41 807 969 -1 -2 
125 117 27 25 238 495 572 587 708 747 -1 -2 
128 126 116 115 112 78 75 41 819 852 -1 -2 
128 126 116 115 112 78 75 41 888 904 -1 -2 
