87 70 88 111 428 119 127 705 771 898 -1 -2 
87 87 126 99 126 670 750 846 850 941 -1 -2 
87 99 126 119 127 219 223 237 725 820 -1 -2 
87 99 126 123 128 923 939 944 949 981 -1 -2 
87 99 99 126 742 744 764 773 904 906 -1 -2 
87 87 126 99 126 463 531 702 783 833 -1 -2 
87 99 126 302 336 368 538 581 650 831 -1 -2 
87 99 126 339 538 594 695 736 795 920 -1 -2 
87 99 126 119 127 638 658 836 910 954 -1 -2 
87 99 99 119 126 658 675 790 808 885 -1 -2 
87 87 99 419 126 633 686 787 805 977 -1 -2 
87 88 99 119 126 446 816 827 961 971 -1 -2 
87 99 111 126 127 448 505 693 981 993 -1 -2 
87 99 126 365 514 597 607 725 859 922 -1 -2 
87 87 99 182 126 280 476 627 965 988 -1 -2 
87 87 99 234 126 354 515 553 700 984 -1 -2 
87 99 126 126 261 317 388 576 579 975 -1 -2 
87 99 99 126 439 584 735 736 764 798 -1 -2 
87 87 99 126 127 733 798 805 889 928 -1 -2 
87 87 99 126 276 321 368 406 787 910 -1 -2 
87 87 126 99 328 126 431 449 657 826 -1 -2 
87 70 126 88 349 111 119 127 717 912 -1 -2 
87 99 99 222 126 518 526 562 820 832 -1 -2 
87 99 126 119 127 673 738 746 960 985 -1 -2 
87 87 99 119 126 657 754 792 953 978 -1 -2 
87 87 99 401 126 432 529 762 824 950 -1 -2 
87 99 126 269 306 545 690 718 906 934 -1 -2 
90 99 114 119 127 680 698 771 970 983 -1 -2 
87 99 99 126 253 306 437 447 769 918 -1 -2 
87 87 99 424 126 757 771 814 889 937 -1 -2 
59 87 103 99 126 121 538 588 865 956 -1 -2 
70 87 99 126 127 289 311 651 776 934 -1 -2 
87 99 126 126 548 719 737 780 807 909 -1 -2 
87 99 126 119 127 553 565 600 756 801 -1 -2 
87 99 99 631 126 758 872 912 956 989 -1 -2 
87 99 116 126 128 628 658 661 767 877 -1 -2 
87 87 99 126 539 655 768 829 861 979 -1 -2 
87 87 99 335 126 533 679 781 813 822 -1 -2 
87 87 126 99 120 126 688 852 866 883 -1 -2 
87 87 126 99 126 382 464 722 843 916 -1 -2 
87 87 99 126 436 446 556 603 785 835 -1 -2 
87 87 126 99 126 752 760 826 914 971 -1 -2 
70 99 88 497 111 119 602 127 716 930 -1 -2 
87 87 99 509 126 828 839 854 865 893 -1 -2 
87 87 126 99 126 829 877 888 902 999 -1 -2 
87 70 88 111 119 447 127 825 874 876 -1 -2 
87 99 126 394 430 447 475 689 866 950 -1 -2 
87 70 88 111 153 119 127 588 622 764 -1 -2 
87 87 126 99 127 126 697 715 889 929 -1 -2 
87 99 99 126 289 426 514 583 670 996 -1 -2 
87 87 99 126 375 450 553 618 654 862 -1 -2 
87 99 126 126 425 549 623 731 782 948 -1 -2 
87 87 99 185 126 272 366 453 496 850 -1 -2 
87 99 126 123 128 425 543 804 854 983 -1 -2 
87 87 126 99 126 511 544 832 880 954 -1 -2 
87 99 99 479 126 767 783 828 862 883 -1 -2 
87 99 99 126 137 203 633 767 858 871 -1 -2 
87 99 126 536 576 578 588 834 873 933 -1 -2 
87 87 99 126 755 768 811 849 858 968 -1 -2 
87 99 126 331 373 385 614 627 656 805 -1 -2 
87 99 126 126 509 532 625 663 807 936 -1 -2 
87 99 99 126 127 601 616 746 747 967 -1 -2 
87 87 99 126 128 616 649 823 835 904 -1 -2 
87 99 99 126 345 380 436 632 817 889 -1 -2 
87 99 126 119 127 383 461 665 776 897 -1 -2 
87 99 99 126 128 439 753 790 877 977 -1 -2 
87 87 99 126 127 470 574 627 904 985 -1 -2 
87 99 99 126 300 347 574 583 701 798 -1 -2 
70 87 111 99 126 427 592 849 967 980 -1 -2 
87 87 99 126 398 399 646 851 894 958 -1 -2 
70 88 111 244 119 545 127 927 946 993 -1 -2 
87 99 126 126 476 483 786 813 899 1000 -1 -2 
87 99 126 437 454 658 767 848 934 966 -1 -2 
87 99 126 126 445 553 574 580 823 992 -1 -2 
87 87 126 99 126 658 766 971 984 986 -1 -2 
87 99 126 461 533 559 641 699 848 965 -1 -2 
87 70 126 88 111 119 958 127 965 973 -1 -2 
87 99 126 119 127 487 673 776 811 947 -1 -2 
87 87 126 99 126 654 814 854 942 977 -1 -2 
87 99 126 119 127 852 874 928 938 1000 -1 -2 
87 87 99 126 127 274 279 353 665 893 -1 -2 
87 99 126 126 460 681 737 866 921 966 -1 -2 
87 99 99 195 126 486 633 681 847 955 -1 -2 
87 99 99 126 128 369 442 462 591 701 -1 -2 
87 87 126 99 126 828 877 909 964 977 -1 -2 
87 87 126 99 126 617 628 636 830 914 -1 -2 
87 99 99 126 189 291 348 414 570 835 -1 -2 
87 87 126 99 126 426 491 499 867 954 -1 -2 
87 87 126 99 507 126 596 644 731 944 -1 -2 
87 87 126 99 490 126 696 815 902 909 -1 -2 
87 87 99 126 656 659 777 821 900 977 -1 -2 
87 99 126 126 685 696 732 923 947 996 -1 -2 
87 99 99 119 126 637 685 689 855 909 -1 -2 
87 87 126 99 127 126 856 863 960 993 -1 -2 
87 87 99 188 126 199 208 400 579 975 -1 -2 
87 87 126 99 444 126 610 650 727 864 -1 -2 
87 87 126 99 127 126 421 578 639 998 -1 -2 
87 99 99 119 126 311 540 636 692 932 -1 -2 
87 87 99 126 458 460 553 627 864 897 -1 -2 
87 99 99 126 127 516 574 584 832 899 -1 -2 
87 99 99 119 126 423 495 639 761 993 -1 -2 
87 99 111 126 127 652 731 745 846 954 -1 -2 
87 99 99 126 494 510 574 807 872 988 -1 -2 
37 87 99 126 128 531 705 784 896 958 -1 -2 
37 87 99 126 128 536 558 569 579 1000 -1 -2 
87 87 99 119 126 550 557 677 687 835 -1 -2 
87 99 126 126 410 451 479 534 570 989 -1 -2 
11 87 99 117 126 731 739 797 849 991 -1 -2 
87 88 99 119 126 337 371 391 721 845 -1 -2 
87 87 99 126 545 609 677 845 862 900 -1 -2 
87 99 111 126 127 616 695 846 927 943 -1 -2 
87 99 126 126 295 349 353 682 799 989 -1 -2 
87 87 126 99 557 126 658 836 935 951 -1 -2 
87 99 99 126 273 361 728 771 861 942 -1 -2 
87 88 99 119 126 324 566 708 860 930 -1 -2 
87 87 126 99 433 126 534 591 645 963 -1 -2 
70 87 99 119 126 371 535 885 915 926 -1 -2 
87 87 126 99 126 679 700 774 775 938 -1 -2 
87 87 126 99 427 126 795 806 903 952 -1 -2 
87 99 126 126 634 730 823 901 918 945 -1 -2 
87 99 126 371 635 700 702 729 750 924 -1 -2 
87 87 126 99 333 126 405 421 621 741 -1 -2 
87 99 126 126 221 267 338 710 714 830 -1 -2 
87 87 99 126 127 657 670 693 957 986 -1 -2 
87 87 126 99 126 449 540 707 770 875 -1 -2 
87 99 99 462 126 791 804 855 954 986 -1 -2 
87 99 99 126 596 609 864 889 892 925 -1 -2 
87 87 99 126 470 584 640 659 681 925 -1 -2 
87 70 88 358 111 119 809 127 836 927 -1 -2 
87 99 126 126 463 645 668 745 855 978 -1 -2 
87 87 99 119 126 705 735 750 886 923 -1 -2 
87 99 126 126 422 533 626 674 716 814 -1 -2 
37 87 116 99 128 126 626 737 800 915 -1 -2 
87 87 99 437 126 688 761 853 857 878 -1 -2 
87 99 111 126 127 604 622 889 890 934 -1 -2 
87 99 126 123 128 751 777 852 893 958 -1 -2 
87 87 99 126 128 702 709 740 742 985 -1 -2 
87 87 99 126 379 480 577 846 916 984 -1 -2 
87 99 99 126 127 624 677 825 932 966 -1 -2 
87 87 126 99 126 759 781 790 860 984 -1 -2 
87 87 99 119 126 730 739 850 865 919 -1 -2 
87 87 126 99 749 126 814 828 891 932 -1 -2 
87 87 126 99 194 126 431 493 611 830 -1 -2 
87 99 126 429 542 577 661 670 706 859 -1 -2 
87 99 99 126 340 373 485 673 860 869 -1 -2 
87 99 126 404 479 574 644 732 773 983 -1 -2 
87 99 126 168 298 536 736 842 946 960 -1 -2 
87 87 126 99 127 126 487 533 892 916 -1 -2 
87 87 126 99 126 398 759 891 907 970 -1 -2 
87 99 126 305 412 784 818 861 946 980 -1 -2 
87 99 126 531 573 701 705 808 903 920 -1 -2 
87 87 99 362 126 513 619 675 838 852 -1 -2 
87 99 99 126 741 765 792 816 876 952 -1 -2 
87 99 99 126 523 537 641 685 708 985 -1 -2 
87 99 99 574 126 747 806 877 913 978 -1 -2 
87 99 99 294 126 721 729 792 877 942 -1 -2 
70 87 99 126 127 378 516 963 974 980 -1 -2 
87 87 126 99 124 126 692 850 853 879 -1 -2 
87 51 99 123 126 642 674 704 757 986 -1 -2 
87 99 126 126 530 647 703 855 907 990 -1 -2 
87 87 126 99 126 642 666 672 825 982 -1 -2 
70 87 111 99 127 126 715 747 818 968 -1 -2 
87 87 99 126 127 463 498 580 699 880 -1 -2 
87 99 99 126 127 292 469 491 835 983 -1 -2 
87 87 99 126 300 356 436 519 606 645 -1 -2 
87 87 99 582 126 739 821 871 886 999 -1 -2 
70 87 99 119 126 612 675 680 818 849 -1 -2 
87 99 126 119 127 823 838 904 977 1000 -1 -2 
87 99 99 357 126 598 609 630 753 977 -1 -2 
87 99 126 472 575 638 879 912 946 954 -1 -2 
70 87 99 119 126 604 755 810 954 969 -1 -2 
87 99 126 126 127 601 650 772 810 922 -1 -2 
87 87 99 126 129 205 308 535 644 871 -1 -2 
87 99 126 133 145 183 315 333 392 567 -1 -2 
87 99 126 123 128 445 637 673 811 920 -1 -2 
87 99 126 405 409 446 515 610 633 807 -1 -2 
87 99 111 126 127 234 344 645 742 886 -1 -2 
87 87 99 214 126 283 725 735 795 963 -1 -2 
87 87 99 475 126 780 855 911 934 973 -1 -2 
37 87 116 99 126 505 608 874 880 911 -1 -2 
87 99 126 123 128 441 470 851 875 947 -1 -2 
87 87 126 99 126 352 553 607 645 853 -1 -2 
87 99 126 126 127 504 535 871 911 919 -1 -2 
37 95 125 123 128 404 526 566 710 747 -1 -2 
87 87 126 99 126 627 710 717 856 863 -1 -2 
87 99 126 134 196 270 293 316 402 468 -1 -2 
87 87 99 126 562 625 652 693 918 972 -1 -2 
87 99 126 126 286 691 789 810 845 879 -1 -2 
87 87 99 252 126 381 427 726 758 866 -1 -2 
87 99 126 227 243 364 424 808 875 908 -1 -2 
70 70 88 119 111 119 653 127 751 963 -1 -2 
87 99 99 126 127 513 556 665 890 931 -1 -2 
87 88 99 119 126 443 486 816 925 943 -1 -2 
87 99 126 126 572 609 650 716 868 988 -1 -2 
87 99 99 126 128 331 504 656 951 996 -1 -2 
87 87 126 99 126 557 652 658 673 805 -1 -2 
87 99 126 126 488 720 836 898 967 988 -1 -2 
87 87 99 126 346 578 740 801 816 896 -1 -2 
87 99 99 126 128 809 892 919 923 928 -1 -2 
87 99 126 119 127 737 812 841 887 978 -1 -2 
95 51 125 123 128 408 451 774 926 991 -1 -2 
70 88 111 123 119 127 719 726 733 907 -1 -2 
90 90 111 114 127 687 688 708 752 936 -1 -2 
70 88 88 111 119 452 127 654 661 685 -1 -2 
70 88 88 119 111 119 338 127 969 998 -1 -2 
90 88 114 119 127 751 760 766 931 940 -1 -2 
90 114 116 123 128 607 659 765 928 955 -1 -2 
70 90 111 114 127 774 810 868 877 937 -1 -2 
90 88 114 119 127 751 818 828 858 895 -1 -2 
37 51 111 116 127 123 128 710 891 989 -1 -2 
29 70 88 111 119 585 127 745 756 861 -1 -2 
70 70 111 88 111 619 119 127 914 928 -1 -2 
70 88 88 119 111 119 714 127 807 920 -1 -2 
90 114 116 123 128 531 676 807 856 930 -1 -2 
70 88 111 119 119 127 642 729 942 948 -1 -2 
70 70 88 119 111 119 622 127 763 979 -1 -2 
70 170 88 111 119 599 127 711 712 772 -1 -2 
11 70 88 117 111 668 119 127 879 949 -1 -2 
70 70 88 119 111 736 119 127 893 918 -1 -2 
70 88 111 325 119 127 427 488 613 712 -1 -2 
70 51 88 111 119 127 683 720 881 900 -1 -2 
70 37 111 51 127 116 123 128 835 996 -1 -2 
95 51 125 123 128 596 800 808 831 886 -1 -2 
70 70 111 88 111 119 127 713 863 910 -1 -2 
37 70 116 88 128 111 119 127 683 760 -1 -2 
70 88 88 119 111 615 119 127 873 875 -1 -2 
71 70 88 378 111 119 127 690 719 975 -1 -2 
37 95 116 125 128 788 801 852 898 963 -1 -2 
70 90 111 114 127 530 616 694 906 981 -1 -2 
4 37 51 179 116 123 128 417 651 708 -1 -2 
70 95 111 125 127 738 821 872 877 912 -1 -2 
32 70 297 88 464 111 119 127 828 872 -1 -2 
70 88 111 119 127 506 669 747 818 840 -1 -2 
70 88 111 587 119 127 791 904 953 978 -1 -2 
37 244 51 116 559 123 621 128 870 914 -1 -2 
93 90 114 509 582 636 674 764 935 991 -1 -2 
70 248 88 470 111 119 810 127 918 960 -1 -2 
70 88 111 119 127 127 833 883 967 997 -1 -2 
70 90 111 114 127 712 722 740 805 949 -1 -2 
95 70 116 88 128 111 119 127 663 949 -1 -2 
70 88 88 119 111 119 679 127 913 940 -1 -2 
90 114 111 119 127 525 611 618 690 972 -1 -2 
145 371 435 448 451 467 592 606 726 933 -1 -2 
70 90 114 119 127 747 897 924 933 980 -1 -2 
70 70 88 119 111 119 710 127 905 996 -1 -2 
23 70 136 88 329 111 119 127 638 686 -1 -2 
70 88 88 119 111 119 127 656 715 833 -1 -2 
70 70 111 88 127 111 119 127 977 1000 -1 -2 
70 88 88 111 127 119 718 127 777 965 -1 -2 
69 90 110 133 545 621 626 697 811 883 -1 -2 
70 90 114 119 127 498 628 817 919 925 -1 -2 
70 88 137 111 119 127 419 649 791 942 -1 -2 
70 88 116 111 119 502 127 747 896 988 -1 -2 
37 51 116 123 123 128 454 571 592 643 -1 -2 
70 109 111 119 127 628 804 889 910 995 -1 -2 
70 88 88 111 127 119 127 491 919 987 -1 -2 
90 51 114 123 128 525 779 871 899 951 -1 -2 
265 11 44 91 598 117 680 120 799 816 -1 -2 
70 70 111 88 127 111 119 127 884 931 -1 -2 
51 70 88 111 119 401 127 685 869 934 -1 -2 
37 37 116 51 116 580 123 128 891 914 -1 -2 
90 114 111 119 127 439 514 781 844 967 -1 -2 
70 90 114 119 127 614 698 707 930 959 -1 -2 
37 70 116 88 111 119 524 127 722 848 -1 -2 
70 88 88 119 111 361 119 127 756 1000 -1 -2 
70 51 88 111 128 119 544 127 938 974 -1 -2 
70 90 111 114 127 735 743 819 937 974 -1 -2 
70 88 111 111 119 623 127 852 866 940 -1 -2 
70 88 111 297 119 527 127 599 648 762 -1 -2 
70 88 111 111 127 119 127 469 588 857 -1 -2 
33 70 88 111 308 119 127 929 940 980 -1 -2 
95 70 88 111 119 645 127 883 921 958 -1 -2 
70 361 88 111 119 127 535 607 706 838 -1 -2 
70 97 88 111 119 127 726 733 836 971 -1 -2 
70 99 88 111 119 462 127 671 727 940 -1 -2 
70 88 88 119 111 119 127 768 912 995 -1 -2 
15 70 245 88 111 483 119 127 749 841 -1 -2 
90 114 116 123 128 736 751 878 936 1000 -1 -2 
70 88 111 327 119 568 127 874 896 977 -1 -2 
90 70 165 88 445 111 119 127 938 953 -1 -2 
53 186 400 458 625 705 787 824 841 905 -1 -2 
90 70 111 88 111 552 119 127 773 810 -1 -2 
47 37 51 454 116 892 123 128 953 977 -1 -2 
70 37 111 51 116 795 123 128 934 998 -1 -2 
70 70 111 88 127 111 119 127 837 996 -1 -2 
70 90 111 114 127 259 338 381 622 845 -1 -2 
204 70 88 111 119 127 603 737 766 926 -1 -2 
70 88 88 119 111 119 825 127 935 940 -1 -2 
37 88 51 119 116 699 123 128 851 921 -1 -2 
37 70 116 88 111 119 127 760 773 983 -1 -2 
70 51 88 123 111 619 119 127 821 912 -1 -2 
37 70 88 123 111 515 119 127 661 979 -1 -2 
70 88 111 119 127 730 736 761 851 893 -1 -2 
351 70 88 579 111 734 119 127 836 943 -1 -2 
55 37 694 51 116 123 796 128 959 965 -1 -2 
70 90 114 119 127 537 551 568 735 999 -1 -2 
70 90 114 119 127 581 744 773 794 915 -1 -2 
70 70 111 88 111 622 119 127 867 910 -1 -2 
37 70 88 123 111 119 127 734 791 857 -1 -2 
37 51 116 123 128 497 517 769 782 906 -1 -2 
9 95 104 125 243 327 368 696 786 839 -1 -2 
70 70 111 88 127 111 119 127 744 926 -1 -2 
90 65 114 179 542 580 668 807 889 982 -1 -2 
70 70 111 88 127 111 119 127 910 921 -1 -2 
70 37 111 51 116 806 123 128 937 967 -1 -2 
94 70 357 88 494 111 119 127 748 884 -1 -2 
37 94 51 212 116 299 123 128 647 669 -1 -2 
42 70 275 88 364 111 119 127 806 975 -1 -2 
90 70 332 88 419 111 119 127 853 949 -1 -2 
90 88 114 119 127 608 750 754 845 861 -1 -2 
37 88 51 116 127 123 128 812 908 960 -1 -2 
70 46 88 111 119 127 712 740 887 900 -1 -2 
70 70 111 88 111 119 668 127 850 882 -1 -2 
70 88 88 119 111 768 119 127 872 945 -1 -2 
70 70 88 119 111 119 127 793 866 934 -1 -2 
37 109 116 123 128 675 687 796 865 895 -1 -2 
70 109 111 119 127 384 424 691 902 932 -1 -2 
29 156 162 211 336 382 583 888 984 992 -1 -2 
70 70 88 111 127 119 127 750 766 910 -1 -2 
3 95 125 368 431 478 494 553 616 846 -1 -2 
70 70 111 88 127 111 119 127 820 884 -1 -2 
90 88 114 119 127 526 563 755 895 966 -1 -2 
134 70 295 88 459 111 119 127 703 797 -1 -2 
6 70 221 88 111 448 119 127 951 998 -1 -2 
70 90 114 119 127 536 572 581 629 731 -1 -2 
70 90 114 119 127 444 543 713 766 996 -1 -2 
70 70 111 88 127 111 119 127 895 993 -1 -2 
95 70 88 119 111 634 119 127 868 885 -1 -2 
70 88 88 111 127 119 127 759 773 902 -1 -2 
10 90 153 114 215 563 658 716 735 806 -1 -2 
70 88 116 111 128 119 127 584 835 957 -1 -2 
11 70 88 117 111 119 692 127 863 927 -1 -2 
70 88 88 111 127 119 127 743 889 992 -1 -2 
11 70 91 88 120 111 119 127 918 936 -1 -2 
70 104 88 111 119 607 127 721 756 870 -1 -2 
70 37 51 119 116 594 123 128 902 977 -1 -2 
70 70 88 111 127 119 127 679 770 937 -1 -2 
70 88 88 111 119 581 127 672 783 907 -1 -2 
70 88 111 119 127 901 930 966 990 995 -1 -2 
70 51 88 123 111 119 127 955 970 1000 -1 -2 
70 70 88 111 119 497 127 670 702 975 -1 -2 
95 70 111 88 127 111 119 127 867 983 -1 -2 
20 133 177 301 311 695 746 850 932 941 -1 -2 
90 51 114 123 128 356 406 616 670 735 -1 -2 
39 37 460 51 116 123 128 834 907 1000 -1 -2 
34 58 208 367 377 432 519 769 788 814 -1 -2 
156 70 386 88 111 119 703 127 746 781 -1 -2 
5 70 75 88 111 408 119 127 968 977 -1 -2 
70 70 111 88 111 538 119 127 786 887 -1 -2 
86 70 345 88 111 540 119 127 829 994 -1 -2 
70 51 88 111 119 538 127 731 774 962 -1 -2 
95 51 125 123 128 372 436 717 850 960 -1 -2 
70 70 88 111 119 127 602 665 888 894 -1 -2 
37 166 51 116 123 128 598 625 724 997 -1 -2 
70 88 144 111 341 119 127 625 716 738 -1 -2 
13 36 180 269 329 352 457 559 600 851 -1 -2 
37 90 114 123 128 326 372 407 486 982 -1 -2 
37 51 51 116 123 128 604 626 731 860 -1 -2 
96 37 51 338 116 123 128 489 716 852 -1 -2 
152 37 222 51 116 123 128 599 666 903 -1 -2 
70 70 111 88 111 610 119 127 826 873 -1 -2 
34 86 217 272 340 443 547 666 736 974 -1 -2 
70 70 88 119 111 119 599 127 792 916 -1 -2 
37 51 116 123 499 128 734 830 838 999 -1 -2 
37 51 116 123 614 128 658 743 809 866 -1 -2 
198 204 325 449 557 625 732 822 842 907 -1 -2 
85 213 253 255 302 500 520 527 717 825 -1 -2 
70 88 111 111 119 127 737 820 966 976 -1 -2 
70 51 88 111 119 650 127 727 883 892 -1 -2 
90 70 181 88 529 111 119 127 929 930 -1 -2 
70 70 88 111 127 119 127 780 913 962 -1 -2 
70 90 114 119 127 227 629 643 718 958 -1 -2 
37 37 51 123 116 464 123 128 826 926 -1 -2 
70 70 111 88 111 119 127 703 783 833 -1 -2 
70 90 111 114 127 594 667 822 874 914 -1 -2 
37 59 51 116 385 123 626 128 745 783 -1 -2 
17 70 110 88 111 119 505 127 708 971 -1 -2 
70 88 111 119 127 667 744 817 850 853 -1 -2 
37 51 111 116 127 123 701 128 730 733 -1 -2 
70 70 88 111 119 613 127 722 794 890 -1 -2 
37 87 51 203 116 403 123 128 848 880 -1 -2 
70 90 111 114 127 408 538 753 770 872 -1 -2 
306 37 51 574 116 123 710 128 755 860 -1 -2 
279 366 477 521 594 736 760 791 820 997 -1 -2 
70 104 88 111 346 119 127 517 778 856 -1 -2 
70 88 88 119 111 119 880 127 958 962 -1 -2 
37 129 51 116 236 123 128 558 705 908 -1 -2 
70 88 256 111 119 676 127 750 926 936 -1 -2 
70 51 88 123 111 119 737 127 781 862 -1 -2 
37 51 116 123 128 713 867 877 949 955 -1 -2 
37 74 51 116 123 128 635 721 847 868 -1 -2 
73 70 88 530 111 731 119 127 945 982 -1 -2 
70 70 88 111 127 119 127 655 753 917 -1 -2 
70 70 111 88 127 111 119 127 916 951 -1 -2 
37 88 51 119 116 505 123 128 580 670 -1 -2 
37 70 116 88 128 111 119 127 543 837 -1 -2 
37 70 116 88 111 424 119 127 611 768 -1 -2 
37 70 88 123 111 438 119 127 732 961 -1 -2 
70 70 88 119 111 119 623 127 854 890 -1 -2 
37 88 51 119 116 123 128 887 978 990 -1 -2 
37 51 51 123 116 123 128 898 934 998 -1 -2 
90 114 116 123 128 448 526 643 648 980 -1 -2 
37 131 51 116 460 123 739 128 885 911 -1 -2 
35 95 125 424 431 455 524 584 675 919 -1 -2 
11 74 44 91 278 117 664 120 733 881 -1 -2 
135 90 114 367 468 699 715 851 949 966 -1 -2 
4 90 114 615 638 662 689 723 871 978 -1 -2 
4 95 125 360 373 398 526 735 863 891 -1 -2 
27 245 253 377 453 545 557 612 757 953 -1 -2 
37 95 116 125 128 491 659 755 758 837 -1 -2 
37 540 51 674 116 693 123 128 863 876 -1 -2 
95 188 125 390 681 799 938 941 945 977 -1 -2 
62 88 155 210 259 661 796 817 923 950 -1 -2 
7 55 59 172 226 313 536 564 878 893 -1 -2 
98 290 306 341 365 398 478 708 738 903 -1 -2 
90 114 590 687 716 738 806 911 979 996 -1 -2 
10 33 105 191 544 554 593 662 891 960 -1 -2 
115 196 216 301 466 530 673 694 729 940 -1 -2 
37 51 268 116 123 128 602 619 711 744 -1 -2 
18 293 296 523 537 681 709 824 856 961 -1 -2 
37 51 116 123 123 128 372 470 588 805 -1 -2 
90 107 114 416 442 528 584 656 661 760 -1 -2 
203 11 44 91 451 117 735 120 960 1000 -1 -2 
128 213 313 434 489 602 743 754 819 951 -1 -2 
22 37 226 51 116 440 123 128 778 998 -1 -2 
90 51 114 123 128 581 613 703 806 922 -1 -2 
112 146 330 427 495 542 729 815 820 841 -1 -2 
300 37 568 51 687 116 123 128 987 997 -1 -2 
90 51 114 123 128 427 449 472 551 717 -1 -2 
15 36 117 273 324 538 584 673 712 904 -1 -2 
29 135 164 312 573 592 611 652 778 873 -1 -2 
108 115 134 142 299 628 757 836 898 988 -1 -2 
90 114 316 326 467 471 601 602 842 867 -1 -2 
198 37 385 51 572 116 123 128 693 861 -1 -2 
91 37 51 116 123 128 560 677 727 770 -1 -2 
37 41 51 150 116 310 123 128 891 903 -1 -2 
47 113 332 334 357 526 561 599 866 902 -1 -2 
90 114 116 123 128 352 611 616 627 780 -1 -2 
94 37 51 394 116 569 123 128 700 884 -1 -2 
79 140 219 283 724 726 755 760 771 868 -1 -2 
75 95 125 355 485 556 562 635 725 779 -1 -2 
37 51 131 116 451 123 128 568 648 887 -1 -2 
37 51 116 123 123 128 912 914 935 936 -1 -2 
37 90 116 114 128 464 621 674 692 866 -1 -2 
4 55 60 210 368 526 632 645 820 860 -1 -2 
37 51 116 116 128 123 128 728 740 921 -1 -2 
20 316 354 408 421 466 484 510 870 963 -1 -2 
90 51 114 123 128 833 849 891 900 906 -1 -2 
6 56 99 256 290 390 462 817 894 987 -1 -2 
70 159 365 429 525 603 607 684 816 937 -1 -2 
21 157 212 279 560 693 793 823 888 971 -1 -2 
37 125 51 339 116 389 123 128 912 941 -1 -2 
90 114 222 226 254 357 748 849 896 993 -1 -2 
90 114 116 123 128 804 842 868 922 998 -1 -2 
116 37 212 51 116 437 123 128 718 907 -1 -2 
37 90 114 123 128 511 553 726 810 901 -1 -2 
58 64 268 335 451 492 534 610 845 893 -1 -2 
345 398 409 462 686 761 772 840 921 936 -1 -2 
27 163 185 219 221 321 400 489 870 975 -1 -2 
186 343 664 681 737 790 811 865 866 950 -1 -2 
205 37 357 51 434 116 123 128 748 992 -1 -2 
62 86 281 378 398 584 697 776 833 884 -1 -2 
95 125 312 335 342 528 549 621 655 938 -1 -2 
72 327 407 475 571 612 649 742 796 891 -1 -2 
37 95 116 125 128 770 895 901 908 929 -1 -2 
28 126 193 257 318 523 755 806 885 967 -1 -2 
37 51 271 116 123 128 510 616 722 806 -1 -2 
10 37 309 51 116 578 123 128 870 952 -1 -2 
121 37 255 51 116 123 753 128 854 952 -1 -2 
15 90 260 114 483 503 520 764 883 957 -1 -2 
11 37 51 116 123 128 747 856 958 985 -1 -2 
95 37 51 405 116 123 128 943 949 966 -1 -2 
36 37 51 206 116 123 447 128 709 882 -1 -2 
37 51 116 123 128 701 705 777 785 843 -1 -2 
47 59 172 231 289 309 359 504 806 844 -1 -2 
90 114 85 158 501 656 664 833 898 951 -1 -2 
90 114 116 123 128 479 647 668 670 859 -1 -2 
30 37 200 51 340 116 123 128 663 706 -1 -2 
37 51 51 116 128 123 128 768 782 893 -1 -2 
85 37 387 51 570 116 123 128 841 883 -1 -2 
90 114 116 123 128 679 700 731 935 981 -1 -2 
3 26 170 306 342 421 606 701 860 926 -1 -2 
54 62 331 361 376 444 601 665 752 936 -1 -2 
37 90 114 123 128 614 658 750 753 900 -1 -2 
90 114 116 123 128 608 694 727 746 988 -1 -2 
20 246 318 398 522 595 691 717 835 884 -1 -2 
93 145 185 187 215 454 541 825 868 932 -1 -2 
56 37 231 51 285 116 123 128 547 549 -1 -2 
62 103 346 362 390 449 651 669 675 822 -1 -2 
90 51 114 123 128 278 691 769 852 853 -1 -2 
37 51 116 267 123 128 391 626 636 662 -1 -2 
8 37 51 116 570 123 750 128 874 922 -1 -2 
37 51 217 116 123 128 661 777 885 928 -1 -2 
37 51 116 116 128 123 128 636 866 991 -1 -2 
37 90 116 114 128 733 808 822 847 848 -1 -2 
37 51 51 123 116 705 123 128 927 942 -1 -2 
11 63 44 345 91 568 117 120 807 969 -1 -2 
52 75 97 180 238 495 572 587 708 747 -1 -2 
49 152 208 410 490 657 732 809 819 852 -1 -2 
37 51 116 116 123 128 720 816 888 904 -1 -2 
