80 70 107 109 122 125 128 705 771 898 -1 -2 
80 80 106 110 107 110 128 116 127 128 -1 -2 
80 109 106 125 107 127 110 116 127 128 -1 -2 
80 79 106 107 763 110 939 116 127 128 -1 -2 
80 80 106 107 110 116 127 773 128 906 -1 -2 
80 70 107 109 116 122 125 702 783 833 -1 -2 
70 109 122 125 116 127 128 581 650 831 -1 -2 
2 80 106 110 107 110 116 127 128 920 -1 -2 
80 106 107 110 110 116 128 127 910 128 -1 -2 
104 80 106 110 107 127 110 116 127 128 -1 -2 
80 80 107 106 116 107 110 116 127 128 -1 -2 
80 80 106 110 107 127 110 116 127 128 -1 -2 
80 106 106 110 107 110 128 116 127 128 -1 -2 
80 109 106 125 107 597 110 116 127 128 -1 -2 
80 106 107 107 116 110 116 627 127 128 -1 -2 
70 80 106 125 107 110 515 116 127 128 -1 -2 
70 80 106 125 107 110 128 116 127 128 -1 -2 
80 80 107 106 116 107 110 116 127 128 -1 -2 
70 109 122 125 116 127 128 805 889 928 -1 -2 
80 106 107 110 110 127 116 127 787 128 -1 -2 
45 71 87 110 116 127 128 449 657 826 -1 -2 
70 106 109 122 125 127 128 712 717 912 -1 -2 
80 106 107 107 116 110 116 127 128 832 -1 -2 
80 80 106 107 110 116 128 127 960 128 -1 -2 
80 80 107 106 107 127 110 116 127 128 -1 -2 
80 70 107 109 116 122 125 762 824 950 -1 -2 
80 80 107 106 116 107 110 116 127 128 -1 -2 
80 2 107 79 116 127 128 771 970 983 -1 -2 
80 106 107 107 110 127 116 447 127 128 -1 -2 
80 104 115 110 124 127 128 814 889 937 -1 -2 
80 70 109 122 116 125 128 588 865 956 -1 -2 
80 80 107 106 107 110 128 116 127 128 -1 -2 
80 106 87 107 110 116 128 127 128 909 -1 -2 
80 106 107 110 110 127 116 127 756 128 -1 -2 
80 80 107 106 116 107 110 116 127 128 -1 -2 
80 79 106 110 107 127 110 116 127 128 -1 -2 
80 106 107 107 110 116 127 128 861 979 -1 -2 
80 80 106 110 107 110 116 127 128 822 -1 -2 
80 80 107 106 107 127 110 116 127 128 -1 -2 
80 106 122 107 116 110 128 116 127 128 -1 -2 
80 80 106 110 107 127 110 116 127 128 -1 -2 
70 109 122 125 116 127 128 826 914 971 -1 -2 
80 80 106 110 107 110 116 614 127 128 -1 -2 
80 106 122 107 116 110 116 127 865 128 -1 -2 
80 70 109 122 125 127 128 888 902 999 -1 -2 
80 80 107 106 116 107 110 116 127 128 -1 -2 
80 106 106 110 107 110 128 116 127 128 -1 -2 
80 2 79 110 116 127 128 588 622 764 -1 -2 
70 109 109 122 125 127 128 715 889 929 -1 -2 
80 106 106 110 107 127 110 116 127 128 -1 -2 
80 106 106 107 116 110 128 116 127 128 -1 -2 
80 106 106 107 116 110 116 127 782 128 -1 -2 
104 115 107 124 116 127 128 453 496 850 -1 -2 
2 104 115 124 417 425 543 804 854 983 -1 -2 
80 109 106 107 116 110 116 832 127 128 -1 -2 
80 80 107 106 107 110 128 116 127 128 -1 -2 
80 80 106 110 107 127 110 116 127 128 -1 -2 
104 80 106 125 107 110 116 834 127 128 -1 -2 
80 80 106 107 116 110 128 116 127 128 -1 -2 
2 79 107 110 116 127 128 627 656 805 -1 -2 
80 70 107 109 122 125 128 663 807 936 -1 -2 
70 109 122 110 125 127 128 746 747 967 -1 -2 
70 109 122 125 116 127 128 823 835 904 -1 -2 
80 70 109 110 122 127 125 632 817 889 -1 -2 
80 109 106 107 110 127 116 127 776 128 -1 -2 
80 109 106 107 116 110 128 116 127 128 -1 -2 
80 80 106 107 110 116 127 627 128 985 -1 -2 
80 106 107 110 300 116 574 127 701 128 -1 -2 
2 70 107 109 122 127 125 849 967 980 -1 -2 
80 106 122 107 110 116 646 127 894 128 -1 -2 
80 106 106 110 107 127 110 116 127 128 -1 -2 
80 70 107 109 116 122 125 813 899 1000 -1 -2 
2 79 107 110 116 127 128 848 934 966 -1 -2 
104 80 106 107 110 116 128 127 823 128 -1 -2 
80 106 107 110 116 127 127 971 128 986 -1 -2 
80 2 79 110 116 127 128 699 848 965 -1 -2 
80 106 107 107 116 110 116 127 965 128 -1 -2 
70 109 107 122 125 127 128 776 811 947 -1 -2 
80 80 107 106 116 107 110 116 127 128 -1 -2 
80 109 106 107 110 127 116 127 938 128 -1 -2 
80 109 106 125 107 110 116 353 127 128 -1 -2 
80 106 106 107 110 116 127 866 128 966 -1 -2 
45 79 71 110 87 127 128 681 847 955 -1 -2 
80 106 106 107 110 116 128 127 128 701 -1 -2 
2 106 79 110 116 127 128 909 964 977 -1 -2 
80 80 106 107 116 110 116 636 127 128 -1 -2 
70 109 107 122 116 125 128 414 570 835 -1 -2 
80 106 106 107 116 110 116 127 867 128 -1 -2 
80 80 107 106 116 107 110 116 127 128 -1 -2 
80 106 106 110 107 127 110 116 127 128 -1 -2 
80 106 107 107 110 116 128 127 128 977 -1 -2 
80 70 107 109 122 127 125 923 947 996 -1 -2 
80 106 106 107 116 110 128 116 127 128 -1 -2 
80 106 106 107 110 127 116 863 127 128 -1 -2 
80 80 106 110 107 110 116 127 128 975 -1 -2 
70 115 109 110 122 127 125 650 727 864 -1 -2 
80 80 107 106 116 107 110 116 127 128 -1 -2 
80 106 106 107 116 110 128 116 127 128 -1 -2 
80 80 107 106 116 107 110 116 127 128 -1 -2 
80 106 107 107 116 110 116 584 127 128 -1 -2 
80 80 106 110 107 127 110 116 127 128 -1 -2 
80 80 106 110 107 127 110 116 127 128 -1 -2 
2 70 109 110 122 127 125 807 872 988 -1 -2 
80 106 107 110 116 116 128 127 896 128 -1 -2 
2 79 124 125 116 127 128 569 579 1000 -1 -2 
80 80 107 106 107 110 116 677 127 128 -1 -2 
80 79 106 107 116 110 116 534 127 128 -1 -2 
104 109 115 125 124 127 128 797 849 991 -1 -2 
45 80 106 125 107 127 110 116 127 128 -1 -2 
104 106 115 124 116 127 128 845 862 900 -1 -2 
2 106 79 110 116 127 128 846 927 943 -1 -2 
80 106 107 110 116 127 128 682 799 989 -1 -2 
80 106 106 107 110 127 116 127 935 128 -1 -2 
80 80 106 110 107 127 110 116 127 128 -1 -2 
80 106 107 110 116 127 128 128 860 930 -1 -2 
80 106 107 107 110 127 116 127 645 128 -1 -2 
80 70 109 110 122 125 128 885 915 926 -1 -2 
70 106 109 110 122 127 125 774 775 938 -1 -2 
70 109 107 122 116 125 128 806 903 952 -1 -2 
80 80 107 106 116 107 110 116 127 128 -1 -2 
80 80 106 110 107 127 110 116 127 128 -1 -2 
80 106 107 110 110 127 116 421 127 128 -1 -2 
70 80 106 125 107 110 116 127 714 128 -1 -2 
70 106 109 110 122 125 128 693 957 986 -1 -2 
80 70 107 109 122 125 128 707 770 875 -1 -2 
129 80 460 106 634 107 110 116 127 128 -1 -2 
80 79 106 110 107 127 110 116 127 128 -1 -2 
80 2 79 110 116 127 128 659 681 925 -1 -2 
80 80 107 106 116 107 110 116 127 128 -1 -2 
80 106 122 107 110 645 116 745 127 128 -1 -2 
80 106 106 110 107 110 128 116 127 128 -1 -2 
80 106 107 107 116 110 128 116 127 128 -1 -2 
80 80 106 110 107 127 110 116 127 128 -1 -2 
80 106 107 107 110 116 127 128 857 878 -1 -2 
70 80 122 106 116 107 110 116 127 128 -1 -2 
80 109 106 107 116 110 116 127 893 128 -1 -2 
80 106 87 107 110 116 128 127 128 985 -1 -2 
80 106 106 110 107 127 110 116 127 128 -1 -2 
80 80 106 110 107 127 110 116 127 128 -1 -2 
80 106 107 110 110 127 116 790 127 128 -1 -2 
80 80 107 106 107 127 110 116 127 128 -1 -2 
80 2 107 79 116 127 128 828 891 932 -1 -2 
80 104 107 115 124 127 128 493 611 830 -1 -2 
80 115 106 125 107 577 110 116 127 128 -1 -2 
80 106 106 107 110 127 116 673 127 128 -1 -2 
80 80 106 110 107 127 110 116 127 128 -1 -2 
80 106 107 110 116 127 128 842 946 960 -1 -2 
80 70 107 109 122 127 125 533 892 916 -1 -2 
70 106 109 110 122 125 128 891 907 970 -1 -2 
80 106 122 107 116 110 128 116 127 128 -1 -2 
80 106 107 110 110 116 127 808 128 920 -1 -2 
2 80 106 110 107 127 110 116 127 128 -1 -2 
80 109 106 107 110 765 116 127 128 952 -1 -2 
80 106 107 107 110 116 128 127 128 985 -1 -2 
80 106 107 107 110 127 116 877 127 128 -1 -2 
80 106 106 107 110 116 127 128 877 942 -1 -2 
70 45 122 71 87 127 128 963 974 980 -1 -2 
80 106 107 107 116 110 128 116 127 128 -1 -2 
2 7 107 108 116 127 128 704 757 986 -1 -2 
2 80 106 107 110 127 116 127 907 128 -1 -2 
80 109 106 125 107 110 128 116 127 128 -1 -2 
80 106 107 110 110 116 128 127 818 128 -1 -2 
80 178 106 223 107 463 110 116 127 128 -1 -2 
80 106 122 107 110 116 127 491 128 983 -1 -2 
80 106 107 110 116 116 128 127 128 645 -1 -2 
70 80 106 107 110 116 127 128 886 999 -1 -2 
80 106 106 107 110 116 127 128 818 849 -1 -2 
80 106 107 107 110 127 116 904 127 128 -1 -2 
80 106 107 107 110 127 116 630 127 128 -1 -2 
104 80 124 106 107 110 116 912 127 128 -1 -2 
80 80 107 106 107 127 110 116 127 128 -1 -2 
80 106 107 110 116 116 128 127 810 128 -1 -2 
80 80 107 106 107 110 128 116 127 128 -1 -2 
70 106 109 122 125 127 128 333 392 567 -1 -2 
70 80 122 106 116 107 110 116 127 128 -1 -2 
80 79 106 107 116 110 128 116 127 128 -1 -2 
80 106 107 110 110 127 116 645 127 128 -1 -2 
80 106 107 110 110 116 128 127 795 128 -1 -2 
80 106 107 125 110 116 855 127 128 973 -1 -2 
80 106 107 110 376 116 608 127 880 128 -1 -2 
80 80 107 106 107 127 110 116 127 128 -1 -2 
2 80 106 110 107 110 116 607 127 128 -1 -2 
80 106 106 107 116 110 128 116 127 128 -1 -2 
80 80 107 106 107 110 128 116 127 128 -1 -2 
70 80 122 106 530 107 110 116 127 128 -1 -2 
80 70 109 122 125 127 128 316 402 468 -1 -2 
80 79 106 110 107 110 116 693 127 128 -1 -2 
70 80 106 107 116 110 128 116 127 128 -1 -2 
2 70 122 109 116 122 125 726 758 866 -1 -2 
104 115 122 124 116 127 128 808 875 908 -1 -2 
80 80 107 106 107 127 110 116 127 128 -1 -2 
80 106 107 110 116 127 127 128 890 931 -1 -2 
80 80 107 106 107 127 110 116 127 128 -1 -2 
80 106 107 110 110 116 127 128 868 988 -1 -2 
104 80 106 110 107 110 116 656 127 128 -1 -2 
80 109 106 107 367 110 652 116 127 128 -1 -2 
80 106 107 107 110 127 116 127 967 128 -1 -2 
2 80 107 106 116 107 110 116 127 128 -1 -2 
80 106 122 107 661 110 116 127 128 928 -1 -2 
70 109 107 122 116 125 128 841 887 978 -1 -2 
80 106 107 110 116 116 127 774 128 991 -1 -2 
80 80 106 107 110 127 116 127 128 907 -1 -2 
70 80 106 125 107 127 110 116 127 128 -1 -2 
80 2 107 79 116 127 128 654 661 685 -1 -2 
80 106 93 107 154 110 116 127 128 998 -1 -2 
80 80 106 110 107 127 110 116 127 128 -1 -2 
80 2 79 110 116 127 128 765 928 955 -1 -2 
80 106 107 107 116 110 116 127 128 937 -1 -2 
80 70 109 110 122 127 125 828 858 895 -1 -2 
80 80 106 110 107 127 110 116 127 128 -1 -2 
80 80 106 107 116 110 128 116 127 128 -1 -2 
80 70 107 109 116 122 125 871 914 928 -1 -2 
80 106 107 110 110 127 116 127 128 920 -1 -2 
2 80 106 107 116 110 116 127 856 128 -1 -2 
70 80 122 106 517 107 110 116 127 128 -1 -2 
80 106 106 110 107 127 110 116 127 128 -1 -2 
70 80 106 107 585 110 641 116 127 128 -1 -2 
80 80 106 107 110 116 128 127 128 949 -1 -2 
70 80 122 106 116 107 110 116 127 128 -1 -2 
70 186 109 325 122 125 427 488 613 712 -1 -2 
80 106 106 110 107 127 110 116 127 128 -1 -2 
80 106 106 107 110 116 127 128 835 996 -1 -2 
104 106 115 110 124 127 128 808 831 886 -1 -2 
80 106 107 107 110 116 128 127 863 128 -1 -2 
80 106 107 107 116 110 116 127 128 760 -1 -2 
70 80 122 106 107 110 128 116 127 128 -1 -2 
104 115 122 124 116 127 128 690 719 975 -1 -2 
70 109 122 122 125 788 801 852 898 963 -1 -2 
104 80 124 106 116 107 110 116 127 128 -1 -2 
70 2 79 125 116 127 128 417 651 708 -1 -2 
80 80 107 106 116 107 110 116 127 128 -1 -2 
80 106 107 125 110 127 116 615 127 128 -1 -2 
80 106 106 107 116 110 116 127 128 840 -1 -2 
70 109 109 122 116 125 128 904 953 978 -1 -2 
80 80 107 106 107 110 116 667 127 128 -1 -2 
80 80 107 106 116 107 110 116 127 128 -1 -2 
80 80 107 106 116 107 110 116 127 128 -1 -2 
70 80 122 106 116 107 110 116 127 128 -1 -2 
70 109 109 125 122 125 128 740 805 949 -1 -2 
104 106 115 110 124 127 128 547 663 949 -1 -2 
80 106 107 107 116 110 128 116 127 128 -1 -2 
70 80 122 106 107 110 611 116 127 128 -1 -2 
80 106 124 107 110 127 116 127 128 933 -1 -2 
70 80 106 107 110 127 116 924 127 128 -1 -2 
80 80 107 106 116 107 110 116 127 128 -1 -2 
2 79 107 110 116 127 128 623 638 686 -1 -2 
80 106 106 107 116 110 116 656 127 128 -1 -2 
80 80 106 110 107 110 116 127 977 128 -1 -2 
70 109 107 122 116 125 128 721 777 965 -1 -2 
80 109 106 125 107 621 110 116 127 128 -1 -2 
70 109 107 122 116 125 128 817 919 925 -1 -2 
80 106 106 107 110 116 127 649 128 942 -1 -2 
80 106 107 125 110 502 116 127 896 128 -1 -2 
70 79 109 110 122 125 128 571 592 643 -1 -2 
80 106 107 110 116 127 128 889 910 995 -1 -2 
80 106 107 110 116 116 127 128 919 987 -1 -2 
70 80 106 125 107 110 116 127 899 128 -1 -2 
80 106 107 107 110 127 116 127 799 128 -1 -2 
80 106 106 107 110 116 127 782 128 931 -1 -2 
70 109 107 122 125 127 128 685 869 934 -1 -2 
80 106 106 107 110 127 116 743 127 128 -1 -2 
70 80 122 106 116 107 110 116 127 128 -1 -2 
80 106 106 107 116 110 128 116 127 128 -1 -2 
80 106 107 107 116 110 116 127 722 128 -1 -2 
80 80 107 106 107 110 116 739 127 128 -1 -2 
80 80 106 110 107 110 128 116 127 128 -1 -2 
80 106 106 107 116 110 116 127 937 128 -1 -2 
80 80 106 110 107 110 128 116 127 128 -1 -2 
80 106 107 110 110 127 116 127 648 128 -1 -2 
70 109 122 122 328 125 420 469 588 857 -1 -2 
70 80 122 106 308 107 110 116 127 128 -1 -2 
80 106 106 110 107 127 110 116 127 128 -1 -2 
2 106 79 110 116 127 128 607 706 838 -1 -2 
80 80 106 110 107 127 110 116 127 128 -1 -2 
70 104 115 124 116 127 128 671 727 940 -1 -2 
80 106 107 107 110 127 116 127 912 128 -1 -2 
70 109 124 122 125 127 128 671 749 841 -1 -2 
80 80 106 107 110 116 127 878 128 1000 -1 -2 
80 80 107 106 107 127 110 116 127 128 -1 -2 
80 80 107 106 116 107 110 116 127 128 -1 -2 
2 70 122 109 625 122 125 824 841 905 -1 -2 
2 109 79 125 116 127 128 646 773 810 -1 -2 
80 80 107 106 116 107 110 116 127 128 -1 -2 
70 80 122 106 116 107 110 116 127 128 -1 -2 
80 70 109 122 116 125 128 830 837 996 -1 -2 
80 80 106 107 116 110 128 116 127 128 -1 -2 
104 70 109 122 125 127 128 737 766 926 -1 -2 
80 2 79 110 116 127 128 860 935 940 -1 -2 
80 80 107 106 107 127 110 116 127 128 -1 -2 
80 106 106 107 110 127 116 127 128 983 -1 -2 
80 80 107 106 107 110 128 116 127 128 -1 -2 
2 80 106 110 107 110 128 116 127 128 -1 -2 
80 80 106 107 110 127 116 127 128 893 -1 -2 
80 106 107 107 116 110 128 116 127 128 -1 -2 
80 109 106 125 107 127 110 116 127 128 -1 -2 
80 115 106 125 107 110 116 127 735 128 -1 -2 
80 2 79 110 116 127 128 773 794 915 -1 -2 
80 80 107 106 116 107 110 116 127 128 -1 -2 
2 70 109 125 122 127 125 734 791 857 -1 -2 
70 80 106 107 116 110 116 127 128 906 -1 -2 
80 109 106 107 116 110 128 116 127 128 -1 -2 
80 106 107 107 110 127 116 127 744 128 -1 -2 
104 115 115 124 542 580 668 807 889 982 -1 -2 
2 106 79 110 116 127 128 907 910 921 -1 -2 
80 106 107 110 116 127 127 906 128 967 -1 -2 
104 70 124 109 122 125 128 666 748 884 -1 -2 
80 106 107 125 110 127 116 127 647 128 -1 -2 
80 106 107 110 110 116 128 127 128 975 -1 -2 
80 106 107 107 116 110 116 127 128 949 -1 -2 
80 2 79 110 116 127 128 754 845 861 -1 -2 
80 80 107 106 107 127 110 116 127 128 -1 -2 
80 104 107 115 116 124 128 740 887 900 -1 -2 
80 80 106 110 107 127 110 116 127 128 -1 -2 
80 80 107 106 116 107 110 116 127 128 -1 -2 
80 80 106 107 116 110 128 116 127 128 -1 -2 
80 106 107 110 116 127 128 796 865 895 -1 -2 
80 106 107 107 116 110 116 691 127 128 -1 -2 
80 106 122 107 116 110 128 116 127 128 -1 -2 
80 106 106 110 107 127 110 116 127 128 -1 -2 
80 80 106 110 107 110 128 116 127 128 -1 -2 
80 70 109 122 125 127 128 700 820 884 -1 -2 
70 106 109 122 116 125 128 755 895 966 -1 -2 
80 106 106 110 107 110 116 127 703 128 -1 -2 
70 80 106 107 116 110 128 116 127 128 -1 -2 
80 80 106 107 110 116 128 127 629 128 -1 -2 
104 80 106 125 107 127 110 116 127 128 -1 -2 
2 79 107 110 116 127 128 712 895 993 -1 -2 
80 80 106 107 110 116 127 790 128 885 -1 -2 
80 106 106 110 107 110 116 127 773 128 -1 -2 
2 80 153 106 107 110 658 116 127 128 -1 -2 
80 70 109 122 125 127 128 584 835 957 -1 -2 
80 106 107 107 116 110 116 127 128 927 -1 -2 
70 80 122 106 107 482 110 116 127 128 -1 -2 
80 80 107 106 107 110 116 127 128 936 -1 -2 
80 2 79 110 116 127 128 721 756 870 -1 -2 
80 106 106 107 110 116 127 128 902 977 -1 -2 
80 80 106 110 107 110 128 116 127 128 -1 -2 
80 80 107 106 116 107 110 116 127 128 -1 -2 
80 70 109 110 122 125 128 966 990 995 -1 -2 
80 70 109 122 116 125 128 955 970 1000 -1 -2 
80 70 107 109 122 127 125 670 702 975 -1 -2 
80 106 106 110 107 127 110 116 127 128 -1 -2 
80 80 107 106 116 107 110 116 127 128 -1 -2 
80 106 107 110 110 116 128 127 670 128 -1 -2 
80 80 107 106 116 107 110 116 127 128 -1 -2 
80 106 107 110 110 127 116 769 127 128 -1 -2 
80 70 107 109 116 122 125 717 746 781 -1 -2 
80 106 107 107 110 127 116 757 127 128 -1 -2 
70 109 122 125 116 127 128 694 786 887 -1 -2 
80 80 106 110 107 127 110 116 127 128 -1 -2 
80 80 107 106 107 110 128 116 127 128 -1 -2 
80 106 107 110 110 116 127 717 128 960 -1 -2 
80 80 106 107 110 127 116 665 127 128 -1 -2 
70 80 106 107 116 110 128 116 127 128 -1 -2 
70 104 115 124 116 127 128 625 716 738 -1 -2 
2 79 107 110 116 127 128 559 600 851 -1 -2 
80 80 106 107 116 110 116 127 486 128 -1 -2 
70 80 106 125 107 110 116 626 127 128 -1 -2 
70 80 106 107 110 127 116 127 716 128 -1 -2 
70 80 106 125 107 127 110 116 127 128 -1 -2 
80 106 106 110 107 110 116 726 127 128 -1 -2 
80 106 107 125 110 127 116 666 127 128 -1 -2 
70 80 122 106 116 107 110 116 127 128 -1 -2 
80 104 115 124 116 127 128 830 838 999 -1 -2 
80 80 107 106 116 107 110 116 127 128 -1 -2 
80 104 107 115 116 124 128 822 842 907 -1 -2 
80 106 107 107 116 110 128 116 127 128 -1 -2 
80 80 106 110 107 127 110 116 127 128 -1 -2 
80 106 106 110 107 127 110 116 127 128 -1 -2 
80 80 107 106 107 127 110 116 127 128 -1 -2 
70 104 122 115 124 127 128 780 913 962 -1 -2 
80 106 107 107 116 110 116 643 127 128 -1 -2 
70 80 106 107 116 110 116 127 826 128 -1 -2 
80 109 106 107 564 110 692 116 127 128 -1 -2 
80 106 106 107 116 110 116 822 127 128 -1 -2 
80 109 106 107 110 127 116 676 127 128 -1 -2 
70 80 122 106 116 107 110 116 127 128 -1 -2 
80 80 106 110 107 127 110 116 127 128 -1 -2 
80 106 107 110 116 127 128 716 730 733 -1 -2 
70 70 109 125 122 125 128 722 794 890 -1 -2 
2 70 109 110 122 125 128 789 848 880 -1 -2 
70 115 109 125 122 127 125 753 770 872 -1 -2 
80 2 107 79 116 127 128 712 755 860 -1 -2 
70 80 122 106 116 107 110 116 127 128 -1 -2 
89 104 126 313 346 379 447 517 778 856 -1 -2 
80 104 115 110 124 127 128 881 958 962 -1 -2 
104 80 124 106 236 107 110 116 127 128 -1 -2 
80 106 106 107 116 110 116 750 127 128 -1 -2 
80 70 109 122 125 127 128 750 781 862 -1 -2 
80 80 106 110 107 127 110 116 127 128 -1 -2 
80 115 106 107 110 127 116 127 847 128 -1 -2 
80 80 107 106 107 127 110 116 127 128 -1 -2 
80 106 107 110 110 116 127 128 753 917 -1 -2 
80 106 107 107 110 127 116 870 127 128 -1 -2 
70 80 106 107 116 110 128 116 127 128 -1 -2 
2 109 79 125 116 127 128 505 543 837 -1 -2 
80 106 106 107 116 110 128 116 127 128 -1 -2 
70 80 106 125 107 127 110 116 127 128 -1 -2 
80 106 106 110 107 110 116 802 127 128 -1 -2 
80 80 107 106 116 107 110 116 127 128 -1 -2 
80 2 107 79 116 127 128 898 934 998 -1 -2 
35 70 363 109 122 125 526 643 648 980 -1 -2 
80 106 107 107 110 116 127 128 885 911 -1 -2 
2 80 107 106 116 107 110 116 127 128 -1 -2 
80 80 107 106 116 107 110 116 127 128 -1 -2 
80 80 106 107 116 110 116 127 949 128 -1 -2 
80 106 107 110 116 127 127 128 871 978 -1 -2 
80 106 106 110 107 127 110 116 127 128 -1 -2 
80 80 106 107 110 116 127 128 757 953 -1 -2 
80 109 106 107 481 110 116 127 758 128 -1 -2 
80 80 106 107 116 110 116 847 127 128 -1 -2 
80 106 107 110 110 127 116 941 127 128 -1 -2 
2 70 109 110 122 127 125 817 923 950 -1 -2 
80 55 106 107 226 110 116 127 878 128 -1 -2 
80 80 107 106 116 107 110 116 127 128 -1 -2 
80 106 106 107 116 110 116 127 128 996 -1 -2 
80 109 106 125 107 554 110 116 127 128 -1 -2 
80 70 107 109 122 125 128 694 729 940 -1 -2 
80 106 106 107 116 110 116 619 127 128 -1 -2 
80 2 107 79 116 127 128 824 856 961 -1 -2 
80 106 106 110 107 127 110 116 127 128 -1 -2 
80 80 107 106 116 107 110 116 127 128 -1 -2 
70 109 107 122 125 127 128 930 960 1000 -1 -2 
70 109 109 125 122 125 128 754 819 951 -1 -2 
70 80 122 106 116 107 110 116 127 128 -1 -2 
70 106 109 110 122 125 128 703 806 922 -1 -2 
80 106 106 110 107 127 110 116 127 128 -1 -2 
80 80 106 107 110 127 116 967 127 128 -1 -2 
80 106 106 107 110 127 116 127 551 128 -1 -2 
70 80 122 106 116 107 110 116 127 128 -1 -2 
80 2 107 79 116 127 128 652 778 873 -1 -2 
104 106 115 124 116 127 128 836 898 988 -1 -2 
80 80 107 106 107 110 128 116 127 128 -1 -2 
70 109 122 110 125 127 128 663 693 861 -1 -2 
80 106 107 107 110 127 116 127 727 128 -1 -2 
80 106 107 107 116 110 128 116 127 128 -1 -2 
80 106 107 107 110 127 116 599 127 128 -1 -2 
80 70 107 109 122 127 125 616 627 780 -1 -2 
70 106 109 122 125 127 128 654 700 884 -1 -2 
80 80 107 106 107 110 116 127 771 128 -1 -2 
80 106 107 107 110 127 116 635 127 128 -1 -2 
80 70 107 109 122 125 128 568 648 887 -1 -2 
70 106 109 122 116 125 128 914 935 936 -1 -2 
80 80 107 106 116 107 110 116 127 128 -1 -2 
80 80 106 110 107 110 128 116 127 128 -1 -2 
80 106 107 110 110 116 128 127 128 921 -1 -2 
80 80 107 106 107 127 110 116 127 128 -1 -2 
2 106 79 110 116 127 128 891 900 906 -1 -2 
80 80 106 107 110 127 116 817 127 128 -1 -2 
104 106 115 110 124 127 128 684 816 937 -1 -2 
2 80 107 106 116 107 110 116 127 128 -1 -2 
70 80 122 106 116 107 110 116 127 128 -1 -2 
80 80 106 110 107 127 110 116 127 128 -1 -2 
80 106 106 110 107 110 116 127 128 998 -1 -2 
70 70 109 125 122 125 128 483 718 907 -1 -2 
80 80 107 106 116 107 110 116 127 128 -1 -2 
80 106 106 110 107 127 110 116 127 128 -1 -2 
80 104 115 124 116 127 128 840 921 936 -1 -2 
80 106 107 110 116 127 128 128 870 975 -1 -2 
80 80 106 110 107 127 110 116 127 128 -1 -2 
80 104 115 110 124 127 128 571 748 992 -1 -2 
80 80 107 106 107 110 116 776 127 128 -1 -2 
80 115 106 125 107 127 110 116 127 128 -1 -2 
80 70 109 110 122 125 128 742 796 891 -1 -2 
80 106 107 110 116 127 128 901 908 929 -1 -2 
80 106 106 110 107 110 128 116 127 128 -1 -2 
80 106 107 110 116 127 128 616 722 806 -1 -2 
104 115 124 125 116 127 128 632 870 952 -1 -2 
70 115 109 599 122 125 753 761 854 952 -1 -2 
80 109 106 107 116 110 128 116 127 128 -1 -2 
80 106 106 107 116 110 116 127 958 128 -1 -2 
2 79 107 110 116 127 128 943 949 966 -1 -2 
80 70 107 109 122 125 128 550 709 882 -1 -2 
80 80 107 106 116 107 110 116 127 128 -1 -2 
80 80 106 110 107 110 128 116 127 128 -1 -2 
80 106 107 107 110 116 127 833 128 951 -1 -2 
116 80 308 106 477 107 110 116 127 128 -1 -2 
2 106 79 110 116 127 128 587 663 706 -1 -2 
80 106 107 107 110 127 116 768 127 128 -1 -2 
80 115 106 107 110 116 127 704 128 883 -1 -2 
70 106 109 110 122 127 125 731 935 981 -1 -2 
80 80 106 110 107 110 116 701 127 128 -1 -2 
80 70 109 110 122 127 125 665 752 936 -1 -2 
80 106 106 107 110 116 127 750 128 900 -1 -2 
80 106 106 107 116 110 128 116 127 128 -1 -2 
80 70 109 122 116 125 128 717 835 884 -1 -2 
80 109 106 107 116 110 116 127 868 128 -1 -2 
70 106 109 122 125 127 128 526 547 549 -1 -2 
104 109 115 124 116 127 128 669 675 822 -1 -2 
70 115 109 122 116 125 128 769 852 853 -1 -2 
80 106 106 107 116 110 116 127 128 662 -1 -2 
80 106 107 125 110 116 128 127 874 128 -1 -2 
70 106 109 122 116 125 128 777 885 928 -1 -2 
80 106 106 110 107 127 110 116 127 128 -1 -2 
80 109 106 107 110 127 116 127 847 128 -1 -2 
80 106 122 107 110 116 127 849 128 942 -1 -2 
70 80 122 106 107 110 128 116 127 128 -1 -2 
80 80 106 110 107 110 116 587 127 128 -1 -2 
70 70 122 109 490 122 125 809 819 852 -1 -2 
80 106 107 110 116 127 128 816 888 904 -1 -2 
