21 107 124 399 128 447 610 705 771 898 -1 -2 
107 107 128 124 128 670 750 846 850 941 -1 -2 
107 124 124 128 122 123 125 127 725 820 -1 -2 
107 107 128 124 115 128 939 944 949 981 -1 -2 
107 124 128 719 742 744 764 773 904 906 -1 -2 
107 107 128 124 311 128 531 702 783 833 -1 -2 
107 124 124 121 128 123 125 127 650 831 -1 -2 
107 107 124 121 128 123 125 127 795 920 -1 -2 
107 107 124 351 128 638 658 836 910 954 -1 -2 
107 124 124 597 128 658 675 790 808 885 -1 -2 
107 107 128 124 504 128 686 787 805 977 -1 -2 
107 107 128 124 128 446 816 827 961 971 -1 -2 
107 124 128 128 122 123 125 127 981 993 -1 -2 
107 107 128 124 122 128 125 127 859 922 -1 -2 
107 107 128 124 128 280 476 627 965 988 -1 -2 
107 107 128 124 296 128 515 553 700 984 -1 -2 
107 107 128 124 122 128 125 127 579 975 -1 -2 
107 107 128 124 128 123 125 127 764 798 -1 -2 
107 107 124 121 128 123 125 127 889 928 -1 -2 
107 124 124 269 128 321 368 406 787 910 -1 -2 
107 124 128 121 122 123 125 127 657 826 -1 -2 
107 107 124 121 128 123 125 127 717 912 -1 -2 
107 107 124 222 128 518 526 562 820 832 -1 -2 
107 124 128 128 122 123 125 127 960 985 -1 -2 
107 124 124 128 115 657 754 792 953 978 -1 -2 
107 107 124 97 128 432 529 762 824 950 -1 -2 
107 124 128 97 115 545 690 718 906 934 -1 -2 
107 107 128 124 122 128 125 127 970 983 -1 -2 
107 124 124 121 128 123 125 127 769 918 -1 -2 
107 107 124 424 128 757 771 814 889 937 -1 -2 
107 107 128 124 128 324 538 588 865 956 -1 -2 
107 107 128 124 128 289 311 651 776 934 -1 -2 
107 107 128 124 548 128 737 780 807 909 -1 -2 
107 107 124 97 128 553 565 600 756 801 -1 -2 
107 124 128 128 636 758 872 912 956 989 -1 -2 
107 107 124 128 122 123 125 127 767 877 -1 -2 
107 124 124 523 128 655 768 829 861 979 -1 -2 
107 124 124 128 115 533 679 781 813 822 -1 -2 
107 107 124 128 122 123 125 127 866 883 -1 -2 
107 107 128 124 308 128 464 722 843 916 -1 -2 
107 107 128 124 122 128 125 127 785 835 -1 -2 
107 107 128 124 122 128 125 127 914 971 -1 -2 
107 124 128 121 122 123 125 127 716 930 -1 -2 
107 124 124 121 128 123 125 127 865 893 -1 -2 
107 107 124 189 128 829 877 888 902 999 -1 -2 
107 124 128 387 434 447 745 825 874 876 -1 -2 
107 107 124 128 122 123 125 127 866 950 -1 -2 
107 107 124 128 153 361 367 588 622 764 -1 -2 
107 124 124 128 407 573 697 715 889 929 -1 -2 
107 124 124 128 289 426 514 583 670 996 -1 -2 
107 124 128 121 122 123 125 127 654 862 -1 -2 
107 107 124 121 128 123 125 127 782 948 -1 -2 
107 107 124 185 128 272 366 453 496 850 -1 -2 
107 124 124 207 128 425 543 804 854 983 -1 -2 
107 124 124 128 122 123 125 127 880 954 -1 -2 
107 124 128 128 595 767 783 828 862 883 -1 -2 
107 124 124 97 128 203 633 767 858 871 -1 -2 
107 107 128 124 128 578 588 834 873 933 -1 -2 
107 107 124 121 128 123 125 127 858 968 -1 -2 
107 124 124 128 373 385 614 627 656 805 -1 -2 
107 107 124 464 128 532 625 663 807 936 -1 -2 
107 107 124 489 128 601 616 746 747 967 -1 -2 
107 124 124 128 122 123 125 127 835 904 -1 -2 
107 107 128 124 115 128 436 632 817 889 -1 -2 
107 124 128 128 122 123 125 127 776 897 -1 -2 
107 107 124 383 128 439 753 790 877 977 -1 -2 
107 107 124 121 128 123 125 127 904 985 -1 -2 
107 124 128 97 115 347 574 583 701 798 -1 -2 
107 124 124 128 371 427 592 849 967 980 -1 -2 
107 107 124 128 398 399 646 851 894 958 -1 -2 
107 124 128 128 122 123 125 127 946 993 -1 -2 
107 107 124 121 128 123 125 127 899 1000 -1 -2 
107 124 124 437 128 658 767 848 934 966 -1 -2 
107 124 128 243 445 553 574 580 823 992 -1 -2 
107 107 128 124 115 128 766 971 984 986 -1 -2 
107 107 124 128 533 559 641 699 848 965 -1 -2 
107 107 124 97 128 725 958 960 965 973 -1 -2 
107 124 124 292 128 487 673 776 811 947 -1 -2 
107 107 128 124 128 654 814 854 942 977 -1 -2 
107 107 124 121 128 123 125 127 938 1000 -1 -2 
107 107 124 128 122 123 125 127 665 893 -1 -2 
107 107 124 419 128 681 737 866 921 966 -1 -2 
107 124 124 195 128 486 633 681 847 955 -1 -2 
107 124 124 128 115 369 442 462 591 701 -1 -2 
107 107 128 124 395 128 877 909 964 977 -1 -2 
107 124 124 481 128 617 628 636 830 914 -1 -2 
107 107 128 124 122 128 125 127 570 835 -1 -2 
107 107 128 124 122 128 125 127 867 954 -1 -2 
107 107 124 128 507 567 596 644 731 944 -1 -2 
107 124 124 128 490 593 696 815 902 909 -1 -2 
107 107 124 97 128 659 777 821 900 977 -1 -2 
107 124 124 426 128 696 732 923 947 996 -1 -2 
107 124 128 128 594 637 685 689 855 909 -1 -2 
107 107 124 128 122 123 125 127 960 993 -1 -2 
107 124 128 188 190 199 208 400 579 975 -1 -2 
107 107 128 124 128 123 125 127 727 864 -1 -2 
107 107 128 124 122 128 125 127 639 998 -1 -2 
107 107 128 124 115 128 540 636 692 932 -1 -2 
107 107 128 124 128 460 553 627 864 897 -1 -2 
107 124 128 121 122 123 125 127 832 899 -1 -2 
21 93 118 121 122 123 125 127 761 993 -1 -2 
21 21 118 121 122 123 125 127 846 954 -1 -2 
21 93 118 121 122 123 125 127 872 988 -1 -2 
82 93 118 121 122 123 125 127 896 958 -1 -2 
21 21 232 297 342 536 558 569 579 1000 -1 -2 
21 99 258 126 501 550 557 677 687 835 -1 -2 
21 21 118 121 122 123 125 127 570 989 -1 -2 
21 21 118 121 122 123 125 127 849 991 -1 -2 
21 21 91 97 115 123 125 127 721 845 -1 -2 
21 93 118 121 122 123 125 127 862 900 -1 -2 
21 20 118 75 91 123 97 115 927 943 -1 -2 
21 126 160 265 295 349 353 682 799 989 -1 -2 
21 93 118 121 122 123 125 127 935 951 -1 -2 
21 21 91 97 115 361 728 771 861 942 -1 -2 
21 21 245 276 302 324 566 708 860 930 -1 -2 
21 75 91 97 115 442 534 591 645 963 -1 -2 
21 132 158 200 287 371 535 885 915 926 -1 -2 
21 21 118 121 122 123 125 127 775 938 -1 -2 
21 75 91 97 115 700 795 806 903 952 -1 -2 
21 21 118 121 122 123 125 127 918 945 -1 -2 
21 93 118 121 122 123 125 127 750 924 -1 -2 
21 21 118 121 122 123 125 127 621 741 -1 -2 
21 75 91 97 115 267 338 710 714 830 -1 -2 
21 88 118 93 122 118 121 122 123 125 127 -2 
21 21 118 121 122 123 125 127 770 875 -1 -2 
21 21 91 97 115 123 125 127 954 986 -1 -2 
21 21 118 121 122 123 125 127 892 925 -1 -2 
88 93 118 121 115 122 640 123 681 125 127 -2 
20 93 75 121 91 123 97 115 836 927 -1 -2 
88 93 93 118 121 122 125 123 125 127 -1 -2 
21 93 118 121 122 123 125 127 886 923 -1 -2 
21 21 91 97 115 123 125 127 716 814 -1 -2 
21 21 118 121 122 123 125 127 800 915 -1 -2 
21 21 411 437 467 688 761 853 857 878 -1 -2 
21 205 268 274 307 604 622 889 890 934 -1 -2 
21 82 118 121 122 123 125 127 893 958 -1 -2 
21 21 91 97 115 702 709 740 742 985 -1 -2 
21 75 91 97 115 480 577 846 916 984 -1 -2 
21 21 290 380 543 624 677 825 932 966 -1 -2 
21 21 118 121 122 123 125 127 860 984 -1 -2 
21 21 91 97 115 123 125 127 865 919 -1 -2 
21 93 118 121 122 123 125 127 891 932 -1 -2 
20 75 142 91 194 97 115 493 611 830 -1 -2 
21 126 323 429 542 577 661 670 706 859 -1 -2 
21 21 197 206 340 373 485 673 860 869 -1 -2 
21 93 118 121 122 123 125 127 773 983 -1 -2 
21 76 122 168 298 536 736 842 946 960 -1 -2 
21 75 91 97 115 340 487 533 892 916 -1 -2 
21 21 202 222 247 398 759 891 907 970 -1 -2 
21 20 75 91 412 97 115 861 946 980 -1 -2 
21 20 520 75 573 91 97 115 903 920 -1 -2 
21 75 91 97 115 513 619 675 838 852 -1 -2 
21 21 118 121 122 123 125 127 876 952 -1 -2 
21 395 401 416 523 537 641 685 708 985 -1 -2 
21 21 337 574 651 747 806 877 913 978 -1 -2 
21 183 206 294 416 721 729 792 877 942 -1 -2 
21 75 91 97 115 378 516 963 974 980 -1 -2 
21 93 118 121 122 123 125 127 853 879 -1 -2 
21 21 91 97 115 642 674 704 757 986 -1 -2 
21 21 309 474 530 647 703 855 907 990 -1 -2 
21 21 187 206 276 642 666 672 825 982 -1 -2 
21 75 91 97 115 615 715 747 818 968 -1 -2 
21 93 118 121 122 123 125 127 699 880 -1 -2 
21 93 118 121 122 123 125 127 835 983 -1 -2 
21 21 118 121 122 123 125 127 606 645 -1 -2 
21 21 118 121 122 123 125 127 886 999 -1 -2 
21 21 91 97 115 612 675 680 818 849 -1 -2 
21 93 118 121 122 123 125 127 977 1000 -1 -2 
21 21 118 121 122 123 125 127 753 977 -1 -2 
21 21 118 121 122 123 125 127 946 954 -1 -2 
82 75 91 97 115 604 755 810 954 969 -1 -2 
21 21 118 121 122 123 125 127 810 922 -1 -2 
21 93 118 121 122 123 125 127 644 871 -1 -2 
21 94 132 133 145 183 315 333 392 567 -1 -2 
21 126 91 97 115 445 637 673 811 920 -1 -2 
21 93 118 121 122 123 125 127 633 807 -1 -2 
21 21 91 97 115 234 344 645 742 886 -1 -2 
21 21 118 121 122 123 125 127 795 963 -1 -2 
21 21 118 121 122 123 125 127 934 973 -1 -2 
21 93 118 121 122 123 125 127 880 911 -1 -2 
21 138 285 294 321 441 470 851 875 947 -1 -2 
20 75 91 97 115 352 553 607 645 853 -1 -2 
21 93 118 121 122 123 125 127 911 919 -1 -2 
21 75 91 97 115 404 526 566 710 747 -1 -2 
21 75 91 97 115 627 710 717 856 863 -1 -2 
21 31 93 134 196 270 293 316 402 468 -1 -2 
21 21 329 488 562 625 652 693 918 972 -1 -2 
21 126 99 278 286 691 789 810 845 879 -1 -2 
21 20 75 252 91 381 97 115 758 866 -1 -2 
21 21 118 121 122 123 125 127 875 908 -1 -2 
21 21 310 356 446 514 653 695 751 963 -1 -2 
21 75 91 97 115 513 556 665 890 931 -1 -2 
21 21 118 121 122 123 125 127 925 943 -1 -2 
21 75 91 97 115 609 650 716 868 988 -1 -2 
21 21 235 256 316 331 504 656 951 996 -1 -2 
21 75 91 97 115 123 125 127 673 805 -1 -2 
21 75 91 97 115 123 125 127 967 988 -1 -2 
88 53 93 165 118 578 121 122 123 125 127 -2 
21 21 118 121 122 123 125 127 923 928 -1 -2 
21 20 118 75 122 91 97 115 887 978 -1 -2 
88 88 93 121 118 123 121 122 123 125 127 -2 
20 75 91 97 122 115 125 127 733 907 -1 -2 
88 88 93 121 118 121 122 123 752 125 127 -2 
88 88 93 121 118 121 125 122 123 125 127 -2 
88 82 118 121 122 123 125 127 969 998 -1 -2 
36 93 118 121 122 123 125 127 931 940 -1 -2 
88 93 91 118 121 607 122 123 125 955 127 -2 
88 20 118 75 122 91 97 115 877 937 -1 -2 
20 75 91 97 115 123 125 127 858 895 -1 -2 
88 36 118 121 122 123 125 127 891 989 -1 -2 
88 99 126 121 122 123 125 127 756 861 -1 -2 
88 93 93 121 118 121 122 127 123 125 127 -2 
20 93 75 121 91 97 115 127 807 920 -1 -2 
36 88 93 121 118 123 121 122 123 125 127 -2 
88 93 118 121 121 123 122 123 942 125 127 -2 
88 20 75 121 91 97 125 115 763 979 -1 -2 
88 75 93 118 121 599 122 123 125 772 127 -2 
99 126 118 121 122 123 125 127 879 949 -1 -2 
88 75 93 97 118 121 122 123 125 127 -1 -2 
88 82 118 121 122 123 125 127 613 712 -1 -2 
88 88 93 121 118 121 122 127 123 125 127 -2 
20 75 91 97 115 123 125 127 835 996 -1 -2 
88 93 118 118 121 123 122 127 123 125 127 -2 
88 93 118 121 122 123 125 127 863 910 -1 -2 
88 20 118 75 122 91 97 115 683 760 -1 -2 
88 93 91 118 121 122 125 123 125 127 -1 -2 
88 93 93 118 121 123 122 123 719 125 127 -2 
88 88 93 121 118 121 122 123 898 125 127 -2 
20 88 91 93 115 118 121 122 123 125 127 -2 
20 75 91 97 122 115 125 127 651 708 -1 -2 
88 20 75 121 91 123 97 115 877 912 -1 -2 
82 93 118 121 122 123 125 127 828 872 -1 -2 
20 88 91 93 118 506 121 122 123 125 127 -2 
88 93 118 121 121 123 122 123 953 125 127 -2 
88 20 75 121 91 97 115 127 870 914 -1 -2 
88 93 118 121 122 122 123 125 127 991 -1 -2 
20 88 91 93 118 746 121 122 123 125 127 -2 
88 93 93 118 121 122 125 123 125 997 127 -2 
20 93 75 121 91 123 97 115 805 949 -1 -2 
52 250 251 301 339 413 534 547 663 949 -1 -2 
82 93 118 121 122 123 125 127 913 940 -1 -2 
82 93 118 121 122 123 125 127 690 972 -1 -2 
36 93 118 121 122 123 125 127 726 933 -1 -2 
88 75 93 118 115 121 122 924 123 125 127 -2 
88 93 91 118 115 121 710 122 123 125 127 -2 
23 88 136 93 118 578 121 122 123 125 127 -2 
88 20 75 91 97 115 125 127 715 833 -1 -2 
88 82 118 121 122 123 125 127 977 1000 -1 -2 
20 93 75 121 91 97 115 127 777 965 -1 -2 
20 75 118 91 97 123 115 127 811 883 -1 -2 
88 75 93 97 118 121 122 123 125 127 -1 -2 
88 20 118 75 122 91 97 115 791 942 -1 -2 
20 93 75 91 122 97 125 115 896 988 -1 -2 
88 126 93 121 118 123 121 122 123 125 127 -2 
20 93 75 121 91 97 125 115 910 995 -1 -2 
20 75 118 91 97 115 125 127 919 987 -1 -2 
88 20 118 75 122 91 97 115 899 951 -1 -2 
20 88 91 93 115 118 121 122 123 125 127 -2 
88 93 93 121 118 123 121 122 123 125 127 -2 
88 20 75 91 97 115 125 127 869 934 -1 -2 
88 93 93 118 122 121 122 123 125 914 127 -2 
88 88 93 118 122 121 122 127 123 125 127 -2 
20 75 118 91 122 97 125 115 930 959 -1 -2 
88 88 93 121 118 123 121 122 123 125 127 -2 
20 88 91 93 118 121 122 127 123 125 127 -2 
88 93 118 97 121 123 122 123 125 974 127 -2 
88 20 75 91 97 123 115 127 937 974 -1 -2 
88 88 118 93 118 121 125 122 123 125 127 -2 
88 93 93 118 122 121 125 122 123 125 127 -2 
20 75 91 121 97 115 125 127 588 857 -1 -2 
88 88 93 121 118 121 122 127 123 125 127 -2 
88 20 75 121 91 97 115 127 921 958 -1 -2 
88 88 118 93 118 123 121 122 123 125 127 -2 
20 75 118 91 97 115 125 127 836 971 -1 -2 
20 75 118 91 97 123 115 127 727 940 -1 -2 
88 20 118 75 91 123 97 115 912 995 -1 -2 
88 20 75 121 91 123 97 115 749 841 -1 -2 
20 126 75 97 91 736 97 115 936 1000 -1 -2 
88 88 118 93 118 121 125 122 123 125 127 -2 
88 93 91 118 115 121 679 122 123 125 127 -2 
88 88 118 93 122 118 121 122 123 125 127 -2 
88 88 93 121 118 121 125 122 123 125 127 -2 
82 88 118 93 118 123 121 122 123 125 127 -2 
88 88 118 93 122 118 121 122 123 125 127 -2 
88 20 118 75 122 91 97 115 837 996 -1 -2 
88 93 91 118 121 122 123 125 127 845 -1 -2 
88 93 91 118 115 121 603 122 123 125 127 -2 
88 99 118 126 122 123 125 127 935 940 -1 -2 
88 93 93 121 118 123 121 122 123 125 127 -2 
88 93 93 118 121 123 122 123 125 127 -1 -2 
284 88 93 118 596 121 122 655 123 125 127 -2 
88 93 93 118 122 121 125 122 123 125 127 -2 
99 93 126 121 122 123 125 127 851 893 -1 -2 
20 82 91 97 115 123 125 127 836 943 -1 -2 
88 93 118 97 121 122 796 123 125 127 -1 -2 
20 75 118 91 97 115 125 127 735 999 -1 -2 
20 75 91 97 122 115 125 127 794 915 -1 -2 
88 20 118 75 122 91 97 115 867 910 -1 -2 
20 75 118 91 97 115 125 127 791 857 -1 -2 
88 93 118 121 122 122 123 127 125 906 127 -2 
20 20 91 75 91 327 97 115 786 839 -1 -2 
54 20 75 91 271 97 526 115 744 926 -1 -2 
20 20 91 75 91 580 97 115 889 982 -1 -2 
148 199 272 358 423 508 679 907 910 921 -1 -2 
20 105 75 457 91 806 97 115 937 967 -1 -2 
20 75 75 91 97 115 648 666 748 884 -1 -2 
20 75 75 97 91 299 97 115 647 669 -1 -2 
42 189 275 325 364 603 675 764 806 975 -1 -2 
20 75 75 91 115 97 115 770 853 949 -1 -2 
82 75 91 97 115 608 750 754 845 861 -1 -2 
20 20 91 75 115 91 97 115 908 960 -1 -2 
99 20 138 75 91 97 115 740 887 900 -1 -2 
68 179 201 251 253 375 668 809 850 882 -1 -2 
33 243 406 509 522 768 845 855 872 945 -1 -2 
28 20 75 232 91 527 97 115 866 934 -1 -2 
82 20 355 75 91 675 97 115 865 895 -1 -2 
82 99 126 328 373 384 424 691 902 932 -1 -2 
99 82 91 97 115 382 583 888 984 992 -1 -2 
50 20 211 75 91 97 115 750 766 910 -1 -2 
20 75 75 91 115 97 494 115 616 846 -1 -2 
20 20 91 75 115 91 97 115 820 884 -1 -2 
82 99 126 364 491 526 563 755 895 966 -1 -2 
20 143 75 91 459 97 115 660 703 797 -1 -2 
20 75 91 97 115 448 501 772 951 998 -1 -2 
35 60 132 140 364 536 572 581 629 731 -1 -2 
20 20 75 97 91 97 115 713 766 996 -1 -2 
20 20 75 91 97 661 115 712 895 993 -1 -2 
20 51 75 91 97 115 690 790 868 885 -1 -2 
20 75 91 97 97 115 659 759 773 902 -1 -2 
20 20 75 97 91 563 97 115 735 806 -1 -2 
134 20 323 75 496 91 97 115 835 957 -1 -2 
20 75 91 91 115 97 115 856 863 927 -1 -2 
99 126 91 97 115 482 556 743 889 992 -1 -2 
82 20 91 75 115 91 97 115 918 936 -1 -2 
82 20 75 271 91 97 115 721 756 870 -1 -2 
125 326 345 470 512 594 699 867 902 977 -1 -2 
17 99 446 126 558 567 641 679 770 937 -1 -2 
82 20 221 75 91 97 586 115 783 907 -1 -2 
20 75 75 97 91 97 930 115 990 995 -1 -2 
20 406 75 91 789 97 864 115 970 1000 -1 -2 
25 132 237 329 422 497 558 670 702 975 -1 -2 
20 232 75 91 97 115 825 852 867 983 -1 -2 
20 133 177 301 311 695 746 850 932 941 -1 -2 
20 20 91 75 91 97 115 616 670 735 -1 -2 
20 75 91 97 699 115 758 834 907 1000 -1 -2 
20 75 208 91 97 432 115 769 788 814 -1 -2 
82 20 75 91 115 97 115 717 746 781 -1 -2 
5 20 75 91 97 115 694 757 968 977 -1 -2 
36 75 91 97 115 538 578 694 786 887 -1 -2 
86 91 345 365 409 540 595 696 829 994 -1 -2 
20 20 75 97 91 97 115 731 774 962 -1 -2 
11 48 63 199 203 372 436 717 850 960 -1 -2 
21 20 75 201 91 97 602 115 888 894 -1 -2 
82 99 91 126 115 518 598 625 724 997 -1 -2 
20 75 91 270 97 511 115 625 716 738 -1 -2 
20 75 91 97 329 115 457 559 600 851 -1 -2 
20 99 91 126 115 326 372 407 486 982 -1 -2 
20 82 91 97 115 571 604 626 731 860 -1 -2 
20 75 91 338 97 115 470 489 716 852 -1 -2 
20 82 91 97 115 446 554 599 666 903 -1 -2 
20 168 75 91 97 610 115 726 826 873 -1 -2 
34 20 217 75 340 91 97 115 736 974 -1 -2 
20 20 75 91 115 97 115 686 792 916 -1 -2 
20 20 91 75 115 91 97 115 838 999 -1 -2 
203 287 428 548 614 639 658 743 809 866 -1 -2 
82 75 91 97 115 625 732 822 842 907 -1 -2 
20 99 126 97 115 500 520 527 717 825 -1 -2 
82 75 91 97 115 715 737 820 966 976 -1 -2 
20 200 75 255 91 97 703 115 883 892 -1 -2 
13 69 181 316 529 569 637 827 929 930 -1 -2 
20 20 75 97 91 603 97 115 913 962 -1 -2 
20 75 91 91 115 97 629 115 718 958 -1 -2 
20 75 91 97 115 115 662 765 826 926 -1 -2 
20 82 91 97 115 676 692 703 783 833 -1 -2 
122 20 336 75 588 91 97 115 874 914 -1 -2 
82 20 75 91 115 97 626 115 745 783 -1 -2 
20 71 75 233 91 97 505 115 708 971 -1 -2 
20 20 75 97 91 667 97 115 850 853 -1 -2 
20 36 91 97 115 613 701 716 730 733 -1 -2 
230 274 374 469 602 613 694 722 794 890 -1 -2 
99 20 75 203 91 97 115 789 848 880 -1 -2 
20 20 75 91 97 408 115 753 770 872 -1 -2 
306 358 559 574 617 696 710 712 755 860 -1 -2 
20 82 91 97 115 736 760 791 820 997 -1 -2 
89 82 126 313 346 379 447 517 778 856 -1 -2 
82 159 199 255 337 772 880 881 958 962 -1 -2 
20 20 75 91 97 394 115 558 705 908 -1 -2 
149 167 256 333 412 676 726 750 926 936 -1 -2 
35 99 126 288 392 621 737 750 781 862 -1 -2 
99 126 227 265 451 713 867 877 949 955 -1 -2 
20 75 91 91 115 97 115 721 847 868 -1 -2 
82 75 91 97 115 731 759 862 945 982 -1 -2 
82 20 75 91 602 97 115 655 753 917 -1 -2 
20 82 91 97 115 747 808 870 916 951 -1 -2 
20 151 75 397 91 505 97 115 580 670 -1 -2 
20 75 75 91 115 97 425 115 543 837 -1 -2 
20 75 91 91 115 97 495 115 611 768 -1 -2 
20 75 91 97 115 115 450 559 732 961 -1 -2 
20 437 75 91 97 115 623 802 854 890 -1 -2 
99 20 75 415 91 557 97 115 978 990 -1 -2 
66 99 126 427 507 731 896 898 934 998 -1 -2 
35 99 126 404 444 448 526 643 648 980 -1 -2 
84 131 206 287 460 584 739 795 885 911 -1 -2 
35 39 58 424 431 455 524 584 675 919 -1 -2 
40 74 76 267 278 441 664 679 733 881 -1 -2 
135 99 216 126 468 699 715 851 949 966 -1 -2 
99 481 126 615 638 662 689 723 871 978 -1 -2 
4 119 250 360 373 398 526 735 863 891 -1 -2 
82 245 253 377 453 545 557 612 757 953 -1 -2 
36 183 305 412 481 491 659 755 758 837 -1 -2 
430 82 637 674 676 693 703 847 863 876 -1 -2 
36 188 376 390 681 799 938 941 945 977 -1 -2 
82 88 155 210 259 661 796 817 923 950 -1 -2 
7 55 59 172 226 313 536 564 878 893 -1 -2 
82 290 306 341 365 398 478 708 738 903 -1 -2 
304 82 590 687 716 738 806 911 979 996 -1 -2 
10 33 105 191 544 554 593 662 891 960 -1 -2 
115 196 216 301 466 530 673 694 729 940 -1 -2 
60 237 268 427 584 595 602 619 711 744 -1 -2 
18 293 296 523 537 681 709 824 856 961 -1 -2 
2 36 117 184 262 313 372 470 588 805 -1 -2 
36 107 228 416 442 528 584 656 661 760 -1 -2 
203 82 376 410 451 468 735 930 960 1000 -1 -2 
128 213 313 434 489 602 743 754 819 951 -1 -2 
92 36 226 234 366 440 505 760 778 998 -1 -2 
82 36 92 228 236 581 613 703 806 922 -1 -2 
112 146 330 427 495 542 729 815 820 841 -1 -2 
300 464 568 660 687 842 858 967 987 997 -1 -2 
36 51 174 181 225 427 449 472 551 717 -1 -2 
99 126 117 273 324 538 584 673 712 904 -1 -2 
29 135 164 312 573 592 611 652 778 873 -1 -2 
108 115 134 142 299 628 757 836 898 988 -1 -2 
99 82 316 326 467 471 601 602 842 867 -1 -2 
82 251 385 525 572 595 630 663 693 861 -1 -2 
82 156 204 320 350 497 560 677 727 770 -1 -2 
13 41 68 150 305 310 577 627 891 903 -1 -2 
82 113 332 334 357 526 561 599 866 902 -1 -2 
37 62 85 256 328 352 611 616 627 780 -1 -2 
99 82 348 394 450 569 625 654 700 884 -1 -2 
79 140 219 283 724 726 755 760 771 868 -1 -2 
75 97 142 355 485 556 562 635 725 779 -1 -2 
21 114 131 156 451 454 547 568 648 887 -1 -2 
69 82 579 646 665 789 912 914 935 936 -1 -2 
21 82 167 331 405 464 621 674 692 866 -1 -2 
4 55 60 210 368 526 632 645 820 860 -1 -2 
51 65 100 267 342 394 395 728 740 921 -1 -2 
82 316 354 408 421 466 484 510 870 963 -1 -2 
209 99 126 340 387 833 849 891 900 906 -1 -2 
6 56 99 256 290 390 462 817 894 987 -1 -2 
70 159 365 429 525 603 607 684 816 937 -1 -2 
21 157 212 279 560 693 793 823 888 971 -1 -2 
18 91 114 339 356 389 521 594 912 941 -1 -2 
39 95 222 226 254 357 748 849 896 993 -1 -2 
99 126 121 312 393 804 842 868 922 998 -1 -2 
92 114 212 264 353 437 438 483 718 907 -1 -2 
190 315 420 483 490 511 553 726 810 901 -1 -2 
58 64 268 335 451 492 534 610 845 893 -1 -2 
345 398 409 462 686 761 772 840 921 936 -1 -2 
27 163 185 219 221 321 400 489 870 975 -1 -2 
82 343 664 681 737 790 811 865 866 950 -1 -2 
205 99 126 420 434 449 475 571 748 992 -1 -2 
62 99 126 378 398 584 697 776 833 884 -1 -2 
171 36 312 335 342 528 549 621 655 938 -1 -2 
99 82 407 475 571 612 649 742 796 891 -1 -2 
70 82 526 537 685 770 895 901 908 929 -1 -2 
28 99 126 257 318 523 755 806 885 967 -1 -2 
106 233 271 388 478 490 510 616 722 806 -1 -2 
10 82 309 484 510 578 584 632 870 952 -1 -2 
121 156 255 599 623 647 753 761 854 952 -1 -2 
15 153 260 293 483 503 520 764 883 957 -1 -2 
11 13 169 209 221 640 747 856 958 985 -1 -2 
75 99 126 405 606 662 835 943 949 966 -1 -2 
82 70 95 206 325 366 447 550 709 882 -1 -2 
99 350 126 498 521 701 705 777 785 843 -1 -2 
36 59 172 231 289 309 359 504 806 844 -1 -2 
10 99 85 126 501 656 664 833 898 951 -1 -2 
116 142 308 330 477 479 647 668 670 859 -1 -2 
30 88 200 261 340 461 556 587 663 706 -1 -2 
36 243 258 443 547 706 748 768 782 893 -1 -2 
85 99 126 454 570 695 702 704 841 883 -1 -2 
82 367 471 672 674 679 700 731 935 981 -1 -2 
3 82 170 306 342 421 606 701 860 926 -1 -2 
54 36 331 361 376 444 601 665 752 936 -1 -2 
96 132 483 516 581 614 658 750 753 900 -1 -2 
197 218 448 508 517 608 694 727 746 988 -1 -2 
99 246 126 398 522 595 691 717 835 884 -1 -2 
93 82 185 187 215 454 541 825 868 932 -1 -2 
56 127 231 255 285 329 339 526 547 549 -1 -2 
62 82 346 362 390 449 651 669 675 822 -1 -2 
23 82 156 197 253 278 691 769 852 853 -1 -2 
38 36 184 267 361 379 391 626 636 662 -1 -2 
99 82 207 313 570 695 750 797 874 922 -1 -2 
97 191 217 323 396 627 661 777 885 928 -1 -2 
82 316 410 449 471 482 621 636 866 991 -1 -2 
99 168 126 429 713 733 808 822 847 848 -1 -2 
29 400 573 619 650 705 776 849 927 942 -1 -2 
99 63 126 345 504 568 670 736 807 969 -1 -2 
52 75 97 180 238 495 572 587 708 747 -1 -2 
49 152 208 410 490 657 732 809 819 852 -1 -2 
67 227 253 533 682 709 720 816 888 904 -1 -2 
