28 69 69 128 123 128 610 705 771 898 -1 -2 
91 113 123 124 127 670 750 846 850 941 -1 -2 
28 28 69 123 147 128 223 237 725 820 -1 -2 
28 28 69 128 123 923 128 944 949 981 -1 -2 
28 28 69 123 128 744 764 773 904 906 -1 -2 
91 113 123 124 311 127 531 702 783 833 -1 -2 
28 28 123 69 123 368 128 581 650 831 -1 -2 
28 91 113 128 124 127 695 736 795 920 -1 -2 
91 113 123 124 127 638 658 836 910 954 -1 -2 
28 28 123 69 123 658 128 790 808 885 -1 -2 
28 28 123 69 123 633 128 787 805 977 -1 -2 
91 113 124 128 127 446 816 827 961 971 -1 -2 
28 69 123 128 437 448 505 693 981 993 -1 -2 
28 69 123 123 514 128 607 725 859 922 -1 -2 
28 28 69 123 128 280 476 627 965 988 -1 -2 
28 69 123 123 128 354 515 553 700 984 -1 -2 
28 28 69 123 128 317 388 576 579 975 -1 -2 
28 28 69 123 128 584 735 736 764 798 -1 -2 
28 28 123 69 614 123 128 805 889 928 -1 -2 
28 69 123 123 128 321 368 406 787 910 -1 -2 
28 28 69 128 123 376 128 449 657 826 -1 -2 
28 69 69 128 123 506 128 712 717 912 -1 -2 
28 28 69 128 123 518 128 562 820 832 -1 -2 
28 28 69 123 310 128 738 746 960 985 -1 -2 
28 69 69 128 123 657 128 792 953 978 -1 -2 
28 69 123 128 412 432 529 762 824 950 -1 -2 
28 69 69 128 123 128 690 718 906 934 -1 -2 
91 69 113 124 127 680 698 771 970 983 -1 -2 
28 28 123 69 253 123 128 447 769 918 -1 -2 
28 69 123 128 655 757 771 814 889 937 -1 -2 
28 28 123 69 303 123 128 588 865 956 -1 -2 
28 28 123 69 123 289 128 651 776 934 -1 -2 
28 69 123 128 548 719 737 780 807 909 -1 -2 
28 28 123 69 123 553 128 600 756 801 -1 -2 
28 69 69 123 636 128 872 912 956 989 -1 -2 
28 28 123 69 123 128 658 661 767 877 -1 -2 
28 28 69 123 128 655 768 829 861 979 -1 -2 
91 113 123 124 127 533 679 781 813 822 -1 -2 
28 28 69 123 618 128 688 852 866 883 -1 -2 
28 69 123 123 308 128 464 722 843 916 -1 -2 
91 113 124 128 127 446 556 603 785 835 -1 -2 
28 69 123 128 723 752 760 826 914 971 -1 -2 
28 91 113 128 124 587 127 614 716 930 -1 -2 
91 113 124 128 127 828 839 854 865 893 -1 -2 
28 69 123 128 128 829 877 888 902 999 -1 -2 
28 28 69 128 123 447 128 825 874 876 -1 -2 
91 113 124 127 430 447 475 689 866 950 -1 -2 
28 28 123 69 153 123 128 588 622 764 -1 -2 
28 69 123 123 407 128 697 715 889 929 -1 -2 
28 69 69 128 123 128 514 583 670 996 -1 -2 
28 69 123 123 128 450 553 618 654 862 -1 -2 
91 91 124 113 425 124 127 731 782 948 -1 -2 
91 113 123 124 252 127 366 453 496 850 -1 -2 
28 69 69 128 123 128 543 804 854 983 -1 -2 
28 28 69 128 123 128 544 832 880 954 -1 -2 
28 28 123 69 595 123 128 828 862 883 -1 -2 
28 69 69 128 123 128 633 767 858 871 -1 -2 
28 69 69 128 123 578 128 834 873 933 -1 -2 
28 91 123 113 755 124 127 849 858 968 -1 -2 
28 69 69 128 123 128 614 627 656 805 -1 -2 
28 69 123 123 509 128 625 663 807 936 -1 -2 
28 69 123 123 128 601 616 746 747 967 -1 -2 
28 28 123 69 123 616 128 823 835 904 -1 -2 
91 113 124 127 345 380 436 632 817 889 -1 -2 
28 69 69 123 128 383 461 665 776 897 -1 -2 
28 91 113 128 124 439 127 790 877 977 -1 -2 
28 69 123 128 340 470 574 627 904 985 -1 -2 
91 69 113 128 124 127 574 583 701 798 -1 -2 
28 69 69 128 123 128 592 849 967 980 -1 -2 
28 28 69 128 123 128 646 851 894 958 -1 -2 
28 28 69 128 123 128 775 927 946 993 -1 -2 
28 28 69 128 123 483 128 813 899 1000 -1 -2 
28 28 69 128 123 658 128 848 934 966 -1 -2 
28 69 69 123 445 128 574 580 823 992 -1 -2 
28 28 69 123 515 128 766 971 984 986 -1 -2 
28 69 69 128 123 128 641 699 848 965 -1 -2 
28 69 69 123 128 725 958 960 965 973 -1 -2 
28 91 123 113 358 124 127 776 811 947 -1 -2 
91 91 124 113 124 654 127 854 942 977 -1 -2 
28 28 69 123 814 128 874 928 938 1000 -1 -2 
28 69 123 123 243 128 279 353 665 893 -1 -2 
28 28 123 69 460 123 128 866 921 966 -1 -2 
91 113 123 124 443 127 633 681 847 955 -1 -2 
91 113 124 128 127 369 442 462 591 701 -1 -2 
91 113 124 124 127 828 877 909 964 977 -1 -2 
28 69 69 128 123 617 128 636 830 914 -1 -2 
28 69 123 128 189 291 348 414 570 835 -1 -2 
28 69 123 123 403 128 491 499 867 954 -1 -2 
28 28 69 128 123 128 596 644 731 944 -1 -2 
28 28 123 69 490 123 128 815 902 909 -1 -2 
28 28 123 69 656 123 128 821 900 977 -1 -2 
28 69 123 123 128 696 732 923 947 996 -1 -2 
28 28 123 69 123 637 128 689 855 909 -1 -2 
28 28 69 128 123 128 856 863 960 993 -1 -2 
28 91 123 113 190 124 127 400 579 975 -1 -2 
28 28 69 128 123 572 128 650 727 864 -1 -2 
91 69 113 124 127 416 421 578 639 998 -1 -2 
91 69 113 128 124 127 540 636 692 932 -1 -2 
28 69 69 128 123 460 128 627 864 897 -1 -2 
28 69 123 123 128 516 574 584 832 899 -1 -2 
91 91 124 113 422 124 127 639 761 993 -1 -2 
91 126 113 127 124 127 731 745 846 954 -1 -2 
91 113 124 127 127 510 574 807 872 988 -1 -2 
91 126 113 124 127 531 705 784 896 958 -1 -2 
91 113 124 124 342 127 558 569 579 1000 -1 -2 
91 113 124 124 127 550 557 677 687 835 -1 -2 
86 91 124 113 124 127 479 534 570 989 -1 -2 
91 113 113 124 714 127 739 797 849 991 -1 -2 
91 46 113 124 127 337 371 391 721 845 -1 -2 
35 91 113 90 124 609 127 845 862 900 -1 -2 
86 91 113 124 127 616 695 846 927 943 -1 -2 
91 113 124 127 295 349 353 682 799 989 -1 -2 
91 91 113 127 124 127 658 836 935 951 -1 -2 
91 113 124 124 127 361 728 771 861 942 -1 -2 
35 91 47 113 302 124 127 708 860 930 -1 -2 
91 113 113 127 124 127 534 591 645 963 -1 -2 
35 91 47 113 287 124 127 885 915 926 -1 -2 
86 91 113 124 127 679 700 774 775 938 -1 -2 
91 91 113 124 427 127 795 806 903 952 -1 -2 
91 126 113 124 634 127 823 901 918 945 -1 -2 
91 113 124 127 127 700 702 729 750 924 -1 -2 
86 91 124 113 124 127 405 421 621 741 -1 -2 
91 126 113 124 127 267 338 710 714 830 -1 -2 
91 113 124 124 127 657 670 693 957 986 -1 -2 
91 126 113 127 124 127 540 707 770 875 -1 -2 
86 91 113 127 124 791 127 855 954 986 -1 -2 
91 126 113 124 596 127 864 889 892 925 -1 -2 
86 91 113 127 124 584 127 659 681 925 -1 -2 
91 126 113 124 127 516 809 822 836 927 -1 -2 
91 91 113 124 463 127 668 745 855 978 -1 -2 
91 91 113 124 127 705 735 750 886 923 -1 -2 
91 113 113 127 124 533 127 674 716 814 -1 -2 
86 91 113 124 127 616 626 737 800 915 -1 -2 
91 113 100 124 127 688 761 853 857 878 -1 -2 
91 113 124 127 307 604 622 889 890 934 -1 -2 
91 113 113 124 587 127 777 852 893 958 -1 -2 
91 113 124 127 580 702 709 740 742 985 -1 -2 
91 126 113 127 124 127 577 846 916 984 -1 -2 
91 113 113 127 124 624 127 825 932 966 -1 -2 
91 126 113 124 698 127 781 790 860 984 -1 -2 
91 113 113 127 124 730 127 850 865 919 -1 -2 
91 113 124 127 749 780 814 828 891 932 -1 -2 
91 113 124 127 194 235 431 493 611 830 -1 -2 
91 113 124 124 542 127 661 670 706 859 -1 -2 
91 126 113 127 124 127 485 673 860 869 -1 -2 
91 91 113 127 124 574 127 732 773 983 -1 -2 
91 113 124 127 298 536 736 842 946 960 -1 -2 
91 113 124 127 279 340 487 533 892 916 -1 -2 
91 113 113 127 124 127 759 891 907 970 -1 -2 
91 91 124 113 124 784 127 861 946 980 -1 -2 
86 91 124 113 124 701 127 808 903 920 -1 -2 
91 113 124 124 488 127 619 675 838 852 -1 -2 
91 91 113 124 127 765 792 816 876 952 -1 -2 
91 113 124 127 523 537 641 685 708 985 -1 -2 
91 91 113 127 124 127 806 877 913 978 -1 -2 
91 113 124 124 416 127 729 792 877 942 -1 -2 
86 91 113 124 345 127 516 963 974 980 -1 -2 
91 113 124 124 124 127 692 850 853 879 -1 -2 
91 113 124 90 127 642 674 704 757 986 -1 -2 
91 91 113 127 124 127 703 855 907 990 -1 -2 
91 113 124 124 276 127 666 672 825 982 -1 -2 
91 113 113 127 124 615 127 747 818 968 -1 -2 
91 91 124 113 426 124 127 580 699 880 -1 -2 
91 91 113 127 124 292 127 491 835 983 -1 -2 
91 91 124 113 124 356 127 519 606 645 -1 -2 
91 46 113 90 124 739 127 871 886 999 -1 -2 
91 113 124 124 470 127 675 680 818 849 -1 -2 
91 91 124 113 605 124 127 904 977 1000 -1 -2 
91 91 124 113 124 127 609 630 753 977 -1 -2 
91 91 124 113 575 124 127 912 946 954 -1 -2 
35 91 113 124 535 127 755 810 954 969 -1 -2 
91 113 124 127 127 601 650 772 810 922 -1 -2 
86 91 113 127 124 205 127 535 644 871 -1 -2 
86 91 124 113 145 124 127 333 392 567 -1 -2 
91 113 113 124 127 445 637 673 811 920 -1 -2 
91 113 124 124 127 446 515 610 633 807 -1 -2 
91 126 113 124 200 127 344 645 742 886 -1 -2 
91 113 124 127 127 283 725 735 795 963 -1 -2 
91 113 124 124 127 780 855 911 934 973 -1 -2 
91 91 113 124 127 505 608 874 880 911 -1 -2 
91 46 113 90 124 127 470 851 875 947 -1 -2 
86 91 124 113 137 124 127 607 645 853 -1 -2 
91 126 113 127 124 127 535 871 911 919 -1 -2 
35 91 47 113 263 124 127 566 710 747 -1 -2 
91 113 124 124 127 627 710 717 856 863 -1 -2 
91 113 124 124 196 127 293 316 402 468 -1 -2 
86 91 124 113 562 124 127 693 918 972 -1 -2 
35 91 47 113 286 124 127 810 845 879 -1 -2 
35 91 113 90 124 381 127 726 758 866 -1 -2 
86 91 124 113 243 124 127 808 875 908 -1 -2 
86 91 124 113 124 127 653 695 751 963 -1 -2 
91 91 124 113 481 124 127 665 890 931 -1 -2 
35 91 113 90 124 127 486 816 925 943 -1 -2 
91 113 113 124 127 609 650 716 868 988 -1 -2 
91 126 113 127 124 127 504 656 951 996 -1 -2 
91 113 124 127 367 557 652 658 673 805 -1 -2 
91 91 113 127 124 127 836 898 967 988 -1 -2 
91 126 113 127 124 127 740 801 816 896 -1 -2 
91 126 113 124 661 127 892 919 923 928 -1 -2 
91 113 124 127 607 737 812 841 887 978 -1 -2 
125 86 126 90 353 408 451 774 926 991 -1 -2 
86 86 126 394 437 575 719 726 733 907 -1 -2 
35 126 46 47 624 90 688 708 752 936 -1 -2 
35 86 126 90 330 452 499 654 661 685 -1 -2 
86 126 93 146 154 225 338 681 969 998 -1 -2 
86 86 126 90 559 751 760 766 931 940 -1 -2 
86 86 100 126 529 607 659 765 928 955 -1 -2 
86 126 263 630 631 774 810 868 877 937 -1 -2 
35 46 46 47 90 751 818 828 858 895 -1 -2 
86 86 126 368 434 501 687 710 891 989 -1 -2 
86 126 126 90 396 585 661 745 756 861 -1 -2 
86 35 46 47 90 619 738 871 914 928 -1 -2 
86 86 126 493 509 633 714 762 807 920 -1 -2 
35 32 83 90 495 531 676 807 856 930 -1 -2 
86 86 126 254 517 594 642 729 942 948 -1 -2 
86 86 87 126 349 456 622 673 763 979 -1 -2 
86 86 126 90 585 599 641 711 712 772 -1 -2 
86 86 100 126 541 668 720 795 879 949 -1 -2 
86 86 126 90 674 736 745 772 893 918 -1 -2 
86 126 291 325 335 402 427 488 613 712 -1 -2 
86 126 273 357 572 675 683 720 881 900 -1 -2 
1 126 62 90 100 507 668 798 835 996 -1 -2 
35 35 46 47 444 90 800 808 831 886 -1 -2 
86 126 47 90 361 525 576 713 863 910 -1 -2 
35 46 47 90 314 369 473 590 683 760 -1 -2 
86 86 47 126 264 615 767 788 873 875 -1 -2 
86 86 257 126 386 618 689 690 719 975 -1 -2 
86 35 47 46 47 90 801 852 898 963 -1 -2 
86 86 126 475 502 530 616 694 906 981 -1 -2 
32 86 47 126 194 302 403 417 651 708 -1 -2 
86 126 47 90 677 738 821 872 877 912 -1 -2 
86 126 47 90 464 478 494 615 828 872 -1 -2 
35 35 46 90 47 90 669 747 818 840 -1 -2 
86 86 47 126 657 666 791 904 953 978 -1 -2 
86 53 68 90 559 596 621 667 870 914 -1 -2 
32 53 47 68 582 636 674 764 935 991 -1 -2 
86 1 62 90 100 746 810 864 918 960 -1 -2 
86 126 126 90 484 556 833 883 967 997 -1 -2 
35 86 126 90 689 712 722 740 805 949 -1 -2 
86 126 47 90 339 413 534 547 663 949 -1 -2 
86 86 126 257 411 499 679 754 913 940 -1 -2 
86 126 281 406 449 525 611 618 690 972 -1 -2 
86 126 435 448 451 467 592 606 726 933 -1 -2 
86 86 126 90 630 747 897 924 933 980 -1 -2 
86 126 197 321 322 478 710 727 905 996 -1 -2 
86 126 47 90 329 578 593 623 638 686 -1 -2 
86 86 100 126 497 554 576 656 715 833 -1 -2 
86 86 47 126 360 710 870 908 977 1000 -1 -2 
86 86 126 90 523 595 718 721 777 965 -1 -2 
86 86 126 90 545 621 626 697 811 883 -1 -2 
86 86 126 90 424 498 628 817 919 925 -1 -2 
86 126 47 90 161 363 419 649 791 942 -1 -2 
86 126 126 279 461 502 682 747 896 988 -1 -2 
86 126 126 90 329 437 454 571 592 643 -1 -2 
86 86 126 533 618 628 804 889 910 995 -1 -2 
86 126 137 199 311 343 400 491 919 987 -1 -2 
86 126 47 90 475 525 779 871 899 951 -1 -2 
86 86 47 126 598 603 680 785 799 816 -1 -2 
86 86 126 90 528 619 713 782 884 931 -1 -2 
86 86 47 126 382 401 452 685 869 934 -1 -2 
86 126 100 303 544 580 612 743 891 914 -1 -2 
35 86 47 126 289 439 514 781 844 967 -1 -2 
35 35 46 90 47 90 698 707 930 959 -1 -2 
86 126 126 90 296 303 524 557 722 848 -1 -2 
86 46 126 90 207 361 411 739 756 1000 -1 -2 
86 86 47 126 133 166 544 699 938 974 -1 -2 
35 86 126 90 333 735 743 819 937 974 -1 -2 
86 126 126 324 522 623 650 852 866 940 -1 -2 
86 126 126 297 401 527 564 599 648 762 -1 -2 
32 35 100 46 328 47 90 469 588 857 -1 -2 
1 62 47 100 308 381 658 929 940 980 -1 -2 
86 126 126 90 572 645 738 883 921 958 -1 -2 
86 126 47 90 467 480 535 607 706 838 -1 -2 
86 86 126 90 296 382 726 733 836 971 -1 -2 
86 126 118 119 423 462 471 671 727 940 -1 -2 
35 86 47 126 472 599 676 768 912 995 -1 -2 
35 126 46 90 47 483 90 671 749 841 -1 -2 
86 86 47 126 718 736 751 878 936 1000 -1 -2 
86 35 47 46 353 47 90 874 896 977 -1 -2 
86 35 47 46 445 47 90 807 938 953 -1 -2 
86 126 100 458 625 705 787 824 841 905 -1 -2 
86 86 47 126 435 552 585 646 773 810 -1 -2 
86 86 126 90 691 892 921 932 953 977 -1 -2 
86 86 126 637 649 795 889 912 934 998 -1 -2 
86 86 126 90 420 754 785 830 837 996 -1 -2 
86 126 126 90 89 259 338 381 622 845 -1 -2 
86 126 126 90 298 571 603 737 766 926 -1 -2 
86 86 126 370 498 609 825 860 935 940 -1 -2 
86 86 126 90 675 699 715 840 851 921 -1 -2 
86 86 126 90 330 349 688 760 773 983 -1 -2 
86 126 100 571 596 619 634 655 821 912 -1 -2 
86 86 47 126 469 515 571 625 661 979 -1 -2 
86 86 47 126 685 730 736 761 851 893 -1 -2 
86 126 126 579 698 734 779 815 836 943 -1 -2 
35 126 46 47 724 90 796 871 959 965 -1 -2 
86 35 46 47 90 537 551 568 735 999 -1 -2 
86 35 46 47 579 90 744 773 794 915 -1 -2 
86 86 100 126 597 622 679 703 867 910 -1 -2 
86 35 46 298 47 90 478 734 791 857 -1 -2 
86 126 126 90 362 497 517 769 782 906 -1 -2 
53 35 104 46 243 47 90 696 786 839 -1 -2 
35 46 128 47 271 90 526 672 744 926 -1 -2 
35 46 47 47 542 90 668 807 889 982 -1 -2 
71 46 77 115 423 122 679 907 910 921 -1 -2 
35 32 83 90 704 806 858 906 937 967 -1 -2 
35 46 100 47 90 577 648 666 748 884 -1 -2 
1 35 100 46 219 47 90 507 647 669 -1 -2 
35 35 47 46 47 603 90 764 806 975 -1 -2 
35 46 332 47 90 573 678 770 853 949 -1 -2 
1 62 100 328 467 608 750 754 845 861 -1 -2 
35 35 47 46 47 90 784 812 908 960 -1 -2 
125 46 47 90 237 528 712 740 887 900 -1 -2 
68 32 83 251 253 375 668 809 850 882 -1 -2 
1 62 47 100 522 768 845 855 872 945 -1 -2 
1 35 100 46 388 47 90 793 866 934 -1 -2 
232 312 355 535 553 675 687 796 865 895 -1 -2 
55 35 257 46 47 384 90 691 902 932 -1 -2 
35 71 47 77 115 122 583 888 984 992 -1 -2 
35 35 46 47 537 90 726 750 766 910 -1 -2 
35 46 82 47 90 478 494 553 616 846 -1 -2 
35 35 47 46 47 90 533 700 820 884 -1 -2 
35 46 47 47 491 90 563 755 895 966 -1 -2 
1 46 62 90 100 630 637 660 703 797 -1 -2 
32 35 100 46 384 47 90 772 951 998 -1 -2 
35 35 47 46 364 47 90 581 629 731 -1 -2 
35 35 46 47 396 90 543 713 766 996 -1 -2 
35 46 47 90 90 661 706 712 895 993 -1 -2 
32 83 47 90 516 634 690 790 868 885 -1 -2 
32 231 83 378 450 580 659 759 773 902 -1 -2 
35 1 47 62 215 100 658 716 735 806 -1 -2 
35 62 46 90 47 512 90 584 835 957 -1 -2 
35 46 46 47 90 687 692 856 863 927 -1 -2 
35 46 46 90 47 482 90 743 889 992 -1 -2 
35 35 46 47 669 90 818 887 918 936 -1 -2 
35 46 47 47 376 90 640 721 756 870 -1 -2 
125 46 47 90 512 594 699 867 902 977 -1 -2 
35 32 83 90 558 567 641 679 770 937 -1 -2 
35 46 46 90 47 90 586 672 783 907 -1 -2 
35 35 47 46 47 90 930 966 990 995 -1 -2 
35 1 62 100 789 815 864 955 970 1000 -1 -2 
1 46 62 90 100 497 558 670 702 975 -1 -2 
32 35 46 47 90 422 825 852 867 983 -1 -2 
35 35 46 90 47 90 746 850 932 941 -1 -2 
1 125 100 90 300 356 406 616 670 735 -1 -2 
35 35 46 47 699 90 758 834 907 1000 -1 -2 
35 53 47 68 377 432 519 769 788 814 -1 -2 
35 83 46 47 536 90 703 717 746 781 -1 -2 
35 46 46 90 47 408 90 757 968 977 -1 -2 
35 1 62 90 100 538 578 694 786 887 -1 -2 
35 46 47 90 409 540 595 696 829 994 -1 -2 
35 35 46 47 494 90 703 731 774 962 -1 -2 
35 83 46 90 47 372 90 717 850 960 -1 -2 
35 35 46 90 47 572 90 665 888 894 -1 -2 
35 46 46 47 90 518 598 625 724 997 -1 -2 
32 35 47 46 341 47 90 625 716 738 -1 -2 
35 35 46 90 47 352 90 559 600 851 -1 -2 
1 62 47 100 283 326 372 407 486 982 -1 -2 
35 46 47 90 90 571 604 626 731 860 -1 -2 
96 35 46 338 47 90 470 489 716 852 -1 -2 
35 46 46 90 47 90 554 599 666 903 -1 -2 
109 35 46 47 90 610 620 726 826 873 -1 -2 
1 35 46 47 90 443 547 666 736 974 -1 -2 
35 35 47 46 476 47 90 686 792 916 -1 -2 
35 35 47 46 47 608 90 830 838 999 -1 -2 
35 46 47 90 614 639 658 743 809 866 -1 -2 
1 46 62 90 100 625 732 822 842 907 -1 -2 
35 46 47 90 302 500 520 527 717 825 -1 -2 
53 68 47 90 648 715 737 820 966 976 -1 -2 
35 35 46 90 47 650 90 727 883 892 -1 -2 
13 38 181 316 529 569 637 827 929 930 -1 -2 
1 35 100 46 47 603 90 780 913 962 -1 -2 
35 46 46 47 220 90 629 643 718 958 -1 -2 
35 46 46 90 47 90 662 765 826 926 -1 -2 
35 46 47 399 90 676 692 703 783 833 -1 -2 
35 46 46 90 47 594 90 822 874 914 -1 -2 
53 68 47 90 385 612 626 676 745 783 -1 -2 
125 35 46 47 394 90 505 637 708 971 -1 -2 
35 62 46 90 47 667 90 817 850 853 -1 -2 
281 338 410 589 598 613 701 716 730 733 -1 -2 
1 62 374 100 602 613 694 722 794 890 -1 -2 
35 87 46 47 317 90 757 789 848 880 -1 -2 
35 46 46 90 47 408 90 753 770 872 -1 -2 
35 46 46 90 47 696 90 712 755 860 -1 -2 
35 35 47 46 47 90 760 791 820 997 -1 -2 
35 125 47 90 346 379 447 517 778 856 -1 -2 
35 46 47 47 90 772 880 881 958 962 -1 -2 
35 35 47 46 236 47 90 558 705 908 -1 -2 
1 83 62 90 100 676 726 750 926 936 -1 -2 
35 35 46 47 90 621 737 750 781 862 -1 -2 
24 35 227 46 451 47 90 877 949 955 -1 -2 
125 46 47 90 527 601 635 721 847 868 -1 -2 
53 35 46 530 47 90 759 862 945 982 -1 -2 
35 35 47 46 47 615 90 655 753 917 -1 -2 
1 62 47 100 733 747 808 870 916 951 -1 -2 
35 35 46 90 47 505 90 557 580 670 -1 -2 
35 1 47 62 100 407 425 505 543 837 -1 -2 
35 32 83 90 387 424 495 531 611 768 -1 -2 
35 62 46 47 90 438 450 559 732 961 -1 -2 
227 35 46 472 47 90 623 802 854 890 -1 -2 
35 32 83 90 516 557 569 887 978 990 -1 -2 
1 62 100 427 507 731 896 898 934 998 -1 -2 
35 104 363 120 444 448 526 643 648 980 -1 -2 
125 1 100 62 460 100 739 795 885 911 -1 -2 
35 39 58 424 431 455 524 584 675 919 -1 -2 
1 1 100 62 100 441 664 679 733 881 -1 -2 
1 62 62 100 468 699 715 851 949 966 -1 -2 
4 1 62 615 100 662 689 723 871 978 -1 -2 
1 62 250 100 373 398 526 735 863 891 -1 -2 
1 32 83 377 453 545 557 612 757 953 -1 -2 
56 183 305 412 481 491 659 755 758 837 -1 -2 
430 540 637 674 676 693 703 847 863 876 -1 -2 
113 188 376 390 681 799 938 941 945 977 -1 -2 
62 88 155 210 259 661 796 817 923 950 -1 -2 
1 1 62 172 100 313 536 564 878 893 -1 -2 
1 290 62 100 365 398 478 708 738 903 -1 -2 
1 62 590 100 716 738 806 911 979 996 -1 -2 
10 33 105 191 544 554 593 662 891 960 -1 -2 
115 196 216 301 466 530 673 694 729 940 -1 -2 
1 71 100 77 115 595 122 619 711 744 -1 -2 
18 293 296 523 537 681 709 824 856 961 -1 -2 
1 62 117 100 262 313 372 470 588 805 -1 -2 
41 107 228 416 442 528 584 656 661 760 -1 -2 
203 348 376 410 451 468 735 930 960 1000 -1 -2 
128 1 62 100 489 602 743 754 819 951 -1 -2 
1 62 100 234 366 440 505 760 778 998 -1 -2 
32 80 83 228 236 581 613 703 806 922 -1 -2 
112 1 330 62 100 542 729 815 820 841 -1 -2 
300 32 568 83 687 842 858 967 987 997 -1 -2 
1 51 62 100 225 427 449 472 551 717 -1 -2 
32 36 83 273 324 538 584 673 712 904 -1 -2 
1 32 100 83 573 592 611 652 778 873 -1 -2 
108 115 134 142 299 628 757 836 898 988 -1 -2 
1 62 100 100 467 471 601 602 842 867 -1 -2 
1 251 62 100 572 595 630 663 693 861 -1 -2 
1 62 100 320 350 497 560 677 727 770 -1 -2 
1 125 100 150 305 310 577 627 891 903 -1 -2 
47 1 62 334 100 526 561 599 866 902 -1 -2 
37 32 85 83 328 352 611 616 627 780 -1 -2 
32 83 100 394 450 569 625 654 700 884 -1 -2 
1 140 62 100 724 726 755 760 771 868 -1 -2 
32 83 142 355 485 556 562 635 725 779 -1 -2 
21 56 131 109 451 454 547 568 648 887 -1 -2 
1 1 100 62 665 100 912 914 935 936 -1 -2 
1 62 100 331 405 464 621 674 692 866 -1 -2 
4 125 60 210 368 526 632 645 820 860 -1 -2 
51 65 100 267 342 394 395 728 740 921 -1 -2 
32 83 100 408 421 466 484 510 870 963 -1 -2 
1 223 62 100 387 833 849 891 900 906 -1 -2 
1 62 99 100 290 390 462 817 894 987 -1 -2 
1 159 62 429 100 603 607 684 816 937 -1 -2 
21 157 212 279 560 693 793 823 888 971 -1 -2 
18 91 114 339 356 389 521 594 912 941 -1 -2 
1 56 100 109 254 357 748 849 896 993 -1 -2 
32 83 121 312 393 804 842 868 922 998 -1 -2 
1 53 100 68 353 437 438 483 718 907 -1 -2 
32 315 83 483 490 511 553 726 810 901 -1 -2 
58 64 268 335 451 492 534 610 845 893 -1 -2 
345 1 62 100 686 761 772 840 921 936 -1 -2 
27 163 185 219 221 321 400 489 870 975 -1 -2 
186 343 664 681 737 790 811 865 866 950 -1 -2 
1 32 100 83 434 449 475 571 748 992 -1 -2 
53 62 68 378 398 584 697 776 833 884 -1 -2 
1 125 100 335 342 528 549 621 655 938 -1 -2 
72 327 407 475 571 612 649 742 796 891 -1 -2 
1 1 62 537 100 770 895 901 908 929 -1 -2 
28 126 193 257 318 523 755 806 885 967 -1 -2 
1 32 100 83 478 490 510 616 722 806 -1 -2 
53 68 100 484 510 578 584 632 870 952 -1 -2 
121 156 255 599 623 647 753 761 854 952 -1 -2 
125 56 100 109 483 503 520 764 883 957 -1 -2 
11 13 169 209 221 640 747 856 958 985 -1 -2 
53 121 68 405 606 662 835 943 949 966 -1 -2 
1 62 95 100 325 366 447 550 709 882 -1 -2 
1 1 100 62 521 100 705 777 785 843 -1 -2 
32 62 83 231 289 309 359 504 806 844 -1 -2 
10 18 85 158 501 656 664 833 898 951 -1 -2 
116 32 83 330 477 479 647 668 670 859 -1 -2 
1 83 62 100 340 461 556 587 663 706 -1 -2 
100 1 258 62 547 100 748 768 782 893 -1 -2 
1 62 62 100 570 695 702 704 841 883 -1 -2 
1 62 471 100 674 679 700 731 935 981 -1 -2 
32 53 68 306 342 421 606 701 860 926 -1 -2 
54 62 331 361 376 444 601 665 752 936 -1 -2 
96 132 483 516 581 614 658 750 753 900 -1 -2 
56 62 109 508 517 608 694 727 746 988 -1 -2 
1 62 100 398 522 595 691 717 835 884 -1 -2 
32 83 185 187 215 454 541 825 868 932 -1 -2 
1 104 100 120 285 329 339 526 547 549 -1 -2 
62 103 346 362 390 449 651 669 675 822 -1 -2 
1 126 62 197 100 278 691 769 852 853 -1 -2 
32 77 83 122 361 379 391 626 636 662 -1 -2 
8 203 207 313 570 695 750 797 874 922 -1 -2 
1 191 62 323 100 627 661 777 885 928 -1 -2 
53 62 68 449 471 482 621 636 866 991 -1 -2 
1 62 62 429 100 733 808 822 847 848 -1 -2 
1 400 62 100 650 705 776 849 927 942 -1 -2 
32 83 259 345 504 568 670 736 807 969 -1 -2 
125 62 100 180 238 495 572 587 708 747 -1 -2 
32 31 59 410 490 657 732 809 819 852 -1 -2 
1 1 100 62 100 709 720 816 888 904 -1 -2 
