80 106 107 125 110 116 127 705 128 898 -1 -2 
80 80 106 110 107 110 128 116 127 128 -1 -2 
70 109 107 122 125 127 128 237 725 820 -1 -2 
80 79 106 107 763 110 939 116 127 128 -1 -2 
80 80 106 107 110 116 127 773 128 906 -1 -2 
70 70 122 109 122 127 125 702 783 833 -1 -2 
70 109 122 125 116 127 128 581 650 831 -1 -2 
80 106 107 110 116 127 128 128 795 920 -1 -2 
80 106 107 107 110 127 116 127 128 954 -1 -2 
104 80 106 110 107 127 110 116 127 128 -1 -2 
80 80 107 106 116 107 110 116 127 128 -1 -2 
2 106 79 110 116 127 128 827 961 971 -1 -2 
80 106 106 110 107 110 128 116 127 128 -1 -2 
80 109 106 125 107 597 110 116 127 128 -1 -2 
80 106 107 107 116 110 116 627 127 128 -1 -2 
70 80 106 125 107 110 515 116 127 128 -1 -2 
70 80 106 125 107 110 128 116 127 128 -1 -2 
80 80 107 106 116 107 110 116 127 128 -1 -2 
70 109 122 125 116 127 128 805 889 928 -1 -2 
80 106 107 110 110 127 116 127 787 128 -1 -2 
45 71 87 110 116 127 128 449 657 826 -1 -2 
80 106 122 107 110 127 116 712 127 128 -1 -2 
80 106 107 107 116 110 116 127 128 832 -1 -2 
80 80 107 106 107 127 110 116 127 128 -1 -2 
80 80 107 106 107 127 110 116 127 128 -1 -2 
70 70 122 109 122 125 128 762 824 950 -1 -2 
80 80 107 106 116 107 110 116 127 128 -1 -2 
70 79 109 110 122 127 125 771 970 983 -1 -2 
80 106 107 107 110 127 116 447 127 128 -1 -2 
80 104 115 110 124 127 128 814 889 937 -1 -2 
70 2 79 125 116 127 128 588 865 956 -1 -2 
80 80 107 106 107 110 128 116 127 128 -1 -2 
80 106 107 110 116 116 128 127 807 128 -1 -2 
70 109 107 122 116 125 128 600 756 801 -1 -2 
80 2 79 110 116 127 128 912 956 989 -1 -2 
80 79 106 110 107 127 110 116 127 128 -1 -2 
80 70 109 122 116 125 128 829 861 979 -1 -2 
80 80 106 110 107 110 116 127 128 822 -1 -2 
80 70 109 122 116 125 128 852 866 883 -1 -2 
80 106 122 107 116 110 128 116 127 128 -1 -2 
80 106 107 107 116 110 128 116 127 128 -1 -2 
70 109 122 122 116 125 128 826 914 971 -1 -2 
80 80 106 110 107 110 116 614 127 128 -1 -2 
80 106 107 110 110 116 128 127 128 893 -1 -2 
2 79 122 125 116 127 128 888 902 999 -1 -2 
80 80 107 106 116 107 110 116 127 128 -1 -2 
80 80 107 106 116 107 110 116 127 128 -1 -2 
2 2 107 79 116 127 128 588 622 764 -1 -2 
70 80 122 106 116 107 110 116 127 128 -1 -2 
80 106 106 107 116 110 116 127 670 128 -1 -2 
70 106 109 110 122 127 125 618 654 862 -1 -2 
70 106 109 122 116 125 128 731 782 948 -1 -2 
104 115 107 124 116 127 128 453 496 850 -1 -2 
80 106 124 107 110 116 543 127 854 128 -1 -2 
80 80 106 107 116 110 116 832 127 128 -1 -2 
80 106 106 110 107 127 110 116 127 128 -1 -2 
80 80 106 110 107 127 110 116 127 128 -1 -2 
80 80 107 106 107 110 116 834 127 128 -1 -2 
80 70 107 109 122 125 128 849 858 968 -1 -2 
2 70 107 109 122 127 125 627 656 805 -1 -2 
70 80 122 106 107 127 110 116 127 128 -1 -2 
70 80 122 106 107 127 110 116 127 128 -1 -2 
70 109 122 125 116 127 128 823 835 904 -1 -2 
80 70 109 110 122 127 125 632 817 889 -1 -2 
80 109 106 107 110 127 116 127 776 128 -1 -2 
70 109 122 125 116 127 128 790 877 977 -1 -2 
80 106 106 110 107 110 116 627 127 128 -1 -2 
80 80 106 107 110 116 128 127 701 128 -1 -2 
2 70 107 109 122 127 125 849 967 980 -1 -2 
80 106 122 107 110 116 646 127 894 128 -1 -2 
80 106 107 107 116 110 128 116 127 128 -1 -2 
70 80 106 125 107 127 110 116 127 128 -1 -2 
2 70 109 110 122 125 128 848 934 966 -1 -2 
104 80 106 107 110 116 128 127 823 128 -1 -2 
80 106 107 110 116 127 128 971 984 986 -1 -2 
2 80 107 106 107 110 116 699 127 128 -1 -2 
70 109 107 122 116 125 128 960 965 973 -1 -2 
70 80 122 106 107 127 110 116 127 128 -1 -2 
80 106 107 107 110 116 127 854 128 977 -1 -2 
80 109 106 107 110 127 116 127 938 128 -1 -2 
80 109 106 125 107 110 116 353 127 128 -1 -2 
80 106 106 110 107 127 110 116 127 128 -1 -2 
45 80 87 106 116 107 110 116 127 128 -1 -2 
70 109 107 122 116 125 128 462 591 701 -1 -2 
2 106 79 110 116 127 128 909 964 977 -1 -2 
80 80 106 107 110 127 116 127 128 914 -1 -2 
70 109 107 122 116 125 128 414 570 835 -1 -2 
80 106 106 107 116 110 116 127 867 128 -1 -2 
104 106 115 110 124 127 128 644 731 944 -1 -2 
2 106 79 110 116 127 128 815 902 909 -1 -2 
80 106 107 107 110 116 128 127 128 977 -1 -2 
70 70 109 125 122 125 128 923 947 996 -1 -2 
80 2 79 110 116 127 128 689 855 909 -1 -2 
80 106 106 107 110 116 128 127 128 993 -1 -2 
80 2 79 110 116 127 128 400 579 975 -1 -2 
70 115 109 110 122 127 125 650 727 864 -1 -2 
80 106 107 110 110 116 127 578 128 998 -1 -2 
80 80 107 106 107 110 128 116 127 128 -1 -2 
80 80 107 106 116 107 110 116 127 128 -1 -2 
80 106 107 107 116 110 116 584 127 128 -1 -2 
80 2 79 110 116 127 128 639 761 993 -1 -2 
80 80 106 110 107 127 110 116 127 128 -1 -2 
2 70 109 110 122 127 125 807 872 988 -1 -2 
80 2 107 79 116 127 128 784 896 958 -1 -2 
2 80 124 106 116 107 110 116 127 128 -1 -2 
80 80 107 106 107 110 116 677 127 128 -1 -2 
80 80 106 107 110 116 128 127 570 128 -1 -2 
70 109 124 122 116 125 128 797 849 991 -1 -2 
80 70 107 109 116 122 125 391 721 845 -1 -2 
104 106 115 124 116 127 128 845 862 900 -1 -2 
2 106 79 110 116 127 128 846 927 943 -1 -2 
80 106 106 110 107 127 110 116 127 128 -1 -2 
80 80 107 106 107 127 110 116 127 128 -1 -2 
80 80 106 110 107 127 110 116 127 128 -1 -2 
80 106 107 110 116 127 128 128 860 930 -1 -2 
80 106 107 107 110 116 127 128 645 963 -1 -2 
80 70 109 110 122 125 128 885 915 926 -1 -2 
70 106 109 110 122 127 125 774 775 938 -1 -2 
70 109 107 122 116 125 128 806 903 952 -1 -2 
80 2 79 110 116 127 128 901 918 945 -1 -2 
80 80 106 107 116 110 116 127 128 924 -1 -2 
80 70 107 109 116 122 125 421 621 741 -1 -2 
70 80 106 125 107 110 116 127 714 128 -1 -2 
70 80 106 125 107 110 116 127 957 128 -1 -2 
70 80 106 125 107 127 110 116 127 128 -1 -2 
129 80 460 106 634 107 110 116 127 128 -1 -2 
80 79 106 110 107 127 110 116 127 128 -1 -2 
80 79 106 107 110 116 127 659 128 925 -1 -2 
80 80 107 106 116 107 110 116 127 128 -1 -2 
80 106 122 107 110 645 116 745 127 128 -1 -2 
80 80 107 106 107 127 110 116 127 128 -1 -2 
70 109 122 125 116 127 128 674 716 814 -1 -2 
80 80 107 106 116 107 110 116 127 128 -1 -2 
80 106 107 110 110 116 127 128 857 878 -1 -2 
80 70 109 122 125 127 128 889 890 934 -1 -2 
80 106 106 107 116 110 128 116 127 128 -1 -2 
80 106 87 107 110 116 128 127 128 985 -1 -2 
80 106 106 110 107 127 110 116 127 128 -1 -2 
80 70 109 110 122 125 128 825 932 966 -1 -2 
80 70 109 110 122 125 128 790 860 984 -1 -2 
80 80 107 106 107 127 110 116 127 128 -1 -2 
80 2 107 79 116 127 128 828 891 932 -1 -2 
70 109 122 110 125 127 128 493 611 830 -1 -2 
80 2 79 110 116 127 128 670 706 859 -1 -2 
80 106 106 110 107 127 110 116 127 128 -1 -2 
80 80 106 110 107 127 110 116 127 128 -1 -2 
80 106 107 110 116 127 128 842 946 960 -1 -2 
80 70 107 109 122 127 125 533 892 916 -1 -2 
70 80 122 106 107 127 110 116 127 128 -1 -2 
80 106 122 107 116 110 128 116 127 128 -1 -2 
80 106 106 110 107 127 110 116 127 128 -1 -2 
2 80 106 110 107 127 110 116 127 128 -1 -2 
70 109 122 110 125 127 128 816 876 952 -1 -2 
80 106 107 107 110 116 128 127 128 985 -1 -2 
80 106 107 110 110 116 127 877 128 978 -1 -2 
80 106 106 107 110 116 127 128 877 942 -1 -2 
45 80 87 106 116 107 110 116 127 128 -1 -2 
80 80 107 106 107 127 110 116 127 128 -1 -2 
7 104 115 124 116 127 128 704 757 986 -1 -2 
80 106 106 107 110 127 116 127 907 128 -1 -2 
80 70 107 109 116 122 125 672 825 982 -1 -2 
70 109 107 122 116 125 128 747 818 968 -1 -2 
80 80 106 110 107 127 110 116 127 128 -1 -2 
80 106 122 107 110 116 127 491 128 983 -1 -2 
80 106 106 110 107 127 110 116 127 128 -1 -2 
70 80 106 107 110 116 127 128 886 999 -1 -2 
80 106 106 107 110 116 127 128 818 849 -1 -2 
80 70 107 109 116 122 125 904 977 1000 -1 -2 
80 80 107 106 116 107 110 116 127 128 -1 -2 
80 80 107 106 116 107 110 116 127 128 -1 -2 
80 80 106 110 107 127 110 116 127 128 -1 -2 
80 106 107 110 116 116 128 127 810 128 -1 -2 
80 106 107 107 116 110 128 116 127 128 -1 -2 
70 106 109 122 125 127 128 333 392 567 -1 -2 
70 80 122 106 116 107 110 116 127 128 -1 -2 
80 106 107 110 116 116 128 127 633 128 -1 -2 
80 106 107 110 110 127 116 645 127 128 -1 -2 
80 106 106 110 107 127 110 116 127 128 -1 -2 
80 106 107 125 110 116 855 127 128 973 -1 -2 
80 2 79 110 116 127 128 874 880 911 -1 -2 
80 80 107 106 107 127 110 116 127 128 -1 -2 
80 106 107 107 116 110 128 116 127 128 -1 -2 
80 106 106 107 116 110 128 116 127 128 -1 -2 
80 106 106 110 107 110 116 127 710 128 -1 -2 
80 80 106 107 116 110 128 116 127 128 -1 -2 
70 109 122 125 125 127 128 316 402 468 -1 -2 
80 70 107 109 116 122 125 693 918 972 -1 -2 
80 106 106 110 107 110 128 116 127 128 -1 -2 
80 109 106 125 107 127 110 116 127 128 -1 -2 
104 80 124 106 107 110 128 116 127 128 -1 -2 
80 106 106 107 116 110 116 695 127 128 -1 -2 
80 106 107 110 116 127 127 128 890 931 -1 -2 
80 106 106 110 107 110 116 816 127 128 -1 -2 
80 70 107 109 116 122 125 716 868 988 -1 -2 
80 80 107 106 116 107 110 116 127 128 -1 -2 
80 109 106 107 367 110 652 116 127 128 -1 -2 
80 106 107 110 116 127 128 128 967 988 -1 -2 
2 80 107 106 116 107 110 116 127 128 -1 -2 
80 80 107 106 116 107 110 116 127 128 -1 -2 
70 109 107 122 116 125 128 841 887 978 -1 -2 
80 106 107 110 116 116 127 774 128 991 -1 -2 
80 80 106 107 110 127 116 127 128 907 -1 -2 
80 106 107 107 116 110 116 708 127 128 -1 -2 
80 79 106 110 107 110 116 127 128 685 -1 -2 
70 106 109 122 125 127 128 681 969 998 -1 -2 
2 79 107 110 116 127 128 766 931 940 -1 -2 
80 79 106 107 110 127 116 127 928 128 -1 -2 
80 70 109 122 116 125 128 868 877 937 -1 -2 
70 80 106 125 107 127 110 116 127 128 -1 -2 
80 70 107 109 116 122 125 710 891 989 -1 -2 
80 106 107 110 110 116 127 745 128 861 -1 -2 
70 70 122 109 116 122 125 871 914 928 -1 -2 
70 106 109 122 116 125 128 762 807 920 -1 -2 
80 106 107 110 110 116 128 127 128 930 -1 -2 
80 70 109 122 116 125 128 729 942 948 -1 -2 
80 70 109 110 122 125 128 673 763 979 -1 -2 
80 80 106 110 107 110 116 711 127 128 -1 -2 
80 80 106 107 110 116 128 127 128 949 -1 -2 
70 80 122 106 116 107 110 116 127 128 -1 -2 
70 186 109 325 122 125 427 488 613 712 -1 -2 
80 106 107 107 110 116 127 128 881 900 -1 -2 
80 106 106 107 110 116 127 128 835 996 -1 -2 
104 80 106 107 116 110 128 116 127 128 -1 -2 
80 104 107 115 124 127 128 713 863 910 -1 -2 
80 106 107 110 110 127 116 127 683 128 -1 -2 
80 80 107 106 107 110 116 788 127 128 -1 -2 
70 109 124 122 125 127 128 690 719 975 -1 -2 
70 80 106 107 110 788 116 852 127 128 -1 -2 
70 109 122 125 116 127 128 694 906 981 -1 -2 
2 70 109 125 122 127 125 417 651 708 -1 -2 
80 80 107 106 116 107 110 116 127 128 -1 -2 
80 80 107 106 116 107 110 116 127 128 -1 -2 
80 2 107 79 116 127 128 747 818 840 -1 -2 
70 80 106 107 116 110 128 116 127 128 -1 -2 
80 106 106 107 116 110 116 127 870 128 -1 -2 
80 80 107 106 116 107 110 116 127 128 -1 -2 
80 70 107 109 122 127 125 864 918 960 -1 -2 
70 80 122 106 116 107 110 116 127 128 -1 -2 
70 109 122 125 116 127 128 740 805 949 -1 -2 
104 106 115 110 124 127 128 547 663 949 -1 -2 
80 80 107 106 116 107 110 116 127 128 -1 -2 
80 80 107 106 107 127 110 116 127 128 -1 -2 
80 80 107 106 107 127 110 116 127 128 -1 -2 
70 80 106 107 110 127 116 924 127 128 -1 -2 
70 109 107 122 116 125 128 727 905 996 -1 -2 
2 79 107 110 116 127 128 623 638 686 -1 -2 
80 70 107 109 116 122 125 656 715 833 -1 -2 
80 106 106 107 116 110 128 116 127 128 -1 -2 
70 70 109 125 122 125 128 721 777 965 -1 -2 
80 109 106 125 107 621 110 116 127 128 -1 -2 
70 80 122 106 107 110 116 127 128 925 -1 -2 
80 106 106 107 110 116 127 649 128 942 -1 -2 
80 106 107 125 110 502 116 127 896 128 -1 -2 
70 80 106 107 116 110 128 116 127 128 -1 -2 
70 106 109 110 122 127 125 889 910 995 -1 -2 
80 106 107 107 116 110 116 127 919 128 -1 -2 
70 80 106 125 107 110 116 127 899 128 -1 -2 
80 106 107 107 110 127 116 127 799 128 -1 -2 
80 80 107 106 107 127 110 116 127 128 -1 -2 
70 80 106 125 107 110 128 116 127 128 -1 -2 
80 80 107 106 116 107 110 116 127 128 -1 -2 
80 106 106 110 107 127 110 116 127 128 -1 -2 
80 80 106 110 107 127 110 116 127 128 -1 -2 
70 109 122 125 116 127 128 557 722 848 -1 -2 
80 106 107 110 116 116 128 127 128 1000 -1 -2 
80 80 106 110 107 110 128 116 127 128 -1 -2 
80 80 106 110 107 110 128 116 127 128 -1 -2 
70 109 107 122 125 127 128 852 866 940 -1 -2 
80 106 107 110 110 127 116 127 648 128 -1 -2 
80 106 107 110 116 405 127 128 588 857 -1 -2 
70 80 122 106 308 107 110 116 127 128 -1 -2 
80 106 106 110 107 127 110 116 127 128 -1 -2 
70 109 122 110 125 127 128 607 706 838 -1 -2 
80 80 107 106 116 107 110 116 127 128 -1 -2 
70 104 115 124 116 127 128 671 727 940 -1 -2 
80 106 107 107 110 127 116 127 912 128 -1 -2 
70 109 124 122 125 127 128 671 749 841 -1 -2 
80 70 109 122 125 127 128 878 936 1000 -1 -2 
80 80 107 106 107 127 110 116 127 128 -1 -2 
80 70 107 109 116 122 125 807 938 953 -1 -2 
2 70 122 109 625 122 125 824 841 905 -1 -2 
2 70 109 122 116 125 128 646 773 810 -1 -2 
80 106 106 107 116 110 128 116 127 128 -1 -2 
80 80 106 110 107 110 128 116 127 128 -1 -2 
70 80 106 107 110 116 128 127 837 128 -1 -2 
70 109 122 110 125 127 128 381 622 845 -1 -2 
104 70 109 122 125 127 128 737 766 926 -1 -2 
80 2 79 110 116 127 128 860 935 940 -1 -2 
80 106 107 110 116 116 128 127 851 128 -1 -2 
80 106 106 107 110 127 116 127 128 983 -1 -2 
80 80 107 106 107 110 128 116 127 128 -1 -2 
80 80 106 110 107 127 110 116 127 128 -1 -2 
80 80 106 107 110 116 128 127 128 893 -1 -2 
80 106 107 107 116 110 128 116 127 128 -1 -2 
80 109 106 125 107 127 110 116 127 128 -1 -2 
80 70 107 109 116 122 125 568 735 999 -1 -2 
80 2 79 110 116 127 128 773 794 915 -1 -2 
80 80 107 106 107 127 110 116 127 128 -1 -2 
80 109 106 125 107 110 128 116 127 128 -1 -2 
80 70 109 122 116 125 128 769 782 906 -1 -2 
80 109 106 107 116 110 128 116 127 128 -1 -2 
80 80 107 106 116 107 110 116 127 128 -1 -2 
104 80 106 179 107 110 116 127 128 982 -1 -2 
2 106 79 110 116 127 128 907 910 921 -1 -2 
80 106 107 110 116 127 127 906 128 967 -1 -2 
70 109 122 125 116 127 128 666 748 884 -1 -2 
80 106 107 125 110 127 116 127 647 128 -1 -2 
80 70 109 110 122 127 125 764 806 975 -1 -2 
80 106 107 107 116 110 116 127 128 949 -1 -2 
2 80 107 106 116 107 110 116 127 128 -1 -2 
70 109 122 125 116 127 128 812 908 960 -1 -2 
80 104 107 115 116 124 128 740 887 900 -1 -2 
80 80 106 110 107 127 110 116 127 128 -1 -2 
80 80 107 106 116 107 110 116 127 128 -1 -2 
80 80 106 107 116 110 128 116 127 128 -1 -2 
80 106 107 107 110 127 116 127 128 895 -1 -2 
70 109 107 122 125 127 128 691 902 932 -1 -2 
80 106 122 107 116 110 128 116 127 128 -1 -2 
80 80 107 106 116 107 110 116 127 128 -1 -2 
80 80 106 110 107 127 110 116 127 128 -1 -2 
80 70 109 122 125 127 128 700 820 884 -1 -2 
80 109 106 125 107 127 110 116 127 128 -1 -2 
80 106 106 110 107 110 116 127 703 128 -1 -2 
80 106 106 107 116 110 128 116 127 128 -1 -2 
70 106 109 110 122 125 128 581 629 731 -1 -2 
80 80 107 106 107 110 128 116 127 128 -1 -2 
80 79 106 107 116 110 116 712 127 128 -1 -2 
80 80 106 107 116 110 128 116 127 128 -1 -2 
80 70 107 109 122 127 125 759 773 902 -1 -2 
80 106 106 107 116 110 116 716 127 128 -1 -2 
80 70 109 122 125 127 128 584 835 957 -1 -2 
80 70 107 109 122 125 128 856 863 927 -1 -2 
80 80 106 107 110 127 116 743 127 128 -1 -2 
80 106 107 110 116 116 128 127 918 128 -1 -2 
80 2 79 110 116 127 128 721 756 870 -1 -2 
80 106 106 107 110 116 127 128 902 977 -1 -2 
80 80 106 107 110 116 127 128 770 937 -1 -2 
80 2 79 110 116 127 128 672 783 907 -1 -2 
80 70 109 110 122 125 128 966 990 995 -1 -2 
70 80 106 125 107 127 110 116 127 128 -1 -2 
80 70 107 109 122 127 125 670 702 975 -1 -2 
80 106 106 110 107 127 110 116 127 128 -1 -2 
80 80 107 106 116 107 110 116 127 128 -1 -2 
80 106 107 110 110 116 128 127 670 128 -1 -2 
2 106 79 110 116 127 128 834 907 1000 -1 -2 
80 106 107 110 110 127 116 769 127 128 -1 -2 
70 109 109 125 122 125 128 717 746 781 -1 -2 
80 80 106 107 116 110 116 127 128 977 -1 -2 
80 106 107 110 116 116 127 128 786 887 -1 -2 
80 80 107 106 107 110 116 696 127 128 -1 -2 
70 109 122 125 116 127 128 731 774 962 -1 -2 
80 106 107 110 116 127 127 717 128 960 -1 -2 
80 70 109 122 125 127 128 665 888 894 -1 -2 
80 106 106 107 116 110 116 127 724 128 -1 -2 
80 106 124 107 116 110 116 127 716 128 -1 -2 
80 79 106 110 107 110 116 127 600 128 -1 -2 
80 70 109 122 125 127 128 407 486 982 -1 -2 
80 70 107 109 116 122 125 626 731 860 -1 -2 
70 80 106 107 110 127 116 127 716 128 -1 -2 
70 80 106 125 107 127 110 116 127 128 -1 -2 
80 106 106 107 116 110 116 726 127 128 -1 -2 
70 106 109 122 116 125 128 666 736 974 -1 -2 
2 79 107 110 116 127 128 686 792 916 -1 -2 
104 80 106 107 110 116 128 127 838 128 -1 -2 
80 80 106 110 107 127 110 116 127 128 -1 -2 
80 104 107 115 116 124 128 822 842 907 -1 -2 
80 70 107 109 122 127 125 527 717 825 -1 -2 
80 80 106 110 107 127 110 116 127 128 -1 -2 
80 80 107 106 116 107 110 116 127 128 -1 -2 
80 80 106 107 116 110 128 116 127 128 -1 -2 
80 115 106 125 107 127 110 116 127 128 -1 -2 
80 106 107 107 116 110 116 643 127 128 -1 -2 
70 80 106 107 116 110 116 127 826 128 -1 -2 
80 109 106 107 564 110 692 116 127 128 -1 -2 
80 106 106 107 110 127 116 822 127 128 -1 -2 
70 109 107 122 125 127 128 676 745 783 -1 -2 
80 106 107 110 110 127 116 127 708 128 -1 -2 
80 80 106 110 107 110 116 817 127 128 -1 -2 
80 106 107 110 116 127 128 716 730 733 -1 -2 
80 106 122 107 110 116 128 127 794 128 -1 -2 
70 80 122 106 116 107 110 116 127 128 -1 -2 
70 80 106 107 110 116 128 127 770 128 -1 -2 
2 80 106 110 107 110 116 712 127 128 -1 -2 
80 80 106 107 116 110 116 791 127 128 -1 -2 
70 104 109 313 122 125 447 517 778 856 -1 -2 
80 115 106 110 107 127 110 116 127 128 -1 -2 
80 80 106 110 107 127 110 116 127 128 -1 -2 
80 80 107 106 116 107 110 116 127 128 -1 -2 
70 70 109 125 122 125 128 750 781 862 -1 -2 
80 80 107 106 116 107 110 116 127 128 -1 -2 
80 106 107 110 116 116 128 127 847 128 -1 -2 
80 80 107 106 107 127 110 116 127 128 -1 -2 
80 106 107 110 110 116 127 128 753 917 -1 -2 
80 106 107 107 110 127 116 870 127 128 -1 -2 
70 80 106 107 116 110 128 116 127 128 -1 -2 
70 79 109 122 125 127 128 505 543 837 -1 -2 
80 106 106 107 110 127 116 531 127 128 -1 -2 
80 80 106 107 110 127 116 559 127 128 -1 -2 
80 106 106 110 107 110 116 802 127 128 -1 -2 
2 79 107 110 116 127 128 887 978 990 -1 -2 
80 2 107 79 116 127 128 898 934 998 -1 -2 
35 70 363 109 122 125 526 643 648 980 -1 -2 
80 70 109 110 122 127 125 795 885 911 -1 -2 
2 80 107 106 116 107 110 116 127 128 -1 -2 
70 109 107 122 116 125 128 679 733 881 -1 -2 
80 80 106 107 116 110 116 127 949 128 -1 -2 
80 70 109 122 125 127 128 723 871 978 -1 -2 
80 106 106 110 107 127 110 116 127 128 -1 -2 
2 106 79 110 116 127 128 612 757 953 -1 -2 
80 109 106 107 481 110 116 127 758 128 -1 -2 
80 80 106 107 116 110 116 847 127 128 -1 -2 
70 106 109 110 122 127 125 941 945 977 -1 -2 
2 79 122 125 116 127 128 817 923 950 -1 -2 
80 55 106 107 226 110 116 127 878 128 -1 -2 
80 80 107 106 116 107 110 116 127 128 -1 -2 
70 109 107 122 116 125 128 911 979 996 -1 -2 
70 106 109 122 125 127 128 662 891 960 -1 -2 
80 70 107 109 122 125 128 694 729 940 -1 -2 
2 106 79 110 116 127 128 619 711 744 -1 -2 
80 2 107 79 116 127 128 824 856 961 -1 -2 
80 106 106 110 107 127 110 116 127 128 -1 -2 
80 70 107 109 116 122 125 656 661 760 -1 -2 
104 109 115 125 124 127 128 930 960 1000 -1 -2 
70 109 109 125 122 125 128 754 819 951 -1 -2 
70 106 109 110 122 127 125 760 778 998 -1 -2 
70 70 109 125 122 127 125 703 806 922 -1 -2 
80 106 106 110 107 127 110 116 127 128 -1 -2 
80 80 106 107 110 127 116 967 127 128 -1 -2 
80 106 106 107 110 127 116 127 551 128 -1 -2 
70 109 107 122 125 127 128 673 712 904 -1 -2 
80 2 107 79 116 127 128 652 778 873 -1 -2 
104 2 79 110 116 127 128 836 898 988 -1 -2 
80 80 107 106 107 110 128 116 127 128 -1 -2 
70 70 122 109 122 127 125 663 693 861 -1 -2 
80 106 107 107 110 127 116 127 727 128 -1 -2 
80 106 107 107 116 110 128 116 127 128 -1 -2 
80 106 107 107 110 127 116 599 127 128 -1 -2 
70 109 122 125 125 127 128 616 627 780 -1 -2 
70 106 109 122 125 127 128 654 700 884 -1 -2 
80 80 107 106 107 110 116 127 771 128 -1 -2 
80 106 107 107 110 127 116 635 127 128 -1 -2 
80 70 107 109 122 125 128 568 648 887 -1 -2 
70 106 109 122 116 125 128 914 935 936 -1 -2 
80 80 107 106 116 107 110 116 127 128 -1 -2 
80 80 106 110 107 110 128 116 127 128 -1 -2 
70 109 122 125 116 127 128 728 740 921 -1 -2 
80 70 109 122 116 125 128 510 870 963 -1 -2 
2 106 79 110 116 127 128 891 900 906 -1 -2 
80 70 109 122 116 125 128 817 894 987 -1 -2 
104 70 109 110 122 127 125 684 816 937 -1 -2 
2 80 107 106 116 107 110 116 127 128 -1 -2 
70 106 109 122 125 127 128 594 912 941 -1 -2 
80 80 106 110 107 127 110 116 127 128 -1 -2 
80 70 107 109 122 127 125 868 922 998 -1 -2 
70 109 109 125 122 125 128 483 718 907 -1 -2 
80 80 107 106 116 107 110 116 127 128 -1 -2 
80 106 106 110 107 127 110 116 127 128 -1 -2 
80 104 115 124 116 127 128 840 921 936 -1 -2 
80 106 107 110 116 127 128 128 870 975 -1 -2 
70 106 109 110 122 127 125 865 866 950 -1 -2 
80 104 115 110 124 127 128 571 748 992 -1 -2 
80 80 107 106 107 110 116 776 127 128 -1 -2 
80 115 106 125 107 127 110 116 127 128 -1 -2 
70 2 79 125 116 127 128 742 796 891 -1 -2 
80 106 107 110 116 127 128 901 908 929 -1 -2 
80 106 106 110 107 110 128 116 127 128 -1 -2 
80 106 107 110 116 127 128 616 722 806 -1 -2 
104 115 124 125 116 127 128 632 870 952 -1 -2 
70 115 109 599 122 125 753 761 854 952 -1 -2 
80 109 106 107 116 110 128 116 127 128 -1 -2 
2 106 79 110 116 127 128 856 958 985 -1 -2 
2 79 107 110 116 127 128 943 949 966 -1 -2 
80 70 107 109 122 125 128 550 709 882 -1 -2 
80 80 107 106 116 107 110 116 127 128 -1 -2 
80 70 107 109 116 122 125 504 806 844 -1 -2 
80 106 107 107 110 116 127 833 128 951 -1 -2 
116 80 308 106 477 107 110 116 127 128 -1 -2 
2 70 107 109 122 125 128 587 663 706 -1 -2 
80 106 107 107 110 127 116 768 127 128 -1 -2 
80 115 106 107 110 116 127 704 128 883 -1 -2 
70 106 109 110 122 127 125 731 935 981 -1 -2 
70 109 122 125 116 127 128 701 860 926 -1 -2 
70 70 109 122 116 125 128 665 752 936 -1 -2 
80 106 106 107 110 116 127 750 128 900 -1 -2 
80 106 106 107 116 110 128 116 127 128 -1 -2 
70 70 109 125 122 127 125 717 835 884 -1 -2 
80 109 106 107 116 110 116 127 868 128 -1 -2 
70 106 109 122 125 127 128 526 547 549 -1 -2 
104 109 115 124 116 127 128 669 675 822 -1 -2 
70 70 122 109 122 127 125 769 852 853 -1 -2 
80 106 106 107 116 110 116 127 128 662 -1 -2 
80 106 107 125 110 116 128 127 874 128 -1 -2 
70 70 122 109 122 125 128 777 885 928 -1 -2 
80 70 107 109 122 125 128 636 866 991 -1 -2 
80 70 107 109 122 125 128 822 847 848 -1 -2 
70 106 109 122 125 127 128 849 927 942 -1 -2 
70 80 122 106 107 110 128 116 127 128 -1 -2 
2 79 107 110 116 127 128 587 708 747 -1 -2 
70 70 122 109 490 122 125 809 819 852 -1 -2 
80 106 107 110 116 127 128 816 888 904 -1 -2 
