128 122 299 399 428 447 610 705 771 898 -1 -2 
227 355 367 377 448 670 750 846 850 941 -1 -2 
128 122 98 101 119 219 223 237 725 820 -1 -2 
128 122 319 743 763 923 939 944 949 981 -1 -2 
128 122 487 719 742 744 764 773 904 906 -1 -2 
128 122 188 272 311 463 531 702 783 833 -1 -2 
124 117 108 99 97 64 538 581 650 831 -1 -2 
128 122 317 339 538 594 695 736 795 920 -1 -2 
119 101 98 87 24 638 658 836 910 954 -1 -2 
128 122 434 597 631 658 675 790 808 885 -1 -2 
128 122 281 419 504 633 686 787 805 977 -1 -2 
119 101 98 87 24 446 816 827 961 971 -1 -2 
128 122 166 339 437 448 505 693 981 993 -1 -2 
13 42 177 365 514 597 607 725 859 922 -1 -2 
128 122 162 182 228 280 476 627 965 988 -1 -2 
127 123 100 28 296 354 515 553 700 984 -1 -2 
5 172 241 244 261 317 388 576 579 975 -1 -2 
119 101 98 87 24 584 735 736 764 798 -1 -2 
202 534 564 591 614 733 798 805 889 928 -1 -2 
126 125 203 269 276 321 368 406 787 910 -1 -2 
128 122 198 256 328 376 431 449 657 826 -1 -2 
128 122 277 336 349 506 657 712 717 912 -1 -2 
128 122 98 101 119 518 526 562 820 832 -1 -2 
128 122 211 305 310 673 738 746 960 985 -1 -2 
62 281 429 543 655 657 754 792 953 978 -1 -2 
128 122 320 401 412 432 529 762 824 950 -1 -2 
119 101 98 87 24 545 690 718 906 934 -1 -2 
119 101 98 87 24 680 698 771 970 983 -1 -2 
128 122 153 160 253 306 437 447 769 918 -1 -2 
227 420 421 424 655 757 771 814 889 937 -1 -2 
119 101 98 87 24 324 538 588 865 956 -1 -2 
119 101 98 87 24 289 311 651 776 934 -1 -2 
62 173 183 481 548 719 737 780 807 909 -1 -2 
128 122 241 284 539 553 565 600 756 801 -1 -2 
128 122 584 631 636 758 872 912 956 989 -1 -2 
119 101 98 87 24 628 658 661 767 877 -1 -2 
97 329 351 523 539 655 768 829 861 979 -1 -2 
128 122 334 335 404 533 679 781 813 822 -1 -2 
128 122 566 574 618 641 688 852 866 883 -1 -2 
128 122 85 188 308 382 464 722 843 916 -1 -2 
128 122 341 400 436 446 556 603 785 835 -1 -2 
62 351 439 570 723 752 760 826 914 971 -1 -2 
128 122 296 497 580 587 602 614 716 930 -1 -2 
128 122 405 509 744 828 839 854 865 893 -1 -2 
10 15 142 189 776 829 877 888 902 999 -1 -2 
128 122 334 387 434 447 745 825 874 876 -1 -2 
127 123 100 28 430 447 475 689 866 950 -1 -2 
62 128 108 128 153 361 367 588 622 764 -1 -2 
128 122 280 314 407 573 697 715 889 929 -1 -2 
62 253 255 257 289 426 514 583 670 996 -1 -2 
119 101 98 87 24 450 553 618 654 862 -1 -2 
62 188 197 264 425 549 623 731 782 948 -1 -2 
128 122 139 185 252 272 366 453 496 850 -1 -2 
29 86 140 207 417 425 543 804 854 983 -1 -2 
112 23 263 302 439 511 544 832 880 954 -1 -2 
62 272 369 479 595 767 783 828 862 883 -1 -2 
128 122 102 136 137 203 633 767 858 871 -1 -2 
128 122 123 127 576 578 588 834 873 933 -1 -2 
128 122 288 741 755 768 811 849 858 968 -1 -2 
119 101 98 87 24 385 614 627 656 805 -1 -2 
128 122 456 464 509 532 625 663 807 936 -1 -2 
44 87 290 489 587 601 616 746 747 967 -1 -2 
66 92 146 308 458 616 649 823 835 904 -1 -2 
126 125 288 320 345 380 436 632 817 889 -1 -2 
103 113 182 215 381 383 461 665 776 897 -1 -2 
126 125 317 383 423 439 753 790 877 977 -1 -2 
128 122 245 251 340 470 574 627 904 985 -1 -2 
128 122 214 294 300 347 574 583 701 798 -1 -2 
37 88 197 353 371 427 592 849 967 980 -1 -2 
105 117 119 327 398 399 646 851 894 958 -1 -2 
128 122 165 244 284 545 775 927 946 993 -1 -2 
128 122 398 445 476 483 786 813 899 1000 -1 -2 
128 122 347 437 454 658 767 848 934 966 -1 -2 
119 101 98 87 24 553 574 580 823 992 -1 -2 
119 101 98 87 24 658 766 971 984 986 -1 -2 
128 122 412 461 533 559 641 699 848 965 -1 -2 
128 122 456 613 670 725 958 960 965 973 -1 -2 
119 101 98 87 24 487 673 776 811 947 -1 -2 
62 98 100 491 581 654 814 854 942 977 -1 -2 
128 122 541 793 814 852 874 928 938 1000 -1 -2 
128 122 116 241 243 274 279 353 665 893 -1 -2 
128 122 398 419 460 681 737 866 921 966 -1 -2 
10 57 155 195 443 486 633 681 847 955 -1 -2 
23 53 73 206 346 369 442 462 591 701 -1 -2 
128 122 276 285 395 828 877 909 964 977 -1 -2 
128 122 405 481 586 617 628 636 830 914 -1 -2 
128 122 158 163 189 291 348 414 570 835 -1 -2 
119 101 98 87 24 426 491 499 867 954 -1 -2 
128 122 447 491 507 567 596 644 731 944 -1 -2 
62 42 393 397 490 593 696 815 902 909 -1 -2 
119 101 98 87 24 659 777 821 900 977 -1 -2 
129 171 420 426 685 696 732 923 947 996 -1 -2 
179 328 329 404 594 637 685 689 855 909 -1 -2 
128 122 444 474 652 838 856 863 960 993 -1 -2 
30 59 153 188 190 199 208 400 579 975 -1 -2 
119 101 98 87 24 572 610 650 727 864 -1 -2 
62 205 290 320 410 416 421 578 639 998 -1 -2 
128 122 83 129 217 311 540 636 692 932 -1 -2 
22 112 233 277 458 460 553 627 864 897 -1 -2 
128 122 103 315 344 516 574 584 832 899 -1 -2 
128 122 313 355 422 423 495 639 761 993 -1 -2 
128 122 345 438 542 652 731 745 846 954 -1 -2 
119 101 98 87 24 510 574 807 872 988 -1 -2 
128 122 134 449 462 531 705 784 896 958 -1 -2 
88 133 232 297 342 536 558 569 579 1000 -1 -2 
112 23 258 419 501 550 557 677 687 835 -1 -2 
48 188 238 380 410 451 479 534 570 989 -1 -2 
128 122 573 688 714 731 739 797 849 991 -1 -2 
119 101 98 87 24 337 371 391 721 845 -1 -2 
10 72 158 514 545 609 677 845 862 900 -1 -2 
122 128 271 453 531 616 695 846 927 943 -1 -2 
119 101 98 87 24 349 353 682 799 989 -1 -2 
127 123 100 28 557 641 658 836 935 951 -1 -2 
128 122 246 272 273 361 728 771 861 942 -1 -2 
128 122 245 276 302 324 566 708 860 930 -1 -2 
119 101 98 87 24 442 534 591 645 963 -1 -2 
62 132 158 200 287 371 535 885 915 926 -1 -2 
126 125 319 387 512 679 700 774 775 938 -1 -2 
119 101 98 87 24 700 795 806 903 952 -1 -2 
128 122 123 127 634 730 823 901 918 945 -1 -2 
128 122 247 371 635 700 702 729 750 924 -1 -2 
128 122 262 263 333 342 405 421 621 741 -1 -2 
112 23 133 138 221 267 338 710 714 830 -1 -2 
128 122 589 594 655 657 670 693 957 986 -1 -2 
128 122 162 290 388 449 540 707 770 875 -1 -2 
127 123 100 28 634 791 804 855 954 986 -1 -2 
62 80 472 557 596 609 864 889 892 925 -1 -2 
62 162 220 394 470 584 640 659 681 925 -1 -2 
119 101 98 87 24 516 809 822 836 927 -1 -2 
128 122 191 408 463 645 668 745 855 978 -1 -2 
127 123 100 28 440 705 735 750 886 923 -1 -2 
128 122 283 390 422 533 626 674 716 814 -1 -2 
128 122 344 383 549 616 626 737 800 915 -1 -2 
62 368 411 437 467 688 761 853 857 878 -1 -2 
128 122 268 274 307 604 622 889 890 934 -1 -2 
128 122 267 450 587 751 777 852 893 958 -1 -2 
128 122 386 540 580 702 709 740 742 985 -1 -2 
62 164 272 364 379 480 577 846 916 984 -1 -2 
117 274 290 380 543 624 677 825 932 966 -1 -2 
127 123 100 28 698 759 781 790 860 984 -1 -2 
62 24 28 35 172 730 739 850 865 919 -1 -2 
119 101 98 87 24 780 814 828 891 932 -1 -2 
128 122 142 160 194 235 431 493 611 830 -1 -2 
128 122 323 429 542 577 661 670 706 859 -1 -2 
117 160 197 206 340 373 485 673 860 869 -1 -2 
126 125 197 404 479 574 644 732 773 983 -1 -2 
126 125 122 168 298 536 736 842 946 960 -1 -2 
119 101 98 87 24 340 487 533 892 916 -1 -2 
112 23 202 222 247 398 759 891 907 970 -1 -2 
128 122 260 305 412 784 818 861 946 980 -1 -2 
215 350 520 531 573 701 705 808 903 920 -1 -2 
119 101 98 87 24 513 619 675 838 852 -1 -2 
128 122 637 672 741 765 792 816 876 952 -1 -2 
106 395 401 416 523 537 641 685 708 985 -1 -2 
128 122 337 574 651 747 806 877 913 978 -1 -2 
95 183 206 294 416 721 729 792 877 942 -1 -2 
128 122 50 238 345 378 516 963 974 980 -1 -2 
119 101 98 87 24 442 692 850 853 879 -1 -2 
119 101 98 87 24 642 674 704 757 986 -1 -2 
128 122 309 474 530 647 703 855 907 990 -1 -2 
128 122 187 206 276 642 666 672 825 982 -1 -2 
62 128 193 209 493 615 715 747 818 968 -1 -2 
128 122 189 223 426 463 498 580 699 880 -1 -2 
128 122 143 201 218 292 469 491 835 983 -1 -2 
119 101 98 87 24 356 436 519 606 645 -1 -2 
142 317 491 582 663 739 821 871 886 999 -1 -2 
128 122 407 438 470 612 675 680 818 849 -1 -2 
126 125 180 487 605 823 838 904 977 1000 -1 -2 
128 122 352 357 472 598 609 630 753 977 -1 -2 
127 123 100 28 575 638 879 912 946 954 -1 -2 
128 122 150 190 535 604 755 810 954 969 -1 -2 
261 309 383 411 570 601 650 772 810 922 -1 -2 
128 122 115 117 129 205 308 535 644 871 -1 -2 
21 94 132 133 145 183 315 333 392 567 -1 -2 
191 233 302 347 412 445 637 673 811 920 -1 -2 
128 122 400 405 409 446 515 610 633 807 -1 -2 
62 60 69 182 200 234 344 645 742 886 -1 -2 
128 122 186 214 250 283 725 735 795 963 -1 -2 
122 232 308 475 773 780 855 911 934 973 -1 -2 
128 122 319 322 376 505 608 874 880 911 -1 -2 
128 122 123 127 321 441 470 851 875 947 -1 -2 
124 117 108 99 97 64 553 607 645 853 -1 -2 
128 122 167 252 403 504 535 871 911 919 -1 -2 
128 122 78 147 263 404 526 566 710 747 -1 -2 
112 23 458 471 530 627 710 717 856 863 -1 -2 
128 122 93 134 196 270 293 316 402 468 -1 -2 
180 241 329 488 562 625 652 693 918 972 -1 -2 
119 101 98 87 24 691 789 810 845 879 -1 -2 
62 103 228 252 326 381 427 726 758 866 -1 -2 
128 122 177 227 243 364 424 808 875 908 -1 -2 
128 122 310 356 446 514 653 695 751 963 -1 -2 
128 122 429 439 481 513 556 665 890 931 -1 -2 
119 101 98 87 24 443 486 816 925 943 -1 -2 
128 122 314 359 572 609 650 716 868 988 -1 -2 
128 122 235 256 316 331 504 656 951 996 -1 -2 
131 156 190 360 367 557 652 658 673 805 -1 -2 
127 280 465 476 488 720 836 898 967 988 -1 -2 
119 101 98 87 24 578 740 801 816 896 -1 -2 
119 101 98 87 24 809 892 919 923 928 -1 -2 
193 493 548 589 607 737 812 841 887 978 -1 -2 
62 264 297 335 353 408 451 774 926 991 -1 -2 
119 101 98 87 24 575 719 726 733 907 -1 -2 
130 237 324 361 624 687 688 708 752 936 -1 -2 
77 92 125 183 330 452 499 654 661 685 -1 -2 
62 72 93 146 154 225 338 681 969 998 -1 -2 
119 101 98 87 24 751 760 766 931 940 -1 -2 
62 128 362 422 529 607 659 765 928 955 -1 -2 
62 250 263 630 631 774 810 868 877 937 -1 -2 
128 122 523 649 676 751 818 828 858 895 -1 -2 
128 122 123 127 434 501 687 710 891 989 -1 -2 
119 101 98 87 24 585 661 745 756 861 -1 -2 
127 123 100 28 468 619 738 871 914 928 -1 -2 
119 101 98 87 24 633 714 762 807 920 -1 -2 
128 122 347 400 495 531 676 807 856 930 -1 -2 
128 122 189 254 517 594 642 729 942 948 -1 -2 
127 123 100 28 349 456 622 673 763 979 -1 -2 
128 122 286 575 585 599 641 711 712 772 -1 -2 
128 122 495 512 541 668 720 795 879 949 -1 -2 
128 122 576 629 674 736 745 772 893 918 -1 -2 
128 122 291 325 335 402 427 488 613 712 -1 -2 
128 122 273 357 572 675 683 720 881 900 -1 -2 
128 122 231 397 463 507 668 798 835 996 -1 -2 
128 122 175 380 444 596 800 808 831 886 -1 -2 
119 101 98 87 24 525 576 713 863 910 -1 -2 
29 137 184 219 314 369 473 590 683 760 -1 -2 
128 122 229 253 264 615 767 788 873 875 -1 -2 
62 218 257 378 386 618 689 690 719 975 -1 -2 
128 122 330 420 652 788 801 852 898 963 -1 -2 
128 122 414 475 502 530 616 694 906 981 -1 -2 
62 52 67 179 194 302 403 417 651 708 -1 -2 
128 122 460 666 677 738 821 872 877 912 -1 -2 
32 91 297 386 464 478 494 615 828 872 -1 -2 
119 101 98 87 24 506 669 747 818 840 -1 -2 
128 122 511 587 657 666 791 904 953 978 -1 -2 
128 122 324 508 559 596 621 667 870 914 -1 -2 
93 379 401 509 582 636 674 764 935 991 -1 -2 
95 248 336 470 485 746 810 864 918 960 -1 -2 
128 122 397 469 484 556 833 883 967 997 -1 -2 
62 459 590 655 689 712 722 740 805 949 -1 -2 
52 250 251 301 339 413 534 547 663 949 -1 -2 
119 101 98 87 24 499 679 754 913 940 -1 -2 
128 122 281 406 449 525 611 618 690 972 -1 -2 
128 122 435 448 451 467 592 606 726 933 -1 -2 
158 199 517 520 630 747 897 924 933 980 -1 -2 
128 122 197 321 322 478 710 727 905 996 -1 -2 
119 101 98 87 24 578 593 623 638 686 -1 -2 
119 101 98 87 24 554 576 656 715 833 -1 -2 
128 122 312 313 360 710 870 908 977 1000 -1 -2 
127 123 100 28 523 595 718 721 777 965 -1 -2 
119 101 98 87 24 621 626 697 811 883 -1 -2 
62 159 295 372 424 498 628 817 919 925 -1 -2 
128 122 137 141 161 363 419 649 791 942 -1 -2 
126 125 143 279 461 502 682 747 896 988 -1 -2 
39 215 232 240 329 437 454 571 592 643 -1 -2 
128 122 171 533 618 628 804 889 910 995 -1 -2 
119 101 98 87 24 343 400 491 919 987 -1 -2 
128 122 396 401 475 525 779 871 899 951 -1 -2 
265 333 379 486 598 603 680 785 799 816 -1 -2 
128 122 233 323 528 619 713 782 884 931 -1 -2 
128 122 225 271 382 401 452 685 869 934 -1 -2 
128 122 291 303 544 580 612 743 891 914 -1 -2 
119 101 98 87 24 439 514 781 844 967 -1 -2 
127 123 100 28 544 614 698 707 930 959 -1 -2 
119 101 98 87 24 303 524 557 722 848 -1 -2 
61 63 76 190 207 361 411 739 756 1000 -1 -2 
128 122 100 120 133 166 544 699 938 974 -1 -2 
128 122 250 304 333 735 743 819 937 974 -1 -2 
119 101 98 87 24 623 650 852 866 940 -1 -2 
119 101 98 87 24 527 564 599 648 762 -1 -2 
128 122 176 198 328 405 420 469 588 857 -1 -2 
126 125 62 211 308 381 658 929 940 980 -1 -2 
126 125 142 353 572 645 738 883 921 958 -1 -2 
128 122 447 459 467 480 535 607 706 838 -1 -2 
5 97 256 266 296 382 726 733 836 971 -1 -2 
128 122 118 119 423 462 471 671 727 940 -1 -2 
167 202 211 448 472 599 676 768 912 995 -1 -2 
15 101 245 304 436 483 626 671 749 841 -1 -2 
128 122 174 593 718 736 751 878 936 1000 -1 -2 
128 122 171 327 353 568 598 874 896 977 -1 -2 
119 101 98 87 24 618 679 807 938 953 -1 -2 
119 101 98 87 24 705 787 824 841 905 -1 -2 
184 286 287 395 435 552 585 646 773 810 -1 -2 
128 122 153 454 691 892 921 932 953 977 -1 -2 
128 122 588 637 649 795 889 912 934 998 -1 -2 
126 125 329 377 420 754 785 830 837 996 -1 -2 
126 125 61 78 89 259 338 381 622 845 -1 -2 
119 101 98 87 24 571 603 737 766 926 -1 -2 
128 122 307 370 498 609 825 860 935 940 -1 -2 
62 174 589 630 675 699 715 840 851 921 -1 -2 
126 125 311 319 330 349 688 760 773 983 -1 -2 
284 393 492 571 596 619 634 655 821 912 -1 -2 
127 123 100 28 469 515 571 625 661 979 -1 -2 
128 122 100 545 685 730 736 761 851 893 -1 -2 
351 433 563 579 698 734 779 815 836 943 -1 -2 
119 101 98 87 24 761 796 871 959 965 -1 -2 
24 79 203 267 384 537 551 568 735 999 -1 -2 
62 92 195 550 579 581 744 773 794 915 -1 -2 
128 122 331 466 597 622 679 703 867 910 -1 -2 
128 122 235 298 348 398 478 734 791 857 -1 -2 
128 122 280 325 362 497 517 769 782 906 -1 -2 
128 122 104 203 243 327 368 696 786 839 -1 -2 
54 70 128 138 271 329 526 672 744 926 -1 -2 
119 101 98 87 24 580 668 807 889 982 -1 -2 
148 199 272 358 423 508 679 907 910 921 -1 -2 
119 101 98 87 24 806 858 906 937 967 -1 -2 
128 122 357 416 494 577 648 666 748 884 -1 -2 
119 101 98 87 24 299 489 507 647 669 -1 -2 
128 122 123 127 364 603 675 764 806 975 -1 -2 
119 101 98 87 24 573 678 770 853 949 -1 -2 
62 164 319 328 467 608 750 754 845 861 -1 -2 
62 249 335 556 617 666 784 812 908 960 -1 -2 
127 123 100 28 237 528 712 740 887 900 -1 -2 
128 122 201 251 253 375 668 809 850 882 -1 -2 
33 243 406 509 522 768 845 855 872 945 -1 -2 
128 122 117 232 388 527 588 793 866 934 -1 -2 
62 312 355 535 553 675 687 796 865 895 -1 -2 
55 69 257 328 373 384 424 691 902 932 -1 -2 
119 101 98 87 24 382 583 888 984 992 -1 -2 
128 122 211 487 537 687 726 750 766 910 -1 -2 
128 122 82 368 431 478 494 553 616 846 -1 -2 
128 122 140 230 506 513 533 700 820 884 -1 -2 
128 122 159 364 491 526 563 755 895 966 -1 -2 
134 143 295 314 459 630 637 660 703 797 -1 -2 
128 122 221 260 384 448 501 772 951 998 -1 -2 
128 122 132 140 364 536 572 581 629 731 -1 -2 
119 101 98 87 24 444 543 713 766 996 -1 -2 
128 122 237 381 527 661 706 712 895 993 -1 -2 
128 122 149 219 516 634 690 790 868 885 -1 -2 
128 122 364 378 450 580 659 759 773 902 -1 -2 
128 122 153 203 215 563 658 716 735 806 -1 -2 
128 122 323 488 496 512 519 584 835 957 -1 -2 
128 122 71 118 294 687 692 856 863 927 -1 -2 
119 101 98 87 24 482 556 743 889 992 -1 -2 
257 346 553 645 669 780 818 887 918 936 -1 -2 
119 101 98 87 24 607 640 721 756 870 -1 -2 
127 123 100 28 512 594 699 867 902 977 -1 -2 
128 122 446 520 558 567 641 679 770 937 -1 -2 
128 122 221 251 255 581 586 672 783 907 -1 -2 
419 515 642 866 900 901 930 966 990 995 -1 -2 
62 406 598 718 789 815 864 955 970 1000 -1 -2 
25 132 237 329 422 497 558 670 702 975 -1 -2 
128 122 246 302 332 422 825 852 867 983 -1 -2 
20 133 177 301 311 695 746 850 932 941 -1 -2 
128 122 225 251 300 356 406 616 670 735 -1 -2 
128 122 460 499 699 746 758 834 907 1000 -1 -2 
62 58 208 367 377 432 519 769 788 814 -1 -2 
119 101 98 87 24 673 703 717 746 781 -1 -2 
5 26 75 223 293 408 694 757 968 977 -1 -2 
128 122 140 398 414 538 578 694 786 887 -1 -2 
86 91 345 365 409 540 595 696 829 994 -1 -2 
119 101 98 87 24 538 703 731 774 962 -1 -2 
128 122 63 199 203 372 436 717 850 960 -1 -2 
62 66 95 201 547 572 602 665 888 894 -1 -2 
57 166 195 398 484 518 598 625 724 997 -1 -2 
128 122 144 270 341 511 594 625 716 738 -1 -2 
62 128 180 269 329 352 457 559 600 851 -1 -2 
128 122 143 282 283 326 372 407 486 982 -1 -2 
128 122 212 366 473 571 604 626 731 860 -1 -2 
128 122 195 338 348 373 470 489 716 852 -1 -2 
128 122 222 305 376 446 554 599 666 903 -1 -2 
119 101 98 87 24 610 620 726 826 873 -1 -2 
128 122 217 272 340 443 547 666 736 974 -1 -2 
128 122 296 474 476 570 599 686 792 916 -1 -2 
131 174 262 408 499 608 734 830 838 999 -1 -2 
203 287 428 548 614 639 658 743 809 866 -1 -2 
128 122 325 449 557 625 732 822 842 907 -1 -2 
62 213 253 255 302 500 520 527 717 825 -1 -2 
128 122 98 101 119 715 737 820 966 976 -1 -2 
126 125 219 255 304 650 703 727 883 892 -1 -2 
128 122 181 316 529 569 637 827 929 930 -1 -2 
119 101 98 87 24 603 696 780 913 962 -1 -2 
46 58 70 147 220 227 629 643 718 958 -1 -2 
10 100 110 329 397 464 662 765 826 926 -1 -2 
128 122 336 399 564 676 692 703 783 833 -1 -2 
128 122 336 364 588 594 667 822 874 914 -1 -2 
128 122 135 214 385 612 626 676 745 783 -1 -2 
17 71 110 233 394 463 505 637 708 971 -1 -2 
128 122 123 127 587 667 744 817 850 853 -1 -2 
128 122 123 127 598 613 701 716 730 733 -1 -2 
230 274 374 469 602 613 694 722 794 890 -1 -2 
128 122 91 203 317 403 757 789 848 880 -1 -2 
1 193 298 343 395 408 538 753 770 872 -1 -2 
62 358 559 574 617 696 710 712 755 860 -1 -2 
128 122 477 521 594 736 760 791 820 997 -1 -2 
119 101 98 87 24 379 447 517 778 856 -1 -2 
28 100 123 127 337 772 880 881 958 962 -1 -2 
127 129 137 170 236 394 531 558 705 908 -1 -2 
128 122 256 333 412 676 726 750 926 936 -1 -2 
128 122 225 288 392 621 737 750 781 862 -1 -2 
24 43 227 265 451 713 867 877 949 955 -1 -2 
128 122 432 453 527 601 635 721 847 868 -1 -2 
128 122 311 530 584 731 759 862 945 982 -1 -2 
127 123 100 28 602 615 624 655 753 917 -1 -2 
239 412 473 609 733 747 808 870 916 951 -1 -2 
119 101 98 87 24 505 547 557 580 670 -1 -2 
128 122 245 283 325 407 425 505 543 837 -1 -2 
62 128 319 350 387 424 495 531 611 768 -1 -2 
127 123 100 28 237 438 450 559 732 961 -1 -2 
128 122 448 472 519 530 623 802 854 890 -1 -2 
128 122 395 415 516 557 569 887 978 990 -1 -2 
112 23 261 427 507 731 896 898 934 998 -1 -2 
128 122 363 404 444 448 526 643 648 980 -1 -2 
128 122 206 287 460 584 739 795 885 911 -1 -2 
128 122 58 424 431 455 524 584 675 919 -1 -2 
40 74 76 267 278 441 664 679 733 881 -1 -2 
135 206 216 367 468 699 715 851 949 966 -1 -2 
128 122 484 615 638 662 689 723 871 978 -1 -2 
128 122 250 360 373 398 526 735 863 891 -1 -2 
27 245 253 377 453 545 557 612 757 953 -1 -2 
128 122 305 412 481 491 659 755 758 837 -1 -2 
128 122 637 674 676 693 703 847 863 876 -1 -2 
128 122 376 390 681 799 938 941 945 977 -1 -2 
128 122 155 210 259 661 796 817 923 950 -1 -2 
128 122 59 172 226 313 536 564 878 893 -1 -2 
128 122 306 341 365 398 478 708 738 903 -1 -2 
127 123 100 28 716 738 806 911 979 996 -1 -2 
62 33 105 191 544 554 593 662 891 960 -1 -2 
115 196 216 301 466 530 673 694 729 940 -1 -2 
119 101 98 87 24 595 602 619 711 744 -1 -2 
18 293 296 523 537 681 709 824 856 961 -1 -2 
2 24 117 184 262 313 372 470 588 805 -1 -2 
62 107 228 416 442 528 584 656 661 760 -1 -2 
119 101 98 87 24 468 735 930 960 1000 -1 -2 
62 213 313 434 489 602 743 754 819 951 -1 -2 
128 122 226 234 366 440 505 760 778 998 -1 -2 
128 122 92 228 236 581 613 703 806 922 -1 -2 
119 101 98 87 24 542 729 815 820 841 -1 -2 
128 122 568 660 687 842 858 967 987 997 -1 -2 
119 101 98 87 24 427 449 472 551 717 -1 -2 
128 122 117 273 324 538 584 673 712 904 -1 -2 
128 122 164 312 573 592 611 652 778 873 -1 -2 
128 122 134 142 299 628 757 836 898 988 -1 -2 
173 205 316 326 467 471 601 602 842 867 -1 -2 
112 23 385 525 572 595 630 663 693 861 -1 -2 
112 23 204 320 350 497 560 677 727 770 -1 -2 
119 101 98 87 24 310 577 627 891 903 -1 -2 
119 101 98 87 24 526 561 599 866 902 -1 -2 
128 122 85 256 328 352 611 616 627 780 -1 -2 
128 122 348 394 450 569 625 654 700 884 -1 -2 
79 140 219 283 724 726 755 760 771 868 -1 -2 
128 122 142 355 485 556 562 635 725 779 -1 -2 
119 101 98 87 24 454 547 568 648 887 -1 -2 
69 341 579 646 665 789 912 914 935 936 -1 -2 
21 143 167 331 405 464 621 674 692 866 -1 -2 
4 55 60 210 368 526 632 645 820 860 -1 -2 
128 122 123 127 342 394 395 728 740 921 -1 -2 
128 122 354 408 421 466 484 510 870 963 -1 -2 
119 101 98 87 24 833 849 891 900 906 -1 -2 
112 23 99 256 290 390 462 817 894 987 -1 -2 
128 122 365 429 525 603 607 684 816 937 -1 -2 
21 157 212 279 560 693 793 823 888 971 -1 -2 
62 91 114 339 356 389 521 594 912 941 -1 -2 
128 122 222 226 254 357 748 849 896 993 -1 -2 
128 122 121 312 393 804 842 868 922 998 -1 -2 
128 122 212 264 353 437 438 483 718 907 -1 -2 
119 101 98 87 24 511 553 726 810 901 -1 -2 
128 122 268 335 451 492 534 610 845 893 -1 -2 
345 398 409 462 686 761 772 840 921 936 -1 -2 
62 163 185 219 221 321 400 489 870 975 -1 -2 
128 122 664 681 737 790 811 865 866 950 -1 -2 
128 122 357 420 434 449 475 571 748 992 -1 -2 
128 122 281 378 398 584 697 776 833 884 -1 -2 
171 176 312 335 342 528 549 621 655 938 -1 -2 
72 327 407 475 571 612 649 742 796 891 -1 -2 
70 202 526 537 685 770 895 901 908 929 -1 -2 
119 101 98 87 24 523 755 806 885 967 -1 -2 
128 122 271 388 478 490 510 616 722 806 -1 -2 
62 69 309 484 510 578 584 632 870 952 -1 -2 
128 122 255 599 623 647 753 761 854 952 -1 -2 
119 101 98 87 24 503 520 764 883 957 -1 -2 
62 13 169 209 221 640 747 856 958 985 -1 -2 
128 122 343 405 606 662 835 943 949 966 -1 -2 
128 122 95 206 325 366 447 550 709 882 -1 -2 
62 350 456 498 521 701 705 777 785 843 -1 -2 
128 122 172 231 289 309 359 504 806 844 -1 -2 
10 18 85 158 501 656 664 833 898 951 -1 -2 
116 142 308 330 477 479 647 668 670 859 -1 -2 
128 122 200 261 340 461 556 587 663 706 -1 -2 
128 122 258 443 547 706 748 768 782 893 -1 -2 
119 101 98 87 24 695 702 704 841 883 -1 -2 
128 122 471 672 674 679 700 731 935 981 -1 -2 
119 101 98 87 24 421 606 701 860 926 -1 -2 
119 101 98 87 24 444 601 665 752 936 -1 -2 
62 132 483 516 581 614 658 750 753 900 -1 -2 
128 122 448 508 517 608 694 727 746 988 -1 -2 
20 246 318 398 522 595 691 717 835 884 -1 -2 
119 101 98 87 24 454 541 825 868 932 -1 -2 
128 122 231 255 285 329 339 526 547 549 -1 -2 
62 103 346 362 390 449 651 669 675 822 -1 -2 
119 101 98 87 24 278 691 769 852 853 -1 -2 
119 101 98 87 24 379 391 626 636 662 -1 -2 
62 203 207 313 570 695 750 797 874 922 -1 -2 
97 191 217 323 396 627 661 777 885 928 -1 -2 
128 122 410 449 471 482 621 636 866 991 -1 -2 
119 101 98 87 24 733 808 822 847 848 -1 -2 
128 122 573 619 650 705 776 849 927 942 -1 -2 
127 123 100 28 504 568 670 736 807 969 -1 -2 
62 75 97 180 238 495 572 587 708 747 -1 -2 
128 122 208 410 490 657 732 809 819 852 -1 -2 
128 122 253 533 682 709 720 816 888 904 -1 -2 
