42 46 299 116 127 447 610 705 771 898 -1 -2 
227 45 367 68 448 120 126 128 850 941 -1 -2 
74 33 119 124 147 125 223 237 725 820 -1 -2 
75 45 68 743 120 923 126 128 949 981 -1 -2 
238 397 487 719 742 744 764 773 904 906 -1 -2 
74 174 119 124 311 125 531 702 783 833 -1 -2 
42 126 260 302 336 368 538 581 650 831 -1 -2 
166 45 68 339 120 126 128 736 795 920 -1 -2 
142 74 257 119 124 125 658 836 910 954 -1 -2 
303 348 434 597 631 658 675 790 808 885 -1 -2 
178 74 281 119 504 124 125 787 805 977 -1 -2 
15 204 209 273 338 446 816 827 961 971 -1 -2 
3 94 166 339 437 448 505 693 981 993 -1 -2 
13 42 177 365 514 597 607 725 859 922 -1 -2 
39 144 162 182 228 280 476 627 965 988 -1 -2 
69 45 68 234 120 354 126 128 700 984 -1 -2 
74 172 119 244 124 317 125 576 579 975 -1 -2 
12 64 376 429 439 584 735 736 764 798 -1 -2 
202 534 564 591 614 733 798 805 889 928 -1 -2 
131 74 119 124 125 321 368 406 787 910 -1 -2 
74 74 119 124 328 125 431 449 657 826 -1 -2 
167 74 119 336 124 506 125 712 717 912 -1 -2 
102 42 46 116 127 518 526 562 820 832 -1 -2 
16 45 211 68 120 126 738 128 960 985 -1 -2 
192 281 429 543 655 657 754 792 953 978 -1 -2 
95 269 320 401 412 432 529 762 824 950 -1 -2 
45 85 68 120 126 128 690 718 906 934 -1 -2 
45 388 68 120 126 128 698 771 970 983 -1 -2 
3 45 153 68 253 120 126 128 769 918 -1 -2 
74 119 421 124 655 125 771 814 889 937 -1 -2 
32 158 175 228 303 324 538 588 865 956 -1 -2 
27 45 68 178 120 289 126 128 776 934 -1 -2 
107 173 183 481 548 719 737 780 807 909 -1 -2 
199 237 241 284 539 553 565 600 756 801 -1 -2 
338 45 68 631 120 758 126 128 956 989 -1 -2 
1 332 497 554 573 628 658 661 767 877 -1 -2 
97 45 351 68 539 120 126 128 861 979 -1 -2 
92 159 334 335 404 533 679 781 813 822 -1 -2 
55 316 566 574 618 641 688 852 866 883 -1 -2 
34 67 85 188 308 382 464 722 843 916 -1 -2 
96 104 341 400 436 446 556 603 785 835 -1 -2 
45 68 120 126 723 128 760 826 914 971 -1 -2 
171 198 296 497 580 587 602 614 716 930 -1 -2 
24 240 405 509 744 828 839 854 865 893 -1 -2 
42 46 142 116 776 127 877 888 902 999 -1 -2 
152 205 334 387 434 447 745 825 874 876 -1 -2 
59 67 292 394 430 447 475 689 866 950 -1 -2 
82 74 119 124 153 125 367 588 622 764 -1 -2 
2 269 280 314 407 573 697 715 889 929 -1 -2 
74 119 255 124 125 426 514 583 670 996 -1 -2 
61 45 208 68 120 450 126 128 654 862 -1 -2 
37 188 197 264 425 549 623 731 782 948 -1 -2 
51 115 139 123 252 272 366 453 496 850 -1 -2 
29 86 140 207 417 425 543 804 854 983 -1 -2 
51 192 263 302 439 511 544 832 880 954 -1 -2 
44 74 369 119 124 125 783 828 862 883 -1 -2 
56 93 102 136 137 203 633 767 858 871 -1 -2 
74 304 119 124 125 578 588 834 873 933 -1 -2 
26 74 288 119 124 768 125 849 858 968 -1 -2 
74 119 124 331 125 385 614 627 656 805 -1 -2 
139 415 456 464 509 532 625 663 807 936 -1 -2 
44 87 290 489 587 601 616 746 747 967 -1 -2 
66 92 146 308 458 616 649 823 835 904 -1 -2 
74 119 124 125 345 380 436 632 817 889 -1 -2 
103 45 182 68 381 120 126 128 776 897 -1 -2 
67 225 317 383 423 439 753 790 877 977 -1 -2 
53 67 245 251 340 470 574 627 904 985 -1 -2 
74 167 119 294 124 125 574 583 701 798 -1 -2 
45 88 68 353 120 126 128 849 967 980 -1 -2 
105 117 119 327 398 399 646 851 894 958 -1 -2 
121 45 68 244 120 545 126 128 946 993 -1 -2 
79 279 398 445 476 483 786 813 899 1000 -1 -2 
56 118 347 437 454 658 767 848 934 966 -1 -2 
11 93 96 243 445 553 574 580 823 992 -1 -2 
6 58 290 337 515 658 766 971 984 986 -1 -2 
74 119 124 125 533 559 641 699 848 965 -1 -2 
77 366 456 613 670 725 958 960 965 973 -1 -2 
62 74 164 119 358 124 125 776 811 947 -1 -2 
32 45 68 120 581 126 814 128 942 977 -1 -2 
149 534 541 793 814 852 874 928 938 1000 -1 -2 
12 74 119 124 125 274 279 353 665 893 -1 -2 
36 45 398 68 120 681 126 128 921 966 -1 -2 
10 57 155 195 443 486 633 681 847 955 -1 -2 
23 53 73 206 346 369 442 462 591 701 -1 -2 
66 131 276 285 395 828 877 909 964 977 -1 -2 
43 370 405 481 586 617 628 636 830 914 -1 -2 
42 46 116 163 127 291 348 414 570 835 -1 -2 
155 171 239 355 403 426 491 499 867 954 -1 -2 
81 386 447 491 507 567 596 644 731 944 -1 -2 
2 42 393 397 490 593 696 815 902 909 -1 -2 
108 74 340 119 124 125 777 821 900 977 -1 -2 
129 74 420 119 685 124 125 923 947 996 -1 -2 
179 45 68 120 594 126 128 689 855 909 -1 -2 
35 45 68 474 120 838 126 128 960 993 -1 -2 
30 59 153 188 190 199 208 400 579 975 -1 -2 
116 121 191 366 444 572 610 650 727 864 -1 -2 
45 205 68 320 120 416 126 128 639 998 -1 -2 
35 74 83 119 217 124 125 636 692 932 -1 -2 
45 112 68 277 120 460 126 128 864 897 -1 -2 
13 74 119 315 124 516 125 584 832 899 -1 -2 
45 68 313 120 126 423 128 639 761 993 -1 -2 
212 74 119 124 542 125 731 745 846 954 -1 -2 
45 57 68 120 494 126 574 128 872 988 -1 -2 
65 83 134 449 462 531 705 784 896 958 -1 -2 
88 74 232 119 342 124 125 569 579 1000 -1 -2 
20 131 258 419 501 550 557 677 687 835 -1 -2 
48 188 238 380 410 451 479 534 570 989 -1 -2 
257 463 573 688 714 731 739 797 849 991 -1 -2 
74 190 119 124 256 125 371 391 721 845 -1 -2 
115 72 123 514 545 609 677 845 862 900 -1 -2 
42 143 46 453 116 616 127 846 927 943 -1 -2 
74 67 119 124 125 349 353 682 799 989 -1 -2 
78 159 280 335 557 641 658 836 935 951 -1 -2 
42 46 116 272 127 361 728 771 861 942 -1 -2 
44 45 245 68 302 120 126 128 860 930 -1 -2 
115 209 123 412 433 442 534 591 645 963 -1 -2 
37 132 158 200 287 371 535 885 915 926 -1 -2 
77 278 319 387 512 679 700 774 775 938 -1 -2 
74 242 119 124 427 125 795 806 903 952 -1 -2 
89 303 489 538 634 730 823 901 918 945 -1 -2 
193 202 247 371 635 700 702 729 750 924 -1 -2 
50 227 262 263 333 342 405 421 621 741 -1 -2 
53 45 133 68 221 120 126 128 714 830 -1 -2 
104 45 68 120 126 657 128 693 957 986 -1 -2 
74 119 162 124 388 125 540 707 770 875 -1 -2 
129 413 460 462 634 791 804 855 954 986 -1 -2 
42 80 46 557 116 609 127 889 892 925 -1 -2 
130 162 220 394 470 584 640 659 681 925 -1 -2 
74 232 347 358 476 516 809 822 836 927 -1 -2 
3 42 46 116 463 127 668 745 855 978 -1 -2 
74 119 377 124 125 705 735 750 886 923 -1 -2 
115 123 283 390 422 533 626 674 716 814 -1 -2 
106 42 46 116 127 616 626 737 800 915 -1 -2 
45 368 68 437 120 126 128 853 857 878 -1 -2 
115 205 123 274 307 604 622 889 890 934 -1 -2 
40 74 267 119 587 124 125 852 893 958 -1 -2 
210 308 386 540 580 702 709 740 742 985 -1 -2 
2 164 272 364 379 480 577 846 916 984 -1 -2 
117 274 290 380 543 624 677 825 932 966 -1 -2 
75 121 457 630 698 759 781 790 860 984 -1 -2 
16 24 28 35 172 730 739 850 865 919 -1 -2 
185 45 68 120 749 126 128 828 891 932 -1 -2 
45 111 68 120 126 235 128 493 611 830 -1 -2 
45 68 120 429 126 577 128 670 706 859 -1 -2 
117 115 197 123 340 373 485 673 860 869 -1 -2 
79 45 197 68 479 120 126 128 773 983 -1 -2 
23 76 122 168 298 536 736 842 946 960 -1 -2 
54 45 148 68 120 126 128 533 892 916 -1 -2 
45 68 120 222 126 398 128 891 907 970 -1 -2 
84 74 119 124 125 784 818 861 946 980 -1 -2 
215 45 68 120 126 701 128 808 903 920 -1 -2 
12 74 119 362 124 513 125 675 838 852 -1 -2 
329 42 46 672 116 127 792 816 876 952 -1 -2 
106 395 401 416 523 537 641 685 708 985 -1 -2 
96 291 337 574 651 747 806 877 913 978 -1 -2 
45 183 68 294 120 126 128 792 877 942 -1 -2 
74 119 124 238 125 378 516 963 974 980 -1 -2 
21 74 100 119 124 124 125 850 853 879 -1 -2 
39 45 164 68 425 120 126 128 757 986 -1 -2 
70 138 309 474 530 647 703 855 907 990 -1 -2 
87 90 187 206 276 642 666 672 825 982 -1 -2 
52 76 193 209 493 615 715 747 818 968 -1 -2 
26 42 189 46 426 116 127 580 699 880 -1 -2 
51 59 143 201 218 292 469 491 835 983 -1 -2 
45 9 68 120 300 126 128 519 606 645 -1 -2 
142 42 491 46 116 739 127 871 886 999 -1 -2 
134 287 407 438 470 612 675 680 818 849 -1 -2 
40 74 180 119 605 124 125 904 977 1000 -1 -2 
45 154 68 120 126 598 128 630 753 977 -1 -2 
13 217 377 472 575 638 879 912 946 954 -1 -2 
42 46 116 127 535 604 755 810 954 969 -1 -2 
261 309 383 411 570 601 650 772 810 922 -1 -2 
45 68 115 120 129 126 308 128 644 871 -1 -2 
74 119 124 133 125 183 315 333 392 567 -1 -2 
191 45 302 68 120 445 126 128 811 920 -1 -2 
49 382 400 405 409 446 515 610 633 807 -1 -2 
6 45 69 68 120 234 126 128 742 886 -1 -2 
45 75 68 214 120 283 126 128 795 963 -1 -2 
122 42 46 475 116 127 855 911 934 973 -1 -2 
238 282 319 322 376 505 608 874 880 911 -1 -2 
74 119 285 124 125 441 470 851 875 947 -1 -2 
68 70 95 107 137 352 553 607 645 853 -1 -2 
74 119 124 125 403 504 535 871 911 919 -1 -2 
3 53 78 147 263 404 526 566 710 747 -1 -2 
388 74 119 471 124 125 710 717 856 863 -1 -2 
5 45 93 68 120 126 128 316 402 468 -1 -2 
180 241 329 488 562 625 652 693 918 972 -1 -2 
7 18 99 278 286 691 789 810 845 879 -1 -2 
74 103 119 124 326 125 427 726 758 866 -1 -2 
18 44 177 227 243 364 424 808 875 908 -1 -2 
110 45 310 68 446 120 126 128 751 963 -1 -2 
42 46 429 116 481 127 556 665 890 931 -1 -2 
210 45 311 68 120 443 126 128 925 943 -1 -2 
221 274 314 359 572 609 650 716 868 988 -1 -2 
45 68 235 120 126 128 504 656 951 996 -1 -2 
131 156 190 360 367 557 652 658 673 805 -1 -2 
127 280 465 476 488 720 836 898 967 988 -1 -2 
20 74 119 124 346 125 740 801 816 896 -1 -2 
42 46 116 127 661 809 892 919 923 928 -1 -2 
193 74 119 589 124 125 812 841 887 978 -1 -2 
160 264 297 335 353 408 451 774 926 991 -1 -2 
74 261 119 394 124 125 719 726 733 907 -1 -2 
130 237 324 361 624 687 688 708 752 936 -1 -2 
74 92 119 183 124 452 125 654 661 685 -1 -2 
35 72 93 146 154 225 338 681 969 998 -1 -2 
45 68 207 120 559 126 760 128 931 940 -1 -2 
205 244 362 422 529 607 659 765 928 955 -1 -2 
70 74 119 124 125 774 810 868 877 937 -1 -2 
74 428 119 124 676 125 818 828 858 895 -1 -2 
120 196 358 368 434 501 687 710 891 989 -1 -2 
29 89 113 291 396 585 661 745 756 861 -1 -2 
207 227 331 407 468 619 738 871 914 928 -1 -2 
209 323 376 493 509 633 714 762 807 920 -1 -2 
290 342 347 400 495 531 676 807 856 930 -1 -2 
101 135 189 254 517 594 642 729 942 948 -1 -2 
40 74 87 119 124 456 125 673 763 979 -1 -2 
45 170 68 120 585 126 128 711 712 772 -1 -2 
45 68 495 120 126 668 128 795 879 949 -1 -2 
282 400 576 629 674 736 745 772 893 918 -1 -2 
34 45 291 68 120 126 427 128 613 712 -1 -2 
54 74 273 119 124 125 683 720 881 900 -1 -2 
17 74 119 397 124 125 668 798 835 996 -1 -2 
158 165 175 380 444 596 800 808 831 886 -1 -2 
92 74 119 124 125 525 576 713 863 910 -1 -2 
29 45 68 120 314 126 473 128 683 760 -1 -2 
131 212 229 253 264 615 767 788 873 875 -1 -2 
71 218 257 378 386 618 689 690 719 975 -1 -2 
19 319 330 420 652 788 801 852 898 963 -1 -2 
74 367 119 124 502 125 616 694 906 981 -1 -2 
4 52 67 179 194 302 403 417 651 708 -1 -2 
38 179 460 666 677 738 821 872 877 912 -1 -2 
32 91 297 386 464 478 494 615 828 872 -1 -2 
45 68 207 120 397 126 669 128 818 840 -1 -2 
184 74 511 119 124 666 125 904 953 978 -1 -2 
237 45 68 508 120 126 128 667 870 914 -1 -2 
93 74 401 119 124 125 674 764 935 991 -1 -2 
74 248 119 124 485 125 810 864 918 960 -1 -2 
55 229 397 469 484 556 833 883 967 997 -1 -2 
74 459 119 655 124 125 722 740 805 949 -1 -2 
52 250 251 301 339 413 534 547 663 949 -1 -2 
26 216 232 257 411 499 679 754 913 940 -1 -2 
1 45 281 68 120 525 126 128 690 972 -1 -2 
145 371 435 448 451 467 592 606 726 933 -1 -2 
158 199 517 520 630 747 897 924 933 980 -1 -2 
50 42 197 46 322 116 127 727 905 996 -1 -2 
23 106 136 261 329 578 593 623 638 686 -1 -2 
185 223 395 486 497 554 576 656 715 833 -1 -2 
179 45 68 313 120 710 126 128 977 1000 -1 -2 
45 254 68 479 120 126 128 721 777 965 -1 -2 
69 42 110 46 116 127 626 697 811 883 -1 -2 
19 159 295 372 424 498 628 817 919 925 -1 -2 
59 74 119 141 124 125 419 649 791 942 -1 -2 
40 79 143 279 461 502 682 747 896 988 -1 -2 
39 215 232 240 329 437 454 571 592 643 -1 -2 
115 78 123 533 618 628 804 889 910 995 -1 -2 
13 119 137 199 311 343 400 491 919 987 -1 -2 
171 254 396 401 475 525 779 871 899 951 -1 -2 
74 333 119 124 125 603 680 785 799 816 -1 -2 
45 68 233 120 126 619 128 782 884 931 -1 -2 
51 174 225 271 382 401 452 685 869 934 -1 -2 
103 106 291 303 544 580 612 743 891 914 -1 -2 
90 136 259 280 289 439 514 781 844 967 -1 -2 
196 315 346 455 544 614 698 707 930 959 -1 -2 
109 159 252 280 296 303 524 557 722 848 -1 -2 
61 74 76 119 124 361 125 739 756 1000 -1 -2 
45 67 68 120 126 166 128 699 938 974 -1 -2 
162 45 250 68 333 120 126 128 937 974 -1 -2 
42 46 116 127 522 623 650 852 866 940 -1 -2 
19 41 47 297 401 527 564 599 648 762 -1 -2 
19 34 176 198 328 405 420 469 588 857 -1 -2 
33 55 62 211 308 381 658 929 940 980 -1 -2 
72 120 142 353 572 645 738 883 921 958 -1 -2 
229 361 447 459 467 480 535 607 706 838 -1 -2 
5 74 119 266 124 125 726 733 836 971 -1 -2 
14 99 118 119 423 462 471 671 727 940 -1 -2 
167 202 211 448 472 599 676 768 912 995 -1 -2 
45 101 68 304 120 483 126 128 749 841 -1 -2 
57 74 119 593 124 736 125 878 936 1000 -1 -2 
83 109 171 327 353 568 598 874 896 977 -1 -2 
74 94 119 307 124 618 125 807 938 953 -1 -2 
53 74 119 124 625 125 787 824 841 905 -1 -2 
184 286 287 395 435 552 585 646 773 810 -1 -2 
47 96 153 454 691 892 921 932 953 977 -1 -2 
247 42 588 46 649 116 127 912 934 998 -1 -2 
226 74 119 377 124 754 125 830 837 996 -1 -2 
74 42 119 78 124 259 125 381 622 845 -1 -2 
204 237 268 273 298 571 603 737 766 926 -1 -2 
74 119 307 124 125 609 825 860 935 940 -1 -2 
30 45 589 68 120 699 126 128 851 921 -1 -2 
251 285 311 319 330 349 688 760 773 983 -1 -2 
284 42 46 571 116 127 634 655 821 912 -1 -2 
74 119 124 400 125 515 571 625 661 979 -1 -2 
60 78 100 545 685 730 736 761 851 893 -1 -2 
351 45 68 579 120 126 779 128 836 943 -1 -2 
55 74 119 124 125 761 796 871 959 965 -1 -2 
24 74 203 119 124 125 551 568 735 999 -1 -2 
62 74 119 124 125 581 744 773 794 915 -1 -2 
45 281 68 466 120 622 126 128 867 910 -1 -2 
39 74 119 298 124 125 478 734 791 857 -1 -2 
10 42 280 46 116 497 127 769 782 906 -1 -2 
9 22 104 203 243 327 368 696 786 839 -1 -2 
54 70 128 138 271 329 526 672 744 926 -1 -2 
16 65 76 179 542 580 668 807 889 982 -1 -2 
148 199 272 358 423 508 679 907 910 921 -1 -2 
87 74 119 124 125 806 858 906 937 967 -1 -2 
74 101 119 124 125 577 648 666 748 884 -1 -2 
70 94 201 212 219 299 489 507 647 669 -1 -2 
42 115 123 325 364 603 675 764 806 975 -1 -2 
86 224 332 416 419 573 678 770 853 949 -1 -2 
58 74 119 328 124 608 125 754 845 861 -1 -2 
187 249 335 556 617 666 784 812 908 960 -1 -2 
11 46 138 209 237 528 712 740 887 900 -1 -2 
68 45 201 68 253 120 126 128 850 882 -1 -2 
74 119 124 509 125 768 845 855 872 945 -1 -2 
45 101 68 120 388 126 128 793 866 934 -1 -2 
232 312 355 535 553 675 687 796 865 895 -1 -2 
55 69 257 328 373 384 424 691 902 932 -1 -2 
29 156 162 211 336 382 583 888 984 992 -1 -2 
45 136 68 120 537 126 128 750 766 910 -1 -2 
3 26 82 368 431 478 494 553 616 846 -1 -2 
7 123 140 230 506 513 533 700 820 884 -1 -2 
92 45 159 68 120 126 563 128 895 966 -1 -2 
74 119 295 124 125 630 637 660 703 797 -1 -2 
6 107 221 260 384 448 501 772 951 998 -1 -2 
35 60 132 140 364 536 572 581 629 731 -1 -2 
42 46 116 270 127 444 543 713 766 996 -1 -2 
17 141 237 381 527 661 706 712 895 993 -1 -2 
45 51 68 120 126 128 690 790 868 885 -1 -2 
138 115 123 378 450 580 659 759 773 902 -1 -2 
10 72 153 203 215 563 658 716 735 806 -1 -2 
74 180 119 488 124 125 519 584 835 957 -1 -2 
17 49 71 118 294 687 692 856 863 927 -1 -2 
74 84 119 124 125 482 556 743 889 992 -1 -2 
257 346 553 645 669 780 818 887 918 936 -1 -2 
97 104 263 271 376 607 640 721 756 870 -1 -2 
125 326 345 470 512 594 699 867 902 977 -1 -2 
181 262 446 520 558 567 641 679 770 937 -1 -2 
74 119 221 124 125 581 586 672 783 907 -1 -2 
74 515 119 124 900 125 930 966 990 995 -1 -2 
42 406 46 116 789 127 864 955 970 1000 -1 -2 
25 74 119 124 422 125 558 670 702 975 -1 -2 
65 45 68 302 120 422 126 128 867 983 -1 -2 
45 68 120 126 128 695 746 850 932 941 -1 -2 
42 146 46 251 116 356 127 616 670 735 -1 -2 
39 223 460 499 699 746 758 834 907 1000 -1 -2 
34 58 208 367 377 432 519 769 788 814 -1 -2 
156 115 123 531 536 673 703 717 746 781 -1 -2 
5 26 75 223 293 408 694 757 968 977 -1 -2 
24 90 140 398 414 538 578 694 786 887 -1 -2 
86 45 68 120 126 128 595 696 829 994 -1 -2 
15 213 282 353 494 538 703 731 774 962 -1 -2 
45 68 63 120 203 126 128 717 850 960 -1 -2 
74 119 95 124 547 125 602 665 888 894 -1 -2 
74 166 119 398 124 125 598 625 724 997 -1 -2 
102 138 144 270 341 511 594 625 716 738 -1 -2 
45 36 68 120 126 128 457 559 600 851 -1 -2 
48 45 68 120 126 326 128 407 486 982 -1 -2 
65 193 212 366 473 571 604 626 731 860 -1 -2 
74 119 195 124 348 125 470 489 716 852 -1 -2 
74 119 222 124 125 446 554 599 666 903 -1 -2 
109 45 68 120 581 126 128 726 826 873 -1 -2 
34 86 217 272 340 443 547 666 736 974 -1 -2 
37 285 296 474 476 570 599 686 792 916 -1 -2 
42 174 46 116 127 608 734 830 838 999 -1 -2 
203 287 428 548 614 639 658 743 809 866 -1 -2 
198 204 325 449 557 625 732 822 842 907 -1 -2 
45 213 68 120 302 126 128 527 717 825 -1 -2 
74 119 124 375 125 715 737 820 966 976 -1 -2 
45 68 219 120 304 126 703 128 883 892 -1 -2 
13 38 181 316 529 569 637 827 929 930 -1 -2 
45 68 120 126 128 603 696 780 913 962 -1 -2 
46 58 70 147 220 227 629 643 718 958 -1 -2 
10 45 68 329 120 126 128 765 826 926 -1 -2 
113 45 68 399 120 126 692 128 783 833 -1 -2 
122 218 336 364 588 594 667 822 874 914 -1 -2 
50 59 135 214 385 612 626 676 745 783 -1 -2 
17 45 110 68 120 126 505 128 708 971 -1 -2 
40 71 114 242 587 667 744 817 850 853 -1 -2 
281 338 410 589 598 613 701 716 730 733 -1 -2 
74 274 119 469 124 613 125 722 794 890 -1 -2 
35 115 123 203 317 403 757 789 848 880 -1 -2 
1 74 298 119 395 124 125 753 770 872 -1 -2 
306 358 559 574 617 696 710 712 755 860 -1 -2 
279 42 46 116 127 736 760 791 820 997 -1 -2 
89 104 126 313 346 379 447 517 778 856 -1 -2 
157 45 68 120 126 772 128 881 958 962 -1 -2 
74 129 119 124 125 394 531 558 705 908 -1 -2 
45 167 68 120 126 128 726 750 926 936 -1 -2 
115 183 123 288 392 621 737 750 781 862 -1 -2 
24 45 227 68 120 126 867 128 949 955 -1 -2 
53 74 432 119 124 601 125 721 847 868 -1 -2 
73 122 311 530 584 731 759 862 945 982 -1 -2 
180 74 273 119 124 125 624 655 753 917 -1 -2 
239 412 473 609 733 747 808 870 916 951 -1 -2 
18 151 256 397 447 505 547 557 580 670 -1 -2 
45 202 68 120 325 126 425 128 543 837 -1 -2 
41 301 319 350 387 424 495 531 611 768 -1 -2 
52 68 178 215 237 438 450 559 732 961 -1 -2 
227 74 448 119 519 124 125 802 854 890 -1 -2 
158 74 395 119 516 124 125 887 978 990 -1 -2 
66 139 261 427 507 731 896 898 934 998 -1 -2 
35 338 363 404 444 448 526 643 648 980 -1 -2 
74 131 119 124 460 125 739 795 885 911 -1 -2 
35 39 58 424 431 455 524 584 675 919 -1 -2 
40 74 76 267 278 441 664 679 733 881 -1 -2 
135 42 46 116 468 127 715 851 949 966 -1 -2 
4 481 484 615 638 662 689 723 871 978 -1 -2 
74 119 124 360 125 398 526 735 863 891 -1 -2 
74 119 124 125 453 545 557 612 757 953 -1 -2 
56 183 305 412 481 491 659 755 758 837 -1 -2 
430 540 637 674 676 693 703 847 863 876 -1 -2 
113 188 376 390 681 799 938 941 945 977 -1 -2 
62 88 155 210 259 661 796 817 923 950 -1 -2 
74 55 119 124 226 125 536 564 878 893 -1 -2 
98 290 306 341 365 398 478 708 738 903 -1 -2 
304 415 590 687 716 738 806 911 979 996 -1 -2 
10 33 105 191 544 554 593 662 891 960 -1 -2 
115 196 216 301 466 530 673 694 729 940 -1 -2 
60 237 268 427 584 595 602 619 711 744 -1 -2 
18 293 296 523 537 681 709 824 856 961 -1 -2 
2 24 117 184 262 313 372 470 588 805 -1 -2 
41 107 228 416 442 528 584 656 661 760 -1 -2 
203 348 376 410 451 468 735 930 960 1000 -1 -2 
128 74 119 124 125 602 743 754 819 951 -1 -2 
22 42 226 46 366 116 127 760 778 998 -1 -2 
63 74 92 119 236 124 125 703 806 922 -1 -2 
112 146 330 427 495 542 729 815 820 841 -1 -2 
300 464 568 660 687 842 858 967 987 997 -1 -2 
32 51 174 181 225 427 449 472 551 717 -1 -2 
74 36 119 124 125 538 584 673 712 904 -1 -2 
29 135 164 312 573 592 611 652 778 873 -1 -2 
108 115 134 142 299 628 757 836 898 988 -1 -2 
173 74 316 119 467 124 125 602 842 867 -1 -2 
198 251 385 525 572 595 630 663 693 861 -1 -2 
91 156 204 320 350 497 560 677 727 770 -1 -2 
13 41 68 150 305 310 577 627 891 903 -1 -2 
47 113 332 334 357 526 561 599 866 902 -1 -2 
37 74 119 256 124 352 125 616 627 780 -1 -2 
94 198 348 394 450 569 625 654 700 884 -1 -2 
79 140 219 283 724 726 755 760 771 868 -1 -2 
75 97 142 355 485 556 562 635 725 779 -1 -2 
21 114 131 156 451 454 547 568 648 887 -1 -2 
69 341 579 646 665 789 912 914 935 936 -1 -2 
74 143 119 331 124 464 125 674 692 866 -1 -2 
4 55 60 210 368 526 632 645 820 860 -1 -2 
51 65 100 267 342 394 395 728 740 921 -1 -2 
20 316 354 408 421 466 484 510 870 963 -1 -2 
209 223 270 340 387 833 849 891 900 906 -1 -2 
74 119 99 124 290 125 462 817 894 987 -1 -2 
70 159 365 429 525 603 607 684 816 937 -1 -2 
21 42 212 46 116 127 793 823 888 971 -1 -2 
18 74 114 119 124 125 521 594 912 941 -1 -2 
39 95 222 226 254 357 748 849 896 993 -1 -2 
35 85 121 312 393 804 842 868 922 998 -1 -2 
74 119 212 124 125 437 438 483 718 907 -1 -2 
190 315 420 483 490 511 553 726 810 901 -1 -2 
58 74 268 119 124 125 534 610 845 893 -1 -2 
345 398 409 462 686 761 772 840 921 936 -1 -2 
115 163 123 219 221 321 400 489 870 975 -1 -2 
186 343 664 681 737 790 811 865 866 950 -1 -2 
205 330 357 420 434 449 475 571 748 992 -1 -2 
62 74 281 119 398 124 125 776 833 884 -1 -2 
171 74 119 124 342 125 549 621 655 938 -1 -2 
72 42 46 475 116 612 127 742 796 891 -1 -2 
70 202 526 537 685 770 895 901 908 929 -1 -2 
28 126 193 257 318 523 755 806 885 967 -1 -2 
106 233 271 388 478 490 510 616 722 806 -1 -2 
10 74 309 119 510 124 125 632 870 952 -1 -2 
121 156 255 599 623 647 753 761 854 952 -1 -2 
15 153 260 293 483 503 520 764 883 957 -1 -2 
11 13 169 209 221 640 747 856 958 985 -1 -2 
74 121 119 405 124 662 125 943 949 966 -1 -2 
42 46 116 206 127 366 447 550 709 882 -1 -2 
40 350 456 498 521 701 705 777 785 843 -1 -2 
47 74 172 119 289 124 125 504 806 844 -1 -2 
10 74 119 124 501 125 664 833 898 951 -1 -2 
116 142 308 330 477 479 647 668 670 859 -1 -2 
30 88 200 261 340 461 556 587 663 706 -1 -2 
100 243 258 443 547 706 748 768 782 893 -1 -2 
85 131 387 454 570 695 702 704 841 883 -1 -2 
179 367 471 672 674 679 700 731 935 981 -1 -2 
3 74 119 124 125 421 606 701 860 926 -1 -2 
54 62 331 361 376 444 601 665 752 936 -1 -2 
74 119 483 124 125 614 658 750 753 900 -1 -2 
197 218 448 508 517 608 694 727 746 988 -1 -2 
20 115 318 123 522 595 691 717 835 884 -1 -2 
93 145 185 187 215 454 541 825 868 932 -1 -2 
56 127 231 255 285 329 339 526 547 549 -1 -2 
62 103 346 362 390 449 651 669 675 822 -1 -2 
74 119 124 197 125 278 691 769 852 853 -1 -2 
74 119 184 124 125 379 391 626 636 662 -1 -2 
8 203 207 313 570 695 750 797 874 922 -1 -2 
97 191 217 323 396 627 661 777 885 928 -1 -2 
122 316 410 449 471 482 621 636 866 991 -1 -2 
94 168 395 429 713 733 808 822 847 848 -1 -2 
74 400 119 619 124 125 776 849 927 942 -1 -2 
36 63 259 345 504 568 670 736 807 969 -1 -2 
52 74 119 180 124 125 572 587 708 747 -1 -2 
49 152 208 410 490 657 732 809 819 852 -1 -2 
67 227 253 533 682 709 720 816 888 904 -1 -2 
