45 68 68 126 120 126 128 705 771 898 -1 -2 
45 68 120 126 128 670 750 846 850 941 -1 -2 
45 45 120 68 128 120 126 128 725 820 -1 -2 
45 68 68 126 120 923 126 128 949 981 -1 -2 
45 68 120 125 126 128 764 773 904 906 -1 -2 
45 68 124 120 126 128 531 702 783 833 -1 -2 
45 119 68 125 120 126 538 128 650 831 -1 -2 
45 68 68 120 128 126 128 736 795 920 -1 -2 
45 68 120 126 128 638 658 836 910 954 -1 -2 
45 68 68 126 120 658 126 128 808 885 -1 -2 
45 68 120 126 128 128 686 787 805 977 -1 -2 
45 68 120 120 128 126 128 827 961 971 -1 -2 
45 68 120 126 126 448 128 693 981 993 -1 -2 
45 74 119 124 125 597 607 725 859 922 -1 -2 
45 68 68 126 120 126 128 627 965 988 -1 -2 
45 45 68 126 120 354 126 128 700 984 -1 -2 
45 68 68 126 120 317 126 128 579 975 -1 -2 
45 68 120 126 128 584 735 736 764 798 -1 -2 
45 119 68 125 120 733 126 128 889 928 -1 -2 
45 68 68 120 128 126 128 406 787 910 -1 -2 
45 45 120 68 128 120 126 128 657 826 -1 -2 
74 45 124 68 128 120 126 128 717 912 -1 -2 
45 68 120 120 128 126 128 562 820 832 -1 -2 
45 68 68 120 128 126 128 746 960 985 -1 -2 
45 45 68 120 126 657 128 792 953 978 -1 -2 
45 68 120 126 126 128 529 762 824 950 -1 -2 
115 42 46 116 127 545 690 718 906 934 -1 -2 
74 45 68 125 120 680 126 128 970 983 -1 -2 
45 45 120 68 120 126 437 128 769 918 -1 -2 
45 45 68 126 120 757 126 128 889 937 -1 -2 
45 68 120 120 126 128 538 588 865 956 -1 -2 
45 68 68 126 120 126 128 651 776 934 -1 -2 
45 45 120 68 128 120 126 128 807 909 -1 -2 
45 68 68 120 128 126 128 600 756 801 -1 -2 
45 45 120 68 120 126 872 128 956 989 -1 -2 
45 68 120 126 126 628 128 661 767 877 -1 -2 
45 45 68 126 120 126 768 128 861 979 -1 -2 
45 45 120 68 128 120 126 128 813 822 -1 -2 
45 45 68 126 120 641 126 128 866 883 -1 -2 
45 68 68 120 126 382 128 722 843 916 -1 -2 
45 68 68 126 120 446 126 128 785 835 -1 -2 
45 115 123 126 128 752 760 826 914 971 -1 -2 
45 45 68 120 128 126 128 614 716 930 -1 -2 
45 68 68 120 128 126 128 854 865 893 -1 -2 
42 45 68 120 126 829 128 888 902 999 -1 -2 
45 45 68 126 120 447 126 128 874 876 -1 -2 
45 68 120 126 128 447 475 689 866 950 -1 -2 
45 68 68 126 120 361 126 128 622 764 -1 -2 
45 68 120 126 126 573 128 715 889 929 -1 -2 
74 42 124 46 128 116 127 583 670 996 -1 -2 
45 45 68 120 128 126 128 618 654 862 -1 -2 
74 68 119 124 125 549 623 731 782 948 -1 -2 
45 68 68 120 128 126 128 453 496 850 -1 -2 
45 42 46 126 116 127 543 804 854 983 -1 -2 
45 68 120 120 128 126 128 832 880 954 -1 -2 
45 68 68 126 120 126 783 128 862 883 -1 -2 
45 45 120 68 120 126 128 767 858 871 -1 -2 
45 68 120 120 128 126 128 834 873 933 -1 -2 
45 45 68 120 126 768 128 849 858 968 -1 -2 
45 68 68 126 120 126 614 128 656 805 -1 -2 
45 45 68 126 120 532 126 128 807 936 -1 -2 
45 68 120 120 128 126 128 746 747 967 -1 -2 
45 45 120 68 120 126 128 823 835 904 -1 -2 
45 68 68 120 128 126 128 632 817 889 -1 -2 
42 45 116 68 120 383 126 128 776 897 -1 -2 
74 119 124 125 128 439 753 790 877 977 -1 -2 
45 117 120 126 128 470 574 627 904 985 -1 -2 
45 45 68 126 120 126 574 128 701 798 -1 -2 
45 45 68 126 120 427 126 128 967 980 -1 -2 
45 68 120 126 126 399 128 851 894 958 -1 -2 
42 46 120 116 127 545 775 927 946 993 -1 -2 
45 68 120 126 476 128 786 813 899 1000 -1 -2 
45 68 68 126 120 658 126 128 934 966 -1 -2 
45 45 120 68 120 553 126 128 823 992 -1 -2 
45 68 68 126 120 126 128 971 984 986 -1 -2 
42 68 46 126 116 559 127 699 848 965 -1 -2 
45 68 124 120 128 126 958 128 965 973 -1 -2 
45 45 68 126 120 126 673 128 811 947 -1 -2 
74 115 124 123 128 654 814 854 942 977 -1 -2 
45 68 120 126 126 852 128 928 938 1000 -1 -2 
45 68 120 126 128 274 279 353 665 893 -1 -2 
45 68 68 126 120 126 737 128 921 966 -1 -2 
45 68 68 126 120 486 126 128 847 955 -1 -2 
45 68 120 126 126 128 442 462 591 701 -1 -2 
45 74 120 119 124 828 125 909 964 977 -1 -2 
42 68 46 116 127 617 628 636 830 914 -1 -2 
45 68 68 120 126 291 128 414 570 835 -1 -2 
42 68 46 116 127 426 491 499 867 954 -1 -2 
45 45 68 126 120 126 128 644 731 944 -1 -2 
45 68 120 120 126 593 128 815 902 909 -1 -2 
45 68 124 120 126 659 128 821 900 977 -1 -2 
45 74 120 119 128 124 125 923 947 996 -1 -2 
74 45 124 68 120 126 128 689 855 909 -1 -2 
45 68 120 126 126 838 128 863 960 993 -1 -2 
45 68 120 126 128 199 208 400 579 975 -1 -2 
45 68 124 120 126 572 128 650 727 864 -1 -2 
45 68 120 120 126 128 421 578 639 998 -1 -2 
45 45 68 126 120 311 126 128 692 932 -1 -2 
45 119 68 125 120 460 126 128 864 897 -1 -2 
42 45 116 68 344 120 126 128 832 899 -1 -2 
45 45 68 120 126 423 128 639 761 993 -1 -2 
74 68 119 126 124 125 731 745 846 954 -1 -2 
45 45 68 126 120 510 126 128 872 988 -1 -2 
45 68 68 120 128 126 705 128 896 958 -1 -2 
45 68 68 126 120 536 126 128 579 1000 -1 -2 
45 45 68 120 128 126 128 677 687 835 -1 -2 
45 68 120 120 126 451 128 534 570 989 -1 -2 
115 45 120 68 120 731 126 128 849 991 -1 -2 
74 42 46 116 128 127 371 391 721 845 -1 -2 
45 68 120 120 126 609 128 845 862 900 -1 -2 
45 68 120 126 128 616 695 846 927 943 -1 -2 
45 68 120 126 128 128 353 682 799 989 -1 -2 
45 45 120 68 128 120 126 128 935 951 -1 -2 
45 68 68 126 120 126 128 771 861 942 -1 -2 
42 68 46 116 127 324 566 708 860 930 -1 -2 
45 46 68 120 433 126 128 591 645 963 -1 -2 
45 45 120 68 120 371 126 128 915 926 -1 -2 
74 45 124 68 128 120 126 128 775 938 -1 -2 
45 42 120 46 128 116 127 806 903 952 -1 -2 
45 45 68 126 120 730 126 128 918 945 -1 -2 
45 68 120 120 128 126 128 729 750 924 -1 -2 
45 68 68 120 128 126 128 421 621 741 -1 -2 
42 46 124 116 127 267 338 710 714 830 -1 -2 
45 68 68 120 128 126 128 693 957 986 -1 -2 
42 45 68 127 120 449 126 128 770 875 -1 -2 
45 45 68 126 120 126 804 128 954 986 -1 -2 
45 68 116 120 128 126 128 889 892 925 -1 -2 
45 45 68 126 120 126 128 659 681 925 -1 -2 
45 45 68 126 120 126 809 128 836 927 -1 -2 
45 45 68 126 120 645 126 128 855 978 -1 -2 
45 68 120 120 128 126 735 128 886 923 -1 -2 
45 68 120 126 128 128 626 674 716 814 -1 -2 
45 45 120 68 128 120 126 128 800 915 -1 -2 
45 68 120 126 126 128 761 853 857 878 -1 -2 
45 74 119 126 124 125 622 889 890 934 -1 -2 
45 68 68 126 120 126 777 128 893 958 -1 -2 
45 68 68 126 120 126 709 128 742 985 -1 -2 
45 45 68 126 120 480 126 128 916 984 -1 -2 
74 74 124 119 124 624 125 825 932 966 -1 -2 
45 45 120 68 128 120 126 128 860 984 -1 -2 
45 115 120 123 128 730 739 850 865 919 -1 -2 
45 68 120 120 128 126 814 128 891 932 -1 -2 
45 119 68 125 120 235 126 128 611 830 -1 -2 
45 68 68 126 120 577 126 128 706 859 -1 -2 
45 45 120 68 120 126 128 673 860 869 -1 -2 
45 68 120 126 128 574 644 732 773 983 -1 -2 
45 68 68 126 120 536 126 128 946 960 -1 -2 
74 68 119 126 124 340 125 533 892 916 -1 -2 
45 68 120 126 128 398 759 891 907 970 -1 -2 
45 79 68 120 128 126 818 128 946 980 -1 -2 
45 68 68 126 120 126 128 808 903 920 -1 -2 
45 45 68 120 128 126 128 675 838 852 -1 -2 
45 45 120 68 120 765 126 128 876 952 -1 -2 
45 68 120 126 128 537 641 685 708 985 -1 -2 
74 45 124 68 651 120 126 128 913 978 -1 -2 
45 68 124 120 126 721 128 792 877 942 -1 -2 
45 42 46 126 116 378 127 963 974 980 -1 -2 
45 68 68 126 120 126 692 128 853 879 -1 -2 
42 46 124 116 128 127 674 704 757 986 -1 -2 
45 45 68 120 126 128 703 855 907 990 -1 -2 
74 45 68 125 120 126 128 672 825 982 -1 -2 
45 68 120 126 128 615 715 747 818 968 -1 -2 
45 45 68 126 120 463 126 128 699 880 -1 -2 
42 68 46 126 116 127 469 491 835 983 -1 -2 
45 45 120 68 120 356 126 128 606 645 -1 -2 
45 45 68 120 126 128 821 871 886 999 -1 -2 
45 68 68 126 120 126 675 128 818 849 -1 -2 
45 45 68 120 128 126 128 904 977 1000 -1 -2 
45 68 120 120 128 126 128 630 753 977 -1 -2 
45 46 68 127 120 638 126 128 946 954 -1 -2 
45 68 120 125 126 604 128 810 954 969 -1 -2 
45 68 68 120 126 128 650 772 810 922 -1 -2 
45 42 120 46 128 116 127 535 644 871 -1 -2 
45 68 120 126 128 128 315 333 392 567 -1 -2 
45 68 68 126 120 445 126 128 811 920 -1 -2 
45 45 120 68 120 446 126 128 633 807 -1 -2 
45 45 120 68 128 120 126 128 742 886 -1 -2 
45 45 120 68 120 283 126 128 795 963 -1 -2 
45 45 68 120 126 780 128 911 934 973 -1 -2 
45 68 68 126 120 126 608 128 880 911 -1 -2 
45 42 120 46 116 441 127 851 875 947 -1 -2 
45 45 120 68 128 120 126 128 645 853 -1 -2 
45 68 68 120 128 126 535 128 911 919 -1 -2 
74 115 123 125 128 404 526 566 710 747 -1 -2 
42 45 68 120 126 627 128 717 856 863 -1 -2 
74 119 124 125 128 270 293 316 402 468 -1 -2 
74 68 119 124 128 125 652 693 918 972 -1 -2 
45 45 120 68 120 691 126 128 845 879 -1 -2 
45 68 68 126 120 126 128 726 758 866 -1 -2 
42 119 46 116 128 127 424 808 875 908 -1 -2 
45 45 120 68 120 514 126 128 751 963 -1 -2 
45 45 120 68 128 120 126 128 890 931 -1 -2 
45 68 120 126 128 443 486 816 925 943 -1 -2 
45 68 120 126 126 609 128 716 868 988 -1 -2 
45 68 68 126 120 331 126 128 951 996 -1 -2 
45 68 68 120 128 126 652 128 673 805 -1 -2 
45 68 120 126 126 128 836 898 967 988 -1 -2 
45 68 120 126 346 128 740 801 816 896 -1 -2 
45 45 120 68 128 120 126 128 923 928 -1 -2 
45 45 68 120 128 126 128 841 887 978 -1 -2 
74 45 124 68 128 120 126 128 926 991 -1 -2 
45 45 120 68 128 120 126 128 733 907 -1 -2 
45 74 119 126 124 687 125 708 752 936 -1 -2 
45 68 120 126 128 452 499 654 661 685 -1 -2 
74 45 68 120 128 126 128 681 969 998 -1 -2 
45 45 120 68 128 120 126 128 931 940 -1 -2 
45 68 120 126 128 128 659 765 928 955 -1 -2 
45 45 68 126 120 774 126 128 877 937 -1 -2 
45 68 120 125 126 751 128 828 858 895 -1 -2 
45 68 120 120 128 126 128 710 891 989 -1 -2 
45 68 68 120 126 128 661 745 756 861 -1 -2 
45 45 120 68 128 120 126 128 914 928 -1 -2 
45 68 120 126 126 128 714 762 807 920 -1 -2 
45 45 120 68 128 120 126 128 856 930 -1 -2 
74 45 68 125 120 594 126 128 942 948 -1 -2 
45 45 120 68 128 120 126 128 763 979 -1 -2 
45 45 120 68 120 599 126 128 712 772 -1 -2 
115 45 120 68 120 668 126 128 879 949 -1 -2 
45 45 68 120 128 126 128 772 893 918 -1 -2 
45 68 120 120 128 126 427 128 613 712 -1 -2 
45 68 120 126 128 675 683 720 881 900 -1 -2 
45 68 68 120 126 128 668 798 835 996 -1 -2 
45 68 120 126 126 128 800 808 831 886 -1 -2 
45 45 68 126 120 525 126 128 863 910 -1 -2 
74 45 68 120 128 126 128 590 683 760 -1 -2 
45 74 119 124 125 615 767 788 873 875 -1 -2 
45 68 68 120 126 618 128 690 719 975 -1 -2 
19 45 68 120 652 126 128 852 898 963 -1 -2 
45 68 120 126 128 530 616 694 906 981 -1 -2 
23 68 28 126 128 302 403 417 651 708 -1 -2 
45 45 68 120 126 738 128 872 877 912 -1 -2 
45 45 68 120 128 126 128 615 828 872 -1 -2 
45 119 68 125 120 126 128 747 818 840 -1 -2 
45 74 119 126 124 666 125 904 953 978 -1 -2 
45 68 68 120 126 596 128 667 870 914 -1 -2 
45 45 120 68 128 120 126 128 935 991 -1 -2 
74 119 124 125 128 746 810 864 918 960 -1 -2 
45 68 120 126 126 128 833 883 967 997 -1 -2 
45 74 119 124 125 712 722 740 805 949 -1 -2 
45 68 68 126 120 413 126 128 663 949 -1 -2 
45 68 232 120 126 499 128 754 913 940 -1 -2 
45 68 68 126 120 126 128 618 690 972 -1 -2 
45 45 68 126 120 467 126 128 726 933 -1 -2 
45 45 120 68 128 120 126 128 933 980 -1 -2 
45 68 120 126 126 478 128 727 905 996 -1 -2 
45 119 68 120 128 126 593 128 638 686 -1 -2 
45 68 68 126 120 554 126 128 715 833 -1 -2 
45 68 68 126 120 126 870 128 977 1000 -1 -2 
45 45 120 68 128 120 126 128 777 965 -1 -2 
45 68 120 120 128 126 128 697 811 883 -1 -2 
45 45 68 120 126 498 128 817 919 925 -1 -2 
45 68 120 126 126 128 419 649 791 942 -1 -2 
74 68 119 124 125 502 682 747 896 988 -1 -2 
74 68 119 124 128 125 454 571 592 643 -1 -2 
74 119 124 126 125 628 804 889 910 995 -1 -2 
74 45 124 68 128 120 126 128 919 987 -1 -2 
74 68 119 124 128 125 779 871 899 951 -1 -2 
74 119 124 125 128 603 680 785 799 816 -1 -2 
74 45 124 68 128 120 126 128 884 931 -1 -2 
74 45 124 68 120 401 126 128 869 934 -1 -2 
42 45 116 68 128 120 126 128 891 914 -1 -2 
90 74 259 119 124 439 125 781 844 967 -1 -2 
45 119 68 120 128 126 698 128 930 959 -1 -2 
45 68 68 120 128 126 128 557 722 848 -1 -2 
42 45 68 120 128 126 411 128 756 1000 -1 -2 
45 119 68 125 120 126 544 128 938 974 -1 -2 
45 68 120 120 126 128 743 819 937 974 -1 -2 
74 68 119 126 124 125 650 852 866 940 -1 -2 
45 68 120 120 128 126 128 599 648 762 -1 -2 
74 45 124 68 120 126 128 469 588 857 -1 -2 
45 45 120 68 120 126 128 929 940 980 -1 -2 
45 45 68 126 120 645 126 128 921 958 -1 -2 
45 68 120 126 128 128 535 607 706 838 -1 -2 
45 45 120 68 120 126 128 733 836 971 -1 -2 
45 68 68 126 120 462 126 128 727 940 -1 -2 
45 68 120 120 126 599 128 768 912 995 -1 -2 
45 45 68 126 120 483 126 128 749 841 -1 -2 
45 68 120 120 126 736 128 878 936 1000 -1 -2 
45 45 68 126 120 568 126 128 896 977 -1 -2 
45 68 120 120 126 618 128 807 938 953 -1 -2 
74 45 124 68 120 705 126 128 841 905 -1 -2 
74 45 68 120 126 552 128 646 773 810 -1 -2 
74 45 124 68 120 892 126 128 953 977 -1 -2 
45 45 120 68 128 120 126 128 934 998 -1 -2 
45 119 68 120 126 128 785 830 837 996 -1 -2 
45 68 120 126 128 259 338 381 622 845 -1 -2 
74 68 119 126 124 125 603 737 766 926 -1 -2 
45 68 120 120 126 128 825 860 935 940 -1 -2 
74 45 68 125 120 699 126 128 851 921 -1 -2 
74 45 124 68 128 120 126 128 773 983 -1 -2 
45 45 68 120 126 128 634 655 821 912 -1 -2 
45 45 120 68 128 120 126 128 661 979 -1 -2 
45 45 68 126 120 126 736 128 851 893 -1 -2 
45 68 120 126 128 734 779 815 836 943 -1 -2 
74 119 119 125 124 125 796 871 959 965 -1 -2 
45 68 124 120 126 128 551 568 735 999 -1 -2 
45 68 120 120 128 126 744 128 794 915 -1 -2 
45 42 120 46 128 116 127 703 867 910 -1 -2 
45 42 120 46 128 116 127 734 791 857 -1 -2 
45 45 68 126 120 497 126 128 782 906 -1 -2 
45 68 68 126 120 126 368 128 786 839 -1 -2 
45 68 124 120 128 126 526 128 744 926 -1 -2 
45 68 124 120 126 580 128 807 889 982 -1 -2 
74 45 68 120 126 508 128 907 910 921 -1 -2 
74 45 68 125 120 806 126 128 937 967 -1 -2 
45 42 120 46 128 116 127 666 748 884 -1 -2 
45 68 120 126 126 128 489 507 647 669 -1 -2 
45 45 68 120 128 126 675 128 806 975 -1 -2 
45 68 120 120 126 128 678 770 853 949 -1 -2 
74 68 119 124 125 608 750 754 845 861 -1 -2 
45 68 120 126 126 666 128 812 908 960 -1 -2 
74 119 124 125 128 528 712 740 887 900 -1 -2 
45 42 120 46 128 116 127 809 850 882 -1 -2 
45 68 68 120 126 128 845 855 872 945 -1 -2 
45 68 120 126 128 527 588 793 866 934 -1 -2 
45 68 68 126 120 126 128 796 865 895 -1 -2 
45 68 68 120 128 126 128 691 902 932 -1 -2 
45 45 68 120 128 126 583 128 984 992 -1 -2 
45 68 116 120 126 128 726 750 766 910 -1 -2 
45 68 120 126 128 478 494 553 616 846 -1 -2 
45 45 120 68 120 126 128 700 820 884 -1 -2 
45 68 120 120 128 126 128 755 895 966 -1 -2 
45 42 46 126 116 127 637 660 703 797 -1 -2 
45 68 120 125 126 128 501 772 951 998 -1 -2 
45 68 120 120 128 126 572 128 629 731 -1 -2 
45 119 68 120 126 128 543 713 766 996 -1 -2 
45 68 68 120 126 661 128 712 895 993 -1 -2 
42 74 119 124 125 634 690 790 868 885 -1 -2 
45 68 68 126 120 126 128 759 773 902 -1 -2 
45 45 68 126 120 563 126 128 735 806 -1 -2 
45 119 68 120 128 126 519 128 835 957 -1 -2 
45 45 120 68 120 126 128 856 863 927 -1 -2 
45 68 68 126 120 126 556 128 889 992 -1 -2 
45 45 120 68 120 780 126 128 918 936 -1 -2 
45 119 68 125 120 607 126 128 756 870 -1 -2 
45 45 68 126 120 594 126 128 902 977 -1 -2 
45 74 119 126 124 567 125 679 770 937 -1 -2 
74 45 124 68 128 120 126 128 783 907 -1 -2 
45 68 120 126 126 901 128 966 990 995 -1 -2 
45 68 120 126 128 815 864 955 970 1000 -1 -2 
45 68 68 126 120 497 126 128 702 975 -1 -2 
45 68 120 126 126 422 128 852 867 983 -1 -2 
45 45 68 126 120 126 746 128 932 941 -1 -2 
45 68 120 120 128 126 406 128 670 735 -1 -2 
45 42 120 46 116 746 127 834 907 1000 -1 -2 
45 68 120 126 128 128 519 769 788 814 -1 -2 
45 68 120 120 126 128 703 717 746 781 -1 -2 
45 68 68 120 128 126 694 128 968 977 -1 -2 
45 42 46 116 128 127 578 694 786 887 -1 -2 
74 68 119 126 124 540 125 696 829 994 -1 -2 
45 45 120 68 120 538 126 128 774 962 -1 -2 
74 68 119 126 124 125 436 717 850 960 -1 -2 
45 45 68 120 128 126 602 128 888 894 -1 -2 
45 45 68 120 128 126 128 625 724 997 -1 -2 
45 45 120 68 120 511 126 128 716 738 -1 -2 
45 45 68 126 120 126 457 128 600 851 -1 -2 
45 68 68 120 128 126 372 128 486 982 -1 -2 
45 68 120 120 128 126 128 626 731 860 -1 -2 
45 68 120 126 128 128 470 489 716 852 -1 -2 
45 45 120 68 120 126 554 128 666 903 -1 -2 
45 45 68 120 128 126 128 726 826 873 -1 -2 
45 42 120 46 116 127 547 666 736 974 -1 -2 
45 68 68 120 126 570 128 686 792 916 -1 -2 
42 45 116 68 120 126 734 128 838 999 -1 -2 
45 45 68 120 126 128 658 743 809 866 -1 -2 
74 119 124 126 125 625 732 822 842 907 -1 -2 
45 68 120 125 126 500 128 527 717 825 -1 -2 
45 45 120 68 120 715 126 128 966 976 -1 -2 
74 119 120 124 125 650 703 727 883 892 -1 -2 
45 68 120 126 128 128 637 827 929 930 -1 -2 
74 68 119 126 124 125 696 780 913 962 -1 -2 
45 74 120 119 124 125 629 643 718 958 -1 -2 
45 115 120 123 128 464 662 765 826 926 -1 -2 
45 68 120 120 126 676 128 703 783 833 -1 -2 
45 45 68 126 120 594 126 128 874 914 -1 -2 
45 68 120 126 126 612 128 676 745 783 -1 -2 
45 74 120 119 124 125 505 637 708 971 -1 -2 
74 68 119 126 124 667 125 817 850 853 -1 -2 
45 45 68 120 126 128 701 716 730 733 -1 -2 
45 68 68 126 120 613 126 128 794 890 -1 -2 
45 68 120 120 128 126 757 128 848 880 -1 -2 
45 45 120 68 120 126 128 753 770 872 -1 -2 
45 68 120 126 617 128 710 712 755 860 -1 -2 
45 45 120 68 128 120 126 128 820 997 -1 -2 
45 45 120 68 120 126 447 128 778 856 -1 -2 
45 68 68 120 128 126 128 881 958 962 -1 -2 
45 68 68 120 128 126 531 128 705 908 -1 -2 
45 45 68 120 128 126 128 750 926 936 -1 -2 
74 45 124 68 128 120 126 128 781 862 -1 -2 
45 119 68 120 128 126 128 877 949 955 -1 -2 
42 45 116 68 120 601 126 128 847 868 -1 -2 
45 68 68 120 126 128 759 862 945 982 -1 -2 
45 68 68 120 126 615 128 655 753 917 -1 -2 
45 119 68 120 128 126 128 870 916 951 -1 -2 
45 68 68 126 120 126 128 557 580 670 -1 -2 
45 68 120 126 126 128 425 505 543 837 -1 -2 
45 74 119 124 128 125 495 531 611 768 -1 -2 
52 45 68 120 237 126 450 128 732 961 -1 -2 
45 68 120 126 128 128 623 802 854 890 -1 -2 
45 68 68 120 126 128 569 887 978 990 -1 -2 
66 23 28 427 507 731 896 898 934 998 -1 -2 
42 338 46 404 116 127 526 643 648 980 -1 -2 
74 119 124 125 125 584 739 795 885 911 -1 -2 
74 119 119 124 431 125 524 584 675 919 -1 -2 
42 46 76 116 127 441 664 679 733 881 -1 -2 
74 74 124 119 124 125 715 851 949 966 -1 -2 
42 74 116 119 124 125 689 723 871 978 -1 -2 
74 119 124 360 125 398 526 735 863 891 -1 -2 
42 46 116 125 127 545 557 612 757 953 -1 -2 
74 74 124 119 124 491 125 755 758 837 -1 -2 
74 74 124 119 676 124 125 847 863 876 -1 -2 
42 115 123 127 681 799 938 941 945 977 -1 -2 
42 88 46 116 259 127 796 817 923 950 -1 -2 
74 119 119 124 226 125 536 564 878 893 -1 -2 
42 290 46 341 116 127 478 708 738 903 -1 -2 
74 119 124 127 125 738 806 911 979 996 -1 -2 
10 33 105 191 544 554 593 662 891 960 -1 -2 
74 119 124 125 466 530 673 694 729 940 -1 -2 
74 119 116 124 125 595 602 619 711 744 -1 -2 
74 119 124 124 537 125 709 824 856 961 -1 -2 
74 119 117 124 125 313 372 470 588 805 -1 -2 
74 119 124 125 125 528 584 656 661 760 -1 -2 
74 74 124 119 124 468 125 930 960 1000 -1 -2 
74 119 119 124 489 125 743 754 819 951 -1 -2 
74 46 119 124 366 125 505 760 778 998 -1 -2 
42 46 116 127 236 581 613 703 806 922 -1 -2 
112 146 330 427 495 542 729 815 820 841 -1 -2 
74 74 124 119 687 124 125 967 987 997 -1 -2 
42 74 119 127 124 125 449 472 551 717 -1 -2 
74 74 119 125 124 538 125 673 712 904 -1 -2 
29 135 164 312 573 592 611 652 778 873 -1 -2 
74 119 119 125 124 628 125 836 898 988 -1 -2 
42 46 46 127 116 127 601 602 842 867 -1 -2 
198 23 28 525 572 595 630 663 693 861 -1 -2 
91 74 119 320 124 125 560 677 727 770 -1 -2 
74 119 124 150 125 310 577 627 891 903 -1 -2 
74 119 332 124 125 526 561 599 866 902 -1 -2 
74 74 124 119 124 125 611 616 627 780 -1 -2 
94 198 348 394 450 569 625 654 700 884 -1 -2 
74 74 119 125 124 726 125 760 771 868 -1 -2 
74 119 124 125 485 556 562 635 725 779 -1 -2 
21 114 131 156 451 454 547 568 648 887 -1 -2 
74 115 124 123 665 789 912 914 935 936 -1 -2 
74 74 124 119 405 124 125 674 692 866 -1 -2 
74 46 119 127 124 125 632 645 820 860 -1 -2 
51 65 100 267 342 394 395 728 740 921 -1 -2 
20 74 119 408 124 125 484 510 870 963 -1 -2 
209 223 270 340 387 833 849 891 900 906 -1 -2 
42 46 124 116 290 127 462 817 894 987 -1 -2 
70 159 365 429 525 603 607 684 816 937 -1 -2 
74 119 124 125 560 693 793 823 888 971 -1 -2 
74 42 46 125 116 389 127 594 912 941 -1 -2 
42 74 119 124 254 125 748 849 896 993 -1 -2 
35 85 121 312 393 804 842 868 922 998 -1 -2 
74 42 124 46 353 116 127 483 718 907 -1 -2 
74 315 119 124 490 125 553 726 810 901 -1 -2 
74 119 124 127 125 492 534 610 845 893 -1 -2 
345 398 409 462 686 761 772 840 921 936 -1 -2 
115 163 123 219 221 321 400 489 870 975 -1 -2 
74 119 119 125 124 125 811 865 866 950 -1 -2 
205 330 357 420 434 449 475 571 748 992 -1 -2 
74 119 124 124 398 125 697 776 833 884 -1 -2 
74 74 119 125 124 125 549 621 655 938 -1 -2 
74 119 124 127 125 612 649 742 796 891 -1 -2 
70 202 526 537 685 770 895 901 908 929 -1 -2 
28 74 193 119 318 124 125 806 885 967 -1 -2 
115 74 119 388 124 490 125 616 722 806 -1 -2 
74 119 124 125 125 578 584 632 870 952 -1 -2 
117 119 124 125 623 647 753 761 854 952 -1 -2 
74 46 119 124 125 503 520 764 883 957 -1 -2 
74 119 119 124 125 640 747 856 958 985 -1 -2 
23 115 123 125 606 662 835 943 949 966 -1 -2 
42 46 116 206 127 366 447 550 709 882 -1 -2 
42 350 46 116 521 127 705 777 785 843 -1 -2 
42 119 46 125 116 127 359 504 806 844 -1 -2 
74 119 119 125 124 125 664 833 898 951 -1 -2 
116 74 119 124 477 125 647 668 670 859 -1 -2 
74 88 119 261 124 461 125 587 663 706 -1 -2 
42 46 116 125 127 706 748 768 782 893 -1 -2 
74 42 124 46 116 127 702 704 841 883 -1 -2 
74 74 119 125 124 125 700 731 935 981 -1 -2 
74 119 119 124 125 421 606 701 860 926 -1 -2 
54 74 331 119 376 124 125 665 752 936 -1 -2 
74 119 124 124 125 614 658 750 753 900 -1 -2 
74 119 448 124 517 125 694 727 746 988 -1 -2 
42 123 46 116 127 595 691 717 835 884 -1 -2 
74 119 119 124 215 125 541 825 868 932 -1 -2 
42 32 116 81 285 102 114 526 547 549 -1 -2 
115 42 46 116 390 127 651 669 675 822 -1 -2 
117 119 124 125 253 278 691 769 852 853 -1 -2 
74 119 119 125 124 379 125 626 636 662 -1 -2 
8 74 207 119 570 124 125 797 874 922 -1 -2 
74 119 124 323 125 627 661 777 885 928 -1 -2 
74 316 119 124 125 482 621 636 866 991 -1 -2 
94 168 395 429 713 733 808 822 847 848 -1 -2 
74 119 119 124 650 125 776 849 927 942 -1 -2 
74 119 124 124 504 125 670 736 807 969 -1 -2 
74 74 124 119 124 495 125 587 708 747 -1 -2 
49 152 208 410 490 657 732 809 819 852 -1 -2 
67 74 119 533 124 709 125 816 888 904 -1 -2 
