26 41 104 75 78 112 115 705 116 126 128 -2 
26 98 78 112 115 116 126 128 850 941 -1 -2 
26 41 75 112 78 116 112 115 116 126 128 -2 
26 98 319 743 763 923 939 944 949 981 -1 -2 
26 41 75 112 78 116 112 115 116 126 128 -2 
41 98 75 272 78 463 112 115 116 126 128 -2 
26 98 98 112 115 116 126 128 650 831 -1 -2 
26 26 104 98 538 594 695 736 795 920 -1 -2 
26 41 78 75 78 112 126 115 116 126 128 -2 
25 27 78 117 115 125 126 128 808 885 -1 -2 
26 41 75 112 78 112 126 115 116 126 128 -2 
26 26 78 98 115 116 126 128 961 971 -1 -2 
26 41 166 75 437 78 112 115 116 126 128 -2 
26 98 78 112 115 116 126 128 859 922 -1 -2 
26 26 98 182 228 280 476 627 965 988 -1 -2 
26 25 78 27 115 117 125 128 700 984 -1 -2 
26 98 241 244 261 317 388 576 579 975 -1 -2 
26 98 98 429 439 584 735 736 764 798 -1 -2 
41 98 75 591 78 112 115 116 126 128 -1 -2 
26 41 78 75 78 112 126 115 116 126 128 -2 
26 41 75 78 112 115 116 126 128 826 -1 -2 
26 41 75 112 78 112 115 116 717 126 128 -2 
41 75 73 78 115 112 126 115 116 126 128 -2 
26 98 98 112 115 116 126 128 960 985 -1 -2 
26 98 98 543 655 657 754 792 953 978 -1 -2 
26 113 104 119 412 432 529 762 824 950 -1 -2 
26 98 117 125 306 545 690 718 906 934 -1 -2 
26 25 27 117 125 680 698 771 970 983 -1 -2 
41 75 78 78 112 116 115 116 126 128 -1 -2 
26 26 98 125 115 116 126 128 889 937 -1 -2 
26 41 75 228 78 324 112 115 116 126 128 -2 
26 98 78 112 115 116 126 128 776 934 -1 -2 
26 41 75 125 78 116 112 115 116 126 128 -2 
26 98 78 112 115 116 126 128 756 801 -1 -2 
26 98 78 112 115 116 126 128 956 989 -1 -2 
26 26 98 112 115 116 126 128 767 877 -1 -2 
26 26 98 112 115 116 126 128 861 979 -1 -2 
26 98 334 335 404 533 679 781 813 822 -1 -2 
26 26 98 127 618 641 688 852 866 883 -1 -2 
26 98 85 188 308 382 464 722 843 916 -1 -2 
26 26 98 112 115 116 126 128 785 835 -1 -2 
26 41 75 78 723 112 115 826 116 126 128 -2 
26 98 98 118 580 587 602 614 716 930 -1 -2 
26 98 78 112 115 116 126 128 865 893 -1 -2 
41 98 75 78 112 829 115 888 116 126 128 -2 
26 41 334 75 434 78 112 115 116 126 128 -2 
26 41 73 75 430 78 112 115 116 126 128 -2 
26 26 78 98 115 116 126 128 622 764 -1 -2 
26 98 280 314 407 573 697 715 889 929 -1 -2 
26 26 98 257 289 426 514 583 670 996 -1 -2 
26 26 98 329 375 450 553 618 654 862 -1 -2 
41 75 78 112 115 549 116 126 128 948 -1 -2 
113 98 119 185 252 272 366 453 496 850 -1 -2 
26 26 98 112 115 116 126 128 854 983 -1 -2 
26 68 263 92 439 104 118 832 880 954 -1 -2 
26 98 369 479 595 767 783 828 862 883 -1 -2 
41 75 102 78 112 203 115 767 116 126 128 -2 
26 98 78 112 115 116 126 128 873 933 -1 -2 
26 41 75 78 115 112 115 116 858 126 128 -2 
26 26 98 112 115 116 126 128 656 805 -1 -2 
41 75 78 464 112 532 115 663 116 126 128 -2 
41 98 75 78 112 115 116 126 747 128 -1 -2 
26 98 98 308 458 616 649 823 835 904 -1 -2 
26 68 288 92 345 104 118 632 817 889 -1 -2 
41 75 182 78 381 112 115 116 126 128 -1 -2 
26 98 98 112 115 116 126 128 877 977 -1 -2 
26 98 78 112 115 116 126 128 904 985 -1 -2 
26 26 98 112 115 116 126 128 701 798 -1 -2 
26 119 98 353 371 427 592 849 967 980 -1 -2 
26 26 98 112 115 116 126 128 894 958 -1 -2 
26 41 75 78 115 112 126 115 116 126 128 -2 
26 26 78 98 115 116 126 128 899 1000 -1 -2 
26 98 347 437 454 658 767 848 934 966 -1 -2 
41 98 75 118 78 112 126 115 116 126 128 -2 
26 98 78 112 115 116 126 128 984 986 -1 -2 
26 98 98 461 533 559 641 699 848 965 -1 -2 
41 75 78 78 112 116 115 128 116 126 128 -2 
26 41 75 112 78 112 126 115 116 126 128 -2 
26 26 98 112 115 116 126 128 942 977 -1 -2 
41 98 75 112 78 116 112 115 116 126 128 -2 
26 26 98 241 243 274 279 353 665 893 -1 -2 
26 41 75 419 78 681 112 115 116 126 128 -2 
26 26 78 98 115 116 126 128 847 955 -1 -2 
26 41 75 206 78 112 442 115 116 126 128 -2 
26 26 276 98 395 828 877 909 964 977 -1 -2 
26 26 104 98 586 617 628 636 830 914 -1 -2 
26 26 98 163 189 291 348 414 570 835 -1 -2 
41 26 98 112 115 116 126 128 867 954 -1 -2 
41 98 75 78 112 115 126 116 126 128 -1 -2 
26 41 75 118 78 116 112 115 116 126 128 -2 
26 113 119 112 115 116 126 128 900 977 -1 -2 
26 98 420 426 685 696 732 923 947 996 -1 -2 
26 98 78 112 115 116 126 128 855 909 -1 -2 
26 26 444 98 652 838 856 863 960 993 -1 -2 
26 26 78 98 115 116 126 128 579 975 -1 -2 
41 98 75 366 78 112 115 116 727 126 128 -2 
26 98 78 112 115 116 126 128 639 998 -1 -2 
26 98 98 112 115 116 126 128 692 932 -1 -2 
26 98 78 112 115 116 126 128 864 897 -1 -2 
68 92 104 315 118 516 574 584 832 899 -1 -2 
26 41 313 75 422 78 112 115 116 126 128 -2 
113 119 78 112 115 116 126 128 846 954 -1 -2 
26 98 73 127 494 510 574 807 872 988 -1 -2 
26 26 78 98 115 116 126 128 896 958 -1 -2 
26 26 98 297 342 536 558 569 579 1000 -1 -2 
26 98 258 419 501 550 557 677 687 835 -1 -2 
26 41 117 75 115 78 112 115 116 126 128 -2 
41 75 78 78 112 115 126 116 126 991 128 -2 
26 98 98 112 115 116 126 128 721 845 -1 -2 
26 26 98 514 545 609 677 845 862 900 -1 -2 
26 41 75 453 78 616 112 115 116 126 128 -2 
26 26 98 112 115 116 126 128 799 989 -1 -2 
26 26 117 98 557 641 658 836 935 951 -1 -2 
26 98 98 272 273 361 728 771 861 942 -1 -2 
26 41 75 78 115 112 115 128 116 126 128 -2 
26 41 78 75 115 78 112 115 116 126 128 -2 
26 98 78 112 115 116 126 128 915 926 -1 -2 
26 26 98 125 115 116 126 128 775 938 -1 -2 
26 98 98 125 427 700 795 806 903 952 -1 -2 
26 98 117 125 634 730 823 901 918 945 -1 -2 
26 98 78 112 115 116 126 128 750 924 -1 -2 
41 75 104 78 112 115 405 116 621 126 128 -2 
26 26 133 98 221 267 338 710 714 830 -1 -2 
26 68 78 92 104 116 118 128 957 986 -1 -2 
26 98 78 112 115 116 126 128 770 875 -1 -2 
26 26 78 98 115 116 126 128 954 986 -1 -2 
41 98 75 112 78 116 112 115 116 126 128 -2 
26 26 98 112 115 116 126 128 681 925 -1 -2 
26 98 78 112 115 116 126 128 836 927 -1 -2 
26 26 98 112 115 116 126 128 855 978 -1 -2 
41 98 75 112 78 112 126 115 116 126 128 -2 
41 75 78 112 422 115 116 674 126 814 128 -2 
41 98 75 78 112 616 115 737 116 126 128 -2 
26 98 117 125 467 688 761 853 857 878 -1 -2 
26 26 98 112 115 116 126 128 890 934 -1 -2 
26 26 98 125 587 751 777 852 893 958 -1 -2 
26 98 386 540 580 702 709 740 742 985 -1 -2 
26 41 104 75 78 116 112 115 116 126 128 -2 
26 98 290 380 543 624 677 825 932 966 -1 -2 
26 98 98 630 698 759 781 790 860 984 -1 -2 
26 41 75 78 112 115 116 850 126 919 128 -2 
26 41 78 75 115 78 112 115 116 126 128 -2 
26 26 98 160 194 235 431 493 611 830 -1 -2 
26 26 98 429 542 577 661 670 706 859 -1 -2 
26 98 98 112 115 116 126 128 860 869 -1 -2 
26 41 197 75 78 112 115 116 126 128 -1 -2 
26 41 75 112 78 112 115 116 946 126 128 -2 
26 26 148 98 279 340 487 533 892 916 -1 -2 
26 41 78 75 78 116 112 115 116 126 128 -2 
26 41 75 305 78 784 112 115 116 126 128 -2 
26 98 98 531 573 701 705 808 903 920 -1 -2 
26 68 78 92 115 104 118 128 838 852 -1 -2 
26 98 98 112 115 116 126 128 876 952 -1 -2 
26 26 78 98 115 116 126 128 708 985 -1 -2 
25 26 117 98 651 747 806 877 913 978 -1 -2 
113 98 119 294 416 721 729 792 877 942 -1 -2 
26 98 78 112 115 116 126 128 974 980 -1 -2 
26 51 78 70 90 116 96 128 853 879 -1 -2 
26 41 75 118 78 112 674 115 116 126 128 -2 
26 41 78 75 78 116 112 115 116 126 128 -2 
26 41 75 78 115 112 115 128 116 126 128 -2 
113 119 78 112 115 116 126 128 818 968 -1 -2 
41 75 78 112 112 115 116 126 699 128 -1 -2 
26 26 98 201 218 292 469 491 835 983 -1 -2 
25 98 27 283 117 356 125 519 606 645 -1 -2 
39 71 491 73 663 127 821 871 886 999 -1 -2 
26 25 27 438 117 612 125 680 818 849 -1 -2 
26 98 180 487 605 823 838 904 977 1000 -1 -2 
26 98 352 357 472 598 609 630 753 977 -1 -2 
26 68 78 92 104 118 126 128 946 954 -1 -2 
41 98 75 78 112 115 755 116 954 126 128 -2 
41 26 78 98 115 116 126 128 810 922 -1 -2 
68 92 78 104 118 116 126 128 644 871 -1 -2 
26 26 98 112 115 116 126 128 392 567 -1 -2 
26 26 302 98 412 445 637 673 811 920 -1 -2 
26 41 78 75 115 78 112 115 116 126 128 -2 
26 98 78 112 115 116 126 128 742 886 -1 -2 
26 26 104 98 250 283 725 735 795 963 -1 -2 
26 26 308 98 773 780 855 911 934 973 -1 -2 
26 41 75 322 78 112 115 874 116 126 128 -2 
26 26 78 98 115 116 126 128 875 947 -1 -2 
26 75 98 112 115 116 126 128 645 853 -1 -2 
68 41 75 78 115 112 126 115 116 126 128 -2 
68 92 78 104 263 118 526 566 710 747 -1 -2 
41 26 78 98 115 116 126 128 856 863 -1 -2 
26 98 78 112 115 116 126 128 402 468 -1 -2 
26 98 98 488 562 625 652 693 918 972 -1 -2 
26 98 104 118 286 691 789 810 845 879 -1 -2 
41 98 75 112 78 112 115 116 126 128 -1 -2 
26 41 75 78 243 112 424 115 116 126 128 -2 
26 98 98 356 446 514 653 695 751 963 -1 -2 
26 75 98 112 115 116 126 128 890 931 -1 -2 
26 26 98 318 436 443 486 816 925 943 -1 -2 
26 26 98 112 115 116 126 128 868 988 -1 -2 
26 98 235 256 316 331 504 656 951 996 -1 -2 
26 98 98 118 367 557 652 658 673 805 -1 -2 
26 26 98 476 488 720 836 898 967 988 -1 -2 
26 98 78 112 115 116 126 128 816 896 -1 -2 
26 26 98 617 661 809 892 919 923 928 -1 -2 
26 41 548 75 607 78 112 115 116 126 128 -2 
26 68 78 92 115 104 118 128 926 991 -1 -2 
26 41 75 394 78 575 112 115 116 126 128 -2 
41 75 78 78 112 115 126 116 752 126 128 -2 
26 98 90 96 115 116 126 128 661 685 -1 -2 
41 75 78 78 115 112 126 115 116 126 128 -2 
26 98 78 112 115 116 126 128 931 940 -1 -2 
41 75 362 78 112 607 115 765 116 126 128 -2 
26 26 98 118 631 774 810 868 877 937 -1 -2 
26 98 98 649 676 751 818 828 858 895 -1 -2 
41 98 75 125 78 112 126 115 116 126 128 -2 
26 25 78 27 115 117 125 128 756 861 -1 -2 
26 26 98 112 115 116 126 128 914 928 -1 -2 
26 26 98 493 509 633 714 762 807 920 -1 -2 
41 75 78 78 112 115 116 126 128 930 -1 -2 
41 98 75 112 78 112 115 128 116 126 128 -2 
26 41 75 182 78 456 112 115 116 126 128 -2 
26 25 78 27 115 117 125 128 712 772 -1 -2 
26 98 98 112 115 116 126 128 879 949 -1 -2 
26 98 78 112 115 116 126 128 893 918 -1 -2 
41 75 78 325 112 115 427 116 126 712 128 -2 
26 98 98 357 572 675 683 720 881 900 -1 -2 
41 75 231 78 112 507 115 798 116 126 128 -2 
26 41 75 78 115 112 126 115 116 126 128 -2 
26 26 182 98 361 525 576 713 863 910 -1 -2 
113 119 184 219 314 369 473 590 683 760 -1 -2 
26 113 119 112 115 116 126 128 873 875 -1 -2 
26 26 98 112 115 116 126 128 719 975 -1 -2 
26 26 78 98 115 116 126 128 898 963 -1 -2 
25 98 27 117 125 530 616 694 906 981 -1 -2 
26 41 75 78 194 112 115 417 116 126 128 -2 
113 119 78 112 115 116 126 128 877 912 -1 -2 
26 98 98 125 464 478 494 615 828 872 -1 -2 
26 26 207 98 397 506 669 747 818 840 -1 -2 
39 98 71 73 127 116 126 128 953 978 -1 -2 
26 26 98 112 115 116 126 128 870 914 -1 -2 
41 75 78 78 112 115 116 126 935 128 -1 -2 
26 98 78 112 115 116 126 128 918 960 -1 -2 
26 41 78 75 78 112 115 116 126 128 -1 -2 
26 98 98 655 689 712 722 740 805 949 -1 -2 
26 26 78 98 115 116 126 128 663 949 -1 -2 
26 26 98 257 411 499 679 754 913 940 -1 -2 
26 26 98 406 449 525 611 618 690 972 -1 -2 
26 41 75 112 78 112 126 115 116 126 128 -2 
26 98 517 520 630 747 897 924 933 980 -1 -2 
41 98 75 78 112 116 115 116 126 996 128 -2 
26 106 98 261 329 578 593 623 638 686 -1 -2 
26 26 78 98 115 116 126 128 715 833 -1 -2 
26 75 98 112 115 116 126 128 977 1000 -1 -2 
26 98 78 112 115 116 126 128 777 965 -1 -2 
26 26 98 112 115 116 126 128 811 883 -1 -2 
41 41 75 78 115 112 126 115 116 126 128 -2 
59 41 137 75 161 78 112 115 116 126 128 -2 
40 113 143 119 461 502 682 747 896 988 -1 -2 
41 41 78 75 78 112 126 115 116 126 128 -2 
33 25 27 117 618 125 804 889 910 995 -1 -2 
41 41 75 78 115 112 115 116 126 128 -1 -2 
171 254 396 401 475 525 779 871 899 951 -1 -2 
41 75 78 112 115 116 116 128 126 128 -1 -2 
41 119 75 78 528 112 115 782 116 126 128 -2 
41 27 75 125 78 116 112 115 116 126 128 -2 
41 41 78 75 78 112 126 115 116 126 128 -2 
41 136 75 78 289 112 115 116 126 967 128 -2 
41 75 78 455 112 614 115 707 116 126 128 -2 
41 75 78 112 115 115 126 116 722 126 128 -2 
41 119 75 112 78 116 112 115 116 126 128 -2 
113 75 119 112 115 116 126 128 938 974 -1 -2 
113 41 75 78 115 112 115 116 937 126 128 -2 
39 82 73 127 522 623 650 852 866 940 -1 -2 
113 41 75 297 78 112 564 115 116 126 128 -2 
41 39 71 112 73 116 127 128 588 857 -1 -2 
68 75 92 112 104 118 126 128 940 980 -1 -2 
41 41 75 78 112 116 115 128 116 126 128 -2 
41 75 78 112 112 115 116 126 706 128 -1 -2 
41 75 75 112 78 112 126 115 116 126 128 -2 
41 41 75 78 112 116 115 116 727 126 128 -2 
41 75 75 112 78 116 112 115 116 126 128 -2 
41 41 78 75 78 112 115 128 116 126 128 -2 
41 41 78 75 78 116 112 115 116 126 128 -2 
41 75 78 112 115 115 116 128 126 977 128 -2 
41 41 78 75 78 112 115 116 938 126 128 -2 
113 41 400 75 625 78 112 115 116 126 128 -2 
41 41 78 75 78 112 115 116 773 126 128 -2 
41 119 75 454 78 892 112 115 116 126 128 -2 
25 27 78 117 115 125 126 128 934 998 -1 -2 
41 41 78 75 115 78 112 115 116 126 128 -2 
113 75 119 112 115 116 126 128 622 845 -1 -2 
41 75 75 78 112 115 126 116 126 926 128 -2 
113 25 27 370 117 125 825 860 935 940 -1 -2 
41 25 27 117 115 125 126 128 851 921 -1 -2 
41 27 75 78 112 349 115 760 116 126 128 -2 
41 75 78 78 112 116 115 128 116 126 128 -2 
68 75 92 112 104 116 118 128 661 979 -1 -2 
41 75 78 112 115 115 126 116 851 126 128 -2 
351 113 563 119 698 734 779 815 836 943 -1 -2 
41 41 78 75 78 112 115 128 116 126 128 -2 
41 41 78 75 115 78 112 115 116 126 128 -2 
62 39 195 71 579 73 127 773 794 915 -1 -2 
41 41 78 75 78 116 112 115 116 126 128 -2 
113 41 75 112 78 116 112 115 116 126 128 -2 
41 41 78 75 115 78 112 115 116 126 128 -2 
41 41 78 75 78 112 115 128 116 126 128 -2 
68 41 75 78 271 112 526 115 116 126 128 -2 
25 75 27 117 125 116 126 128 889 982 -1 -2 
113 119 272 358 423 508 679 907 910 921 -1 -2 
41 41 78 75 115 78 112 115 116 126 128 -2 
25 27 78 117 125 116 126 128 748 884 -1 -2 
41 94 75 212 78 112 489 115 116 126 128 -2 
113 119 78 112 115 116 126 128 806 975 -1 -2 
41 41 75 112 78 112 115 116 853 126 128 -2 
41 164 75 328 78 608 112 115 116 126 128 -2 
41 41 75 78 115 112 126 115 116 126 128 -2 
41 41 78 75 78 116 112 115 116 126 128 -2 
41 41 78 75 115 78 112 115 116 126 128 -2 
113 25 406 27 117 768 125 855 872 945 -1 -2 
68 92 104 118 388 527 588 793 866 934 -1 -2 
41 75 78 78 115 112 115 116 126 128 -1 -2 
41 75 78 78 112 116 115 128 116 126 128 -2 
29 113 119 211 336 382 583 888 984 992 -1 -2 
113 119 78 112 115 116 126 128 766 910 -1 -2 
41 75 75 78 112 115 126 116 616 126 128 -2 
41 41 75 78 115 112 115 128 116 126 128 -2 
41 41 78 75 115 78 112 115 116 126 128 -2 
113 41 295 75 78 112 115 660 116 126 128 -2 
68 75 92 112 104 116 118 128 951 998 -1 -2 
35 41 75 78 364 112 115 116 126 128 -1 -2 
113 25 27 112 117 116 125 128 766 996 -1 -2 
41 41 75 78 115 112 115 128 116 126 128 -2 
41 27 75 125 78 112 115 790 116 126 128 -2 
41 75 78 78 112 115 126 116 773 126 128 -2 
41 68 78 92 115 104 118 128 735 806 -1 -2 
41 75 78 78 112 116 115 116 835 126 128 -2 
41 68 92 112 104 116 118 128 863 927 -1 -2 
41 75 78 112 115 115 126 116 126 992 128 -2 
41 113 119 112 115 116 126 128 918 936 -1 -2 
41 75 78 112 115 116 126 128 756 870 -1 -2 
41 41 78 75 78 116 112 115 116 126 128 -2 
41 68 92 104 115 118 126 128 770 937 -1 -2 
113 75 119 112 115 116 126 128 783 907 -1 -2 
25 75 27 112 117 125 126 128 990 995 -1 -2 
41 75 78 112 112 116 115 116 970 126 128 -2 
41 68 92 112 104 118 126 128 702 975 -1 -2 
65 68 92 104 118 422 825 852 867 983 -1 -2 
113 41 75 112 78 116 112 115 116 126 128 -2 
41 41 75 112 78 112 115 116 670 126 128 -2 
41 41 75 78 115 112 126 115 116 126 128 -2 
41 75 75 112 78 112 126 115 116 126 128 -2 
41 75 75 78 115 112 126 115 116 126 128 -2 
41 68 78 92 115 104 118 128 968 977 -1 -2 
24 90 140 398 414 538 578 694 786 887 -1 -2 
41 75 75 112 78 112 115 128 116 126 128 -2 
41 213 75 78 112 538 115 116 126 962 128 -2 
41 41 78 75 78 116 112 115 116 126 128 -2 
113 41 95 75 547 78 112 115 116 126 128 -2 
57 41 75 398 78 112 598 115 116 126 128 -2 
102 41 75 78 112 115 116 126 716 128 -1 -2 
41 75 78 112 115 352 116 126 600 128 -1 -2 
41 75 78 78 115 112 126 115 116 126 128 -2 
65 193 212 366 473 571 604 626 731 860 -1 -2 
41 75 75 78 112 115 116 126 128 852 -1 -2 
113 75 119 112 115 116 126 128 666 903 -1 -2 
109 41 75 78 581 112 620 115 116 126 128 -2 
41 25 78 27 117 125 126 128 736 974 -1 -2 
25 75 27 117 125 116 126 128 792 916 -1 -2 
41 25 27 117 125 116 126 128 838 999 -1 -2 
203 41 75 548 78 112 658 115 116 126 128 -2 
198 204 325 449 557 625 732 822 842 907 -1 -2 
68 75 92 112 104 118 126 128 717 825 -1 -2 
103 116 312 375 648 715 737 820 966 976 -1 -2 
41 41 75 112 78 112 115 116 883 126 128 -2 
41 75 78 78 115 112 115 116 126 930 128 -2 
41 75 75 112 78 112 126 115 116 126 128 -2 
41 58 75 147 78 227 112 115 116 126 128 -2 
25 41 117 75 397 78 112 115 116 126 128 -2 
68 41 104 75 564 78 112 115 116 126 128 -2 
41 41 75 78 115 112 126 115 116 126 128 -2 
41 75 78 112 112 116 115 116 745 126 128 -2 
41 75 110 78 112 463 115 637 116 126 128 -2 
41 119 75 78 587 112 744 115 116 126 128 -2 
41 25 27 117 115 125 126 128 730 733 -1 -2 
25 119 27 469 117 125 694 722 794 890 -1 -2 
35 68 92 203 104 118 757 789 848 880 -1 -2 
113 119 298 343 395 408 538 753 770 872 -1 -2 
41 75 78 112 112 116 115 128 116 126 128 -2 
25 75 27 112 117 116 125 128 820 997 -1 -2 
41 75 78 78 112 116 115 128 116 126 128 -2 
113 159 119 255 337 772 880 881 958 962 -1 -2 
41 75 75 78 115 112 126 115 116 126 128 -2 
41 167 75 78 412 112 115 116 126 936 128 -2 
41 41 75 112 78 116 112 115 116 126 128 -2 
41 41 78 75 115 78 112 115 116 126 128 -2 
113 41 75 112 78 116 112 115 116 126 128 -2 
41 75 75 112 78 116 112 115 116 126 128 -2 
41 75 78 112 112 115 116 128 126 917 128 -2 
239 412 473 609 733 747 808 870 916 951 -1 -2 
41 41 78 75 115 78 112 115 116 126 128 -2 
41 41 78 75 78 112 126 115 116 126 128 -2 
113 113 119 350 387 424 495 531 611 768 -1 -2 
52 41 178 75 78 112 115 116 126 128 -1 -2 
41 68 92 104 118 116 126 128 854 890 -1 -2 
41 75 75 78 115 112 115 128 116 126 128 -2 
25 139 27 117 125 731 896 898 934 998 -1 -2 
41 25 78 27 115 117 125 128 648 980 -1 -2 
41 41 78 75 115 78 112 115 116 126 128 -2 
41 75 78 78 112 116 115 116 126 128 -1 -2 
41 41 78 75 115 78 112 115 116 126 128 -2 
41 206 75 367 78 699 112 115 116 126 128 -2 
4 41 75 615 78 662 112 115 116 126 128 -2 
25 41 117 75 78 112 526 115 116 126 128 -2 
41 41 75 112 78 112 126 115 116 126 128 -2 
68 41 104 75 115 78 112 115 116 126 128 -2 
41 75 78 112 115 115 126 116 863 126 128 -2 
41 68 92 104 115 118 126 128 945 977 -1 -2 
113 41 155 75 78 661 112 115 116 126 128 -2 
41 113 78 119 115 116 126 128 878 893 -1 -2 
113 75 119 112 115 116 126 128 738 903 -1 -2 
41 75 78 112 112 116 115 128 116 126 128 -2 
68 92 78 104 115 118 126 128 891 960 -1 -2 
68 113 104 119 115 116 126 128 729 940 -1 -2 
60 41 75 427 78 112 602 115 116 126 128 -2 
41 75 78 78 115 112 126 115 116 126 128 -2 
41 41 78 75 115 78 112 115 116 126 128 -2 
68 25 104 27 117 528 125 656 661 760 -1 -2 
203 113 376 119 451 468 735 930 960 1000 -1 -2 
128 41 75 78 112 115 743 116 126 128 -1 -2 
68 92 78 104 118 116 126 128 778 998 -1 -2 
41 113 78 119 115 116 126 128 806 922 -1 -2 
112 25 27 427 117 125 729 815 820 841 -1 -2 
41 41 75 78 115 112 115 128 116 126 128 -2 
41 41 78 75 78 112 126 115 116 126 128 -2 
113 119 119 273 324 538 584 673 712 904 -1 -2 
29 41 75 312 78 112 115 652 116 126 128 -2 
113 119 78 112 115 116 126 128 898 988 -1 -2 
41 75 78 112 112 115 126 116 126 128 -1 -2 
41 75 75 78 112 115 116 126 693 128 -1 -2 
113 119 204 320 350 497 560 677 727 770 -1 -2 
41 75 78 112 112 116 115 116 891 126 128 -2 
47 41 75 78 357 112 561 115 116 126 128 -2 
113 41 75 256 78 112 611 115 116 126 128 -2 
41 75 75 78 112 115 116 128 126 884 128 -2 
41 140 75 78 724 112 115 116 771 126 128 -2 
41 75 142 78 485 112 115 635 116 126 128 -2 
21 114 131 156 451 454 547 568 648 887 -1 -2 
41 113 78 119 115 116 126 128 935 936 -1 -2 
41 68 92 104 115 118 126 128 692 866 -1 -2 
41 41 75 112 78 116 112 115 116 126 128 -2 
51 41 100 75 78 112 395 115 116 126 128 -2 
20 68 354 92 421 104 118 510 870 963 -1 -2 
209 41 270 75 78 833 112 115 116 126 128 -2 
41 39 71 73 127 116 126 128 894 987 -1 -2 
41 25 27 112 117 125 126 128 816 937 -1 -2 
41 157 75 279 78 693 112 115 116 126 128 -2 
113 41 75 339 78 112 115 116 126 128 -1 -2 
41 75 78 78 112 116 115 116 126 128 -1 -2 
41 41 78 75 78 112 126 115 116 126 128 -2 
41 75 75 78 115 112 126 115 116 126 128 -2 
41 315 75 483 78 112 553 115 116 126 128 -2 
39 71 73 112 127 116 126 128 845 893 -1 -2 
41 113 119 112 115 116 126 128 921 936 -1 -2 
25 27 117 125 115 116 126 128 870 975 -1 -2 
41 41 75 78 115 112 115 116 866 126 128 -2 
41 75 75 112 78 116 112 115 116 126 128 -2 
41 86 75 78 112 584 115 116 126 128 -1 -2 
41 41 75 78 112 115 116 126 128 938 -1 -2 
25 75 27 117 125 116 126 128 796 891 -1 -2 
70 202 526 537 685 770 895 901 908 929 -1 -2 
41 41 78 75 78 112 115 128 116 126 128 -2 
41 119 75 78 112 490 115 116 126 806 128 -2 
10 41 309 75 78 578 112 115 116 126 128 -2 
68 41 104 75 623 78 112 115 116 126 128 -2 
41 41 75 78 112 116 115 116 883 126 128 -2 
41 75 78 112 112 115 126 116 958 126 128 -2 
41 41 78 75 115 78 112 115 116 126 128 -2 
41 75 78 112 112 115 116 126 709 128 -1 -2 
41 41 78 75 115 78 112 115 116 126 128 -2 
41 75 75 112 78 112 115 116 806 126 128 -2 
113 68 92 158 104 656 118 833 898 951 -1 -2 
41 75 78 78 115 112 115 128 116 126 128 -2 
41 75 78 78 115 112 126 115 116 126 128 -2 
100 243 258 443 547 706 748 768 782 893 -1 -2 
41 113 78 119 115 116 126 128 841 883 -1 -2 
68 75 92 112 104 116 118 128 935 981 -1 -2 
41 119 75 78 112 421 115 701 116 126 128 -2 
41 41 75 112 78 116 112 115 116 126 128 -2 
96 113 119 516 581 614 658 750 753 900 -1 -2 
197 41 75 78 112 115 694 116 746 126 128 -2 
41 41 78 75 78 112 126 115 116 126 128 -2 
93 145 185 187 215 454 541 825 868 932 -1 -2 
41 25 78 27 115 117 125 128 547 549 -1 -2 
62 41 75 78 390 112 651 115 116 126 128 -2 
41 41 75 112 78 112 115 116 852 126 128 -2 
68 96 92 104 361 118 391 626 636 662 -1 -2 
41 113 78 119 115 116 126 128 874 922 -1 -2 
41 75 75 112 78 116 112 115 116 126 128 -2 
39 41 73 75 78 482 112 115 116 126 128 -2 
41 75 78 112 112 116 115 116 847 126 128 -2 
41 75 78 112 115 116 776 126 128 942 -1 -2 
41 75 75 112 78 112 126 115 116 126 128 -2 
25 41 117 75 78 112 572 115 116 126 128 -2 
41 41 78 75 115 78 112 115 116 126 128 -2 
41 68 92 112 104 118 126 128 888 904 -1 -2 
