168 68 92 104 428 118 610 705 771 898 -1 -2 
113 355 119 377 448 670 750 846 850 941 -1 -2 
41 33 75 86 78 112 115 116 126 128 -1 -2 
75 165 319 743 763 923 939 944 949 981 -1 -2 
113 397 119 719 742 744 764 773 904 906 -1 -2 
118 174 188 272 311 463 531 702 783 833 -1 -2 
26 126 98 302 336 368 538 581 650 831 -1 -2 
68 92 317 104 118 594 695 736 795 920 -1 -2 
41 75 257 78 494 112 115 836 116 126 128 -2 
303 348 434 597 631 658 675 790 808 885 -1 -2 
178 199 281 419 504 633 686 787 805 977 -1 -2 
41 75 78 273 112 115 816 116 961 126 128 -2 
3 94 166 339 437 448 505 693 981 993 -1 -2 
41 42 75 78 514 112 115 725 116 126 128 -2 
39 144 162 182 228 280 476 627 965 988 -1 -2 
69 97 127 234 296 354 515 553 700 984 -1 -2 
5 172 241 244 261 317 388 576 579 975 -1 -2 
12 64 376 429 439 584 735 736 764 798 -1 -2 
202 534 564 591 614 733 798 805 889 928 -1 -2 
26 196 98 269 276 321 368 406 787 910 -1 -2 
113 103 119 256 328 376 431 449 657 826 -1 -2 
167 41 75 78 112 506 115 116 717 126 128 -2 
102 41 75 78 112 115 116 126 128 832 -1 -2 
41 42 75 78 112 115 738 116 126 985 128 -2 
192 113 429 119 655 657 754 792 953 978 -1 -2 
68 269 92 401 104 432 118 762 824 950 -1 -2 
52 113 244 119 306 545 690 718 906 934 -1 -2 
349 388 556 640 674 680 698 771 970 983 -1 -2 
41 75 153 78 253 112 437 115 116 126 128 -2 
41 420 75 424 78 112 115 814 116 126 128 -2 
32 158 175 228 303 324 538 588 865 956 -1 -2 
41 75 134 78 112 115 116 651 126 934 128 -2 
107 41 75 78 548 112 115 116 807 126 128 -2 
199 237 241 284 539 553 565 600 756 801 -1 -2 
338 26 98 631 636 758 872 912 956 989 -1 -2 
41 332 75 554 78 628 112 115 116 126 128 -2 
97 41 351 75 539 78 112 115 116 126 128 -2 
92 159 334 335 404 533 679 781 813 822 -1 -2 
113 119 566 574 618 641 688 852 866 883 -1 -2 
34 67 85 188 308 382 464 722 843 916 -1 -2 
96 41 75 78 436 112 556 115 116 126 128 -2 
338 351 439 570 723 752 760 826 914 971 -1 -2 
68 198 92 104 580 118 602 614 716 930 -1 -2 
24 113 405 119 744 828 839 854 865 893 -1 -2 
10 15 142 189 776 829 877 888 902 999 -1 -2 
152 205 334 387 434 447 745 825 874 876 -1 -2 
59 67 292 394 430 447 475 689 866 950 -1 -2 
41 89 75 128 78 112 367 115 116 126 128 -2 
2 269 280 314 407 573 697 715 889 929 -1 -2 
109 253 255 257 289 426 514 583 670 996 -1 -2 
61 149 208 329 375 450 553 618 654 862 -1 -2 
37 188 197 264 425 549 623 731 782 948 -1 -2 
51 128 139 185 252 272 366 453 496 850 -1 -2 
41 75 140 78 112 425 115 804 116 126 128 -2 
51 192 263 302 439 511 544 832 880 954 -1 -2 
44 272 369 479 595 767 783 828 862 883 -1 -2 
56 93 102 136 137 203 633 767 858 871 -1 -2 
5 304 435 536 576 578 588 834 873 933 -1 -2 
41 108 75 78 755 112 115 849 116 126 128 -2 
4 41 75 331 78 385 112 115 116 126 128 -2 
113 415 119 464 509 532 625 663 807 936 -1 -2 
44 87 290 489 587 601 616 746 747 967 -1 -2 
66 113 146 119 458 616 649 823 835 904 -1 -2 
187 26 98 320 345 380 436 632 817 889 -1 -2 
103 26 182 98 381 383 461 665 776 897 -1 -2 
67 225 317 383 423 439 753 790 877 977 -1 -2 
53 67 245 251 340 470 574 627 904 985 -1 -2 
50 167 214 294 300 347 574 583 701 798 -1 -2 
37 113 119 353 371 427 592 849 967 980 -1 -2 
41 117 75 327 78 399 112 115 116 126 128 -2 
121 149 165 244 284 545 775 927 946 993 -1 -2 
41 75 398 78 476 112 115 813 116 126 128 -2 
26 98 347 437 454 658 767 848 934 966 -1 -2 
11 41 96 75 445 78 112 115 116 126 128 -2 
6 41 75 78 515 112 766 115 116 126 128 -2 
78 186 412 461 533 559 641 699 848 965 -1 -2 
77 41 75 613 78 112 958 115 116 126 128 -2 
62 41 164 75 78 487 112 115 116 126 128 -2 
32 41 75 491 78 112 814 115 116 126 128 -2 
149 41 541 75 78 852 112 115 116 126 128 -2 
12 63 116 241 243 274 279 353 665 893 -1 -2 
36 26 98 419 460 681 737 866 921 966 -1 -2 
10 57 155 195 443 486 633 681 847 955 -1 -2 
23 53 73 206 346 369 442 462 591 701 -1 -2 
66 131 276 285 395 828 877 909 964 977 -1 -2 
68 92 405 104 118 617 628 636 830 914 -1 -2 
5 26 98 163 189 291 348 414 570 835 -1 -2 
155 41 75 355 78 112 115 499 116 126 128 -2 
41 386 75 78 507 112 115 116 126 128 -1 -2 
2 41 75 78 490 112 115 815 116 126 128 -2 
41 75 340 78 656 112 777 115 116 126 128 -2 
129 171 420 426 685 696 732 923 947 996 -1 -2 
179 328 329 404 594 637 685 689 855 909 -1 -2 
35 77 444 474 652 838 856 863 960 993 -1 -2 
30 41 75 78 190 112 115 116 579 126 128 -2 
26 121 98 366 444 572 610 650 727 864 -1 -2 
82 41 290 75 410 78 112 115 116 126 128 -2 
35 26 83 98 217 311 540 636 692 932 -1 -2 
22 41 75 277 78 460 112 115 116 126 128 -2 
13 98 103 315 344 516 574 584 832 899 -1 -2 
22 113 313 119 422 423 495 639 761 993 -1 -2 
212 312 345 438 542 652 731 745 846 954 -1 -2 
55 26 74 98 494 510 574 807 872 988 -1 -2 
41 83 75 78 462 112 115 116 896 126 128 -2 
88 133 232 297 342 536 558 569 579 1000 -1 -2 
26 131 98 419 501 550 557 677 687 835 -1 -2 
41 188 75 78 112 451 115 116 126 128 -1 -2 
257 463 573 688 714 731 739 797 849 991 -1 -2 
175 41 206 75 256 78 112 115 116 126 128 -2 
10 72 158 514 545 609 677 845 862 900 -1 -2 
105 143 271 453 531 616 695 846 927 943 -1 -2 
41 75 78 112 295 115 116 126 128 989 -1 -2 
78 159 280 335 557 641 658 836 935 951 -1 -2 
26 138 98 272 273 361 728 771 861 942 -1 -2 
68 92 104 276 118 324 566 708 860 930 -1 -2 
41 209 75 78 112 442 115 591 116 126 128 -2 
37 132 158 200 287 371 535 885 915 926 -1 -2 
41 278 75 78 512 112 700 115 116 126 128 -2 
54 113 119 426 427 700 795 806 903 952 -1 -2 
89 303 489 538 634 730 823 901 918 945 -1 -2 
193 41 247 75 78 700 112 115 116 126 128 -2 
68 227 92 263 104 342 118 421 621 741 -1 -2 
26 98 133 138 221 267 338 710 714 830 -1 -2 
104 386 589 594 655 657 670 693 957 986 -1 -2 
99 41 162 75 78 112 540 115 116 126 128 -2 
129 41 75 78 112 791 115 855 116 126 128 -2 
32 41 472 75 596 78 112 115 116 126 128 -2 
130 162 220 394 470 584 640 659 681 925 -1 -2 
74 41 347 75 476 78 112 115 116 126 128 -2 
3 41 75 78 112 645 115 745 116 126 128 -2 
76 41 75 425 78 705 112 115 116 126 128 -2 
52 134 283 390 422 533 626 674 716 814 -1 -2 
113 119 344 383 549 616 626 737 800 915 -1 -2 
23 368 411 437 467 688 761 853 857 878 -1 -2 
63 41 268 75 307 78 112 115 116 126 128 -2 
40 130 267 450 587 751 777 852 893 958 -1 -2 
210 26 98 540 580 702 709 740 742 985 -1 -2 
2 41 272 75 379 78 112 115 116 126 128 -2 
117 274 290 380 543 624 677 825 932 966 -1 -2 
75 121 457 630 698 759 781 790 860 984 -1 -2 
113 119 28 35 172 730 739 850 865 919 -1 -2 
185 113 119 637 749 780 814 828 891 932 -1 -2 
71 111 142 160 194 235 431 493 611 830 -1 -2 
302 304 323 429 542 577 661 670 706 859 -1 -2 
117 41 197 75 78 373 112 115 116 126 128 -2 
79 141 197 404 479 574 644 732 773 983 -1 -2 
41 76 75 78 112 115 116 842 126 960 128 -2 
54 90 148 173 279 340 487 533 892 916 -1 -2 
154 199 202 222 247 398 759 891 907 970 -1 -2 
84 26 260 98 412 784 818 861 946 980 -1 -2 
215 350 520 531 573 701 705 808 903 920 -1 -2 
12 107 356 362 488 513 619 675 838 852 -1 -2 
41 75 637 78 741 112 792 115 116 126 128 -2 
106 41 75 416 78 112 115 685 116 126 128 -2 
68 291 92 574 104 118 806 877 913 978 -1 -2 
95 183 206 294 416 721 729 792 877 942 -1 -2 
26 17 98 238 345 378 516 963 974 980 -1 -2 
41 36 75 113 78 442 112 115 116 126 128 -2 
39 68 164 92 104 642 118 704 757 986 -1 -2 
70 41 75 474 78 647 112 115 116 126 128 -2 
87 41 187 75 78 112 666 115 116 126 128 -2 
41 75 78 112 115 116 126 747 128 968 -1 -2 
41 178 75 78 112 463 115 580 116 126 128 -2 
51 59 143 201 218 292 469 491 835 983 -1 -2 
8 9 215 283 300 356 436 519 606 645 -1 -2 
142 26 491 98 663 739 821 871 886 999 -1 -2 
134 287 407 438 470 612 675 680 818 849 -1 -2 
40 26 98 487 605 823 838 904 977 1000 -1 -2 
117 154 352 357 472 598 609 630 753 977 -1 -2 
41 75 377 78 575 112 879 115 116 126 128 -2 
46 113 150 119 535 604 755 810 954 969 -1 -2 
26 309 98 411 570 601 650 772 810 922 -1 -2 
22 41 115 75 78 205 112 115 116 126 128 -2 
41 75 132 78 145 112 115 116 392 126 128 -2 
191 113 302 119 412 445 637 673 811 920 -1 -2 
41 75 400 78 409 112 115 610 116 126 128 -2 
41 75 78 112 115 116 344 126 742 128 -1 -2 
27 68 186 92 250 104 118 735 795 963 -1 -2 
122 232 308 475 773 780 855 911 934 973 -1 -2 
26 282 98 322 376 505 608 874 880 911 -1 -2 
41 138 75 294 78 441 112 115 116 126 128 -2 
68 41 75 107 78 352 112 115 116 126 128 -2 
10 41 75 252 78 112 535 115 116 126 128 -2 
3 53 78 147 263 404 526 566 710 747 -1 -2 
388 68 458 92 104 118 710 717 856 863 -1 -2 
5 31 93 134 196 270 293 316 402 468 -1 -2 
180 241 329 488 562 625 652 693 918 972 -1 -2 
68 18 92 278 104 118 789 810 845 879 -1 -2 
36 41 228 75 326 78 112 115 116 126 128 -2 
18 113 177 119 243 364 424 808 875 908 -1 -2 
110 196 310 356 446 514 653 695 751 963 -1 -2 
41 75 78 439 112 513 115 665 116 126 128 -2 
210 242 311 318 436 443 486 816 925 943 -1 -2 
41 75 314 78 112 609 115 716 116 126 128 -2 
25 102 235 256 316 331 504 656 951 996 -1 -2 
131 68 92 104 118 557 652 658 673 805 -1 -2 
127 280 465 476 488 720 836 898 967 988 -1 -2 
41 53 75 165 78 578 112 115 116 126 128 -2 
111 184 561 617 661 809 892 919 923 928 -1 -2 
193 113 119 589 607 737 812 841 887 978 -1 -2 
160 68 297 92 104 118 451 774 926 991 -1 -2 
253 261 281 394 437 575 719 726 733 907 -1 -2 
41 75 78 361 112 687 115 116 126 128 -1 -2 
77 41 75 183 78 112 115 654 116 126 128 -2 
41 72 75 146 78 112 338 115 116 126 128 -2 
98 41 75 301 78 751 112 115 116 126 128 -2 
205 244 362 422 529 607 659 765 928 955 -1 -2 
70 68 92 104 631 118 810 868 877 937 -1 -2 
397 428 523 649 676 751 818 828 858 895 -1 -2 
120 41 358 75 78 112 115 116 126 128 -1 -2 
29 41 75 78 396 112 661 115 116 126 128 -2 
207 227 331 407 468 619 738 871 914 928 -1 -2 
26 323 98 493 509 633 714 762 807 920 -1 -2 
41 75 78 112 115 116 676 126 128 930 -1 -2 
101 135 189 254 517 594 642 729 942 948 -1 -2 
40 85 87 182 349 456 622 673 763 979 -1 -2 
94 170 286 575 585 599 641 711 712 772 -1 -2 
55 41 495 75 78 112 720 115 116 126 128 -2 
282 400 576 629 674 736 745 772 893 918 -1 -2 
34 186 291 325 335 402 427 488 613 712 -1 -2 
54 92 273 357 572 675 683 720 881 900 -1 -2 
17 72 231 397 463 507 668 798 835 996 -1 -2 
158 26 175 98 444 596 800 808 831 886 -1 -2 
92 105 182 189 361 525 576 713 863 910 -1 -2 
29 26 184 98 314 369 473 590 683 760 -1 -2 
131 41 229 75 264 78 112 115 116 126 128 -2 
71 41 75 378 78 618 112 115 116 126 128 -2 
19 41 75 78 652 112 115 116 126 128 -1 -2 
179 113 119 475 502 530 616 694 906 981 -1 -2 
4 113 67 119 194 302 403 417 651 708 -1 -2 
38 179 460 666 677 738 821 872 877 912 -1 -2 
32 26 98 386 464 478 494 615 828 872 -1 -2 
50 113 119 280 397 506 669 747 818 840 -1 -2 
184 41 511 75 78 112 791 115 116 126 128 -2 
237 41 324 75 559 78 112 115 116 126 128 -2 
41 379 75 78 582 112 674 115 116 126 128 -2 
41 75 336 78 485 112 810 115 116 126 128 -2 
55 113 397 119 484 556 833 883 967 997 -1 -2 
396 459 590 655 689 712 722 740 805 949 -1 -2 
52 41 251 75 78 413 112 115 116 126 128 -2 
26 216 232 257 411 499 679 754 913 940 -1 -2 
1 197 281 406 449 525 611 618 690 972 -1 -2 
145 68 92 104 118 467 592 606 726 933 -1 -2 
158 113 517 119 630 747 897 924 933 980 -1 -2 
26 98 197 321 322 478 710 727 905 996 -1 -2 
23 106 136 261 329 578 593 623 638 686 -1 -2 
41 223 75 486 78 554 112 115 116 126 128 -2 
179 41 312 75 360 78 112 115 116 126 128 -2 
41 75 78 479 112 595 115 721 116 126 128 -2 
69 41 110 75 545 78 112 115 116 126 128 -2 
19 41 75 78 112 115 628 116 919 126 128 -2 
59 124 137 141 161 363 419 649 791 942 -1 -2 
40 79 143 279 461 502 682 747 896 988 -1 -2 
39 215 232 240 329 437 454 571 592 643 -1 -2 
33 78 171 533 618 628 804 889 910 995 -1 -2 
41 119 75 78 112 115 116 126 128 987 -1 -2 
171 254 396 401 475 525 779 871 899 951 -1 -2 
41 75 78 486 112 603 115 116 126 128 -1 -2 
107 153 233 323 528 619 713 782 884 931 -1 -2 
51 41 75 78 382 112 452 115 116 126 128 -2 
41 106 75 303 78 580 112 115 116 126 128 -2 
90 136 259 280 289 439 514 781 844 967 -1 -2 
196 315 346 455 544 614 698 707 930 959 -1 -2 
109 159 252 280 296 303 524 557 722 848 -1 -2 
113 63 119 190 207 361 411 739 756 1000 -1 -2 
113 119 100 120 133 166 544 699 938 974 -1 -2 
41 217 75 78 112 115 743 116 937 126 128 -2 
68 92 234 104 118 623 650 852 866 940 -1 -2 
19 113 119 297 401 527 564 599 648 762 -1 -2 
19 34 176 198 328 405 420 469 588 857 -1 -2 
41 75 78 112 115 116 126 929 128 980 -1 -2 
72 120 142 353 572 645 738 883 921 958 -1 -2 
229 41 75 78 112 115 535 116 706 126 128 -2 
41 97 75 266 78 382 112 115 116 126 128 -2 
14 99 118 119 423 462 471 671 727 940 -1 -2 
41 75 78 448 112 115 116 126 128 995 -1 -2 
15 41 75 304 78 112 626 115 116 126 128 -2 
57 41 174 75 718 78 112 115 116 126 128 -2 
41 75 171 78 353 112 598 115 116 126 128 -2 
1 94 165 307 445 618 679 807 938 953 -1 -2 
113 186 119 458 625 705 787 824 841 905 -1 -2 
41 75 287 78 435 112 115 646 116 126 128 -2 
47 113 119 454 691 892 921 932 953 977 -1 -2 
247 41 588 75 649 78 112 115 116 126 128 -2 
226 41 75 377 78 754 112 115 116 126 128 -2 
17 41 61 75 78 259 112 115 116 126 128 -2 
204 41 268 75 298 78 112 115 116 126 128 -2 
113 119 307 370 498 609 825 860 935 940 -1 -2 
30 174 589 630 675 699 715 840 851 921 -1 -2 
113 119 311 319 330 349 688 760 773 983 -1 -2 
284 41 75 571 78 619 112 115 116 126 128 -2 
105 41 388 75 78 112 571 115 116 126 128 -2 
60 113 119 545 685 730 736 761 851 893 -1 -2 
351 433 563 579 698 734 779 815 836 943 -1 -2 
55 128 694 711 724 761 796 871 959 965 -1 -2 
24 79 203 267 384 537 551 568 735 999 -1 -2 
62 92 195 550 579 581 744 773 794 915 -1 -2 
229 281 331 466 597 622 679 703 867 910 -1 -2 
39 41 235 75 78 398 112 115 116 126 128 -2 
10 228 280 325 362 497 517 769 782 906 -1 -2 
9 41 75 203 78 112 115 696 116 126 128 -2 
68 70 92 138 104 329 118 672 744 926 -1 -2 
16 41 76 75 542 78 112 115 116 126 128 -2 
113 119 272 358 423 508 679 907 910 921 -1 -2 
41 105 75 78 112 115 858 116 937 126 128 -2 
94 41 357 75 78 112 648 115 116 126 128 -2 
41 94 75 212 78 112 489 115 116 126 128 -2 
42 41 75 78 112 115 675 116 806 126 128 -2 
86 41 75 78 419 112 115 770 116 126 128 -2 
58 164 319 328 467 608 750 754 845 861 -1 -2 
187 249 335 556 617 666 784 812 908 960 -1 -2 
11 68 138 92 104 528 118 740 887 900 -1 -2 
68 179 92 251 104 375 118 809 850 882 -1 -2 
113 243 119 509 522 768 845 855 872 945 -1 -2 
68 92 104 118 388 527 588 793 866 934 -1 -2 
41 312 75 535 78 675 112 115 116 126 128 -2 
55 41 75 328 78 384 112 115 116 126 128 -2 
29 156 162 211 336 382 583 888 984 992 -1 -2 
50 136 211 487 537 687 726 750 766 910 -1 -2 
3 26 82 368 431 478 494 553 616 846 -1 -2 
7 41 75 230 78 112 115 700 116 126 128 -2 
92 135 159 364 491 526 563 755 895 966 -1 -2 
134 143 295 314 459 630 637 660 703 797 -1 -2 
6 107 221 260 384 448 501 772 951 998 -1 -2 
35 60 132 140 364 536 572 581 629 731 -1 -2 
8 95 230 270 396 444 543 713 766 996 -1 -2 
17 141 237 381 527 661 706 712 895 993 -1 -2 
22 113 149 119 516 634 690 790 868 885 -1 -2 
41 231 75 378 78 112 659 115 116 126 128 -2 
41 72 75 78 215 112 115 116 735 126 128 -2 
41 180 75 78 496 112 519 115 116 126 128 -2 
17 41 75 78 112 115 692 116 126 128 -1 -2 
41 84 75 233 78 112 115 116 889 126 128 -2 
257 41 553 75 78 112 818 115 116 126 128 -2 
97 104 263 271 376 607 640 721 756 870 -1 -2 
125 41 345 75 78 594 112 115 116 126 128 -2 
181 41 446 75 558 78 112 115 116 126 128 -2 
18 161 221 251 255 581 586 672 783 907 -1 -2 
419 515 642 866 900 901 930 966 990 995 -1 -2 
41 75 78 112 789 115 116 126 128 1000 -1 -2 
25 132 237 329 422 497 558 670 702 975 -1 -2 
65 232 246 302 332 422 825 852 867 983 -1 -2 
20 41 75 301 78 695 112 115 116 126 128 -2 
68 92 225 104 300 118 406 616 670 735 -1 -2 
41 75 78 499 112 746 115 116 126 128 -1 -2 
34 58 208 367 377 432 519 769 788 814 -1 -2 
156 338 386 531 536 673 703 717 746 781 -1 -2 
5 41 75 78 293 112 115 757 116 126 128 -2 
24 90 140 398 414 538 578 694 786 887 -1 -2 
68 91 92 365 104 540 118 696 829 994 -1 -2 
15 213 282 353 494 538 703 731 774 962 -1 -2 
11 41 75 199 78 372 112 115 116 126 128 -2 
21 66 95 201 547 572 602 665 888 894 -1 -2 
57 166 195 398 484 518 598 625 724 997 -1 -2 
102 138 144 270 341 511 594 625 716 738 -1 -2 
41 75 78 112 115 352 116 126 600 128 -1 -2 
48 104 143 282 283 326 372 407 486 982 -1 -2 
65 193 212 366 473 571 604 626 731 860 -1 -2 
96 41 195 75 348 78 112 115 116 126 128 -2 
41 75 222 78 376 112 554 115 116 126 128 -2 
109 168 310 430 581 610 620 726 826 873 -1 -2 
34 86 217 272 340 443 547 666 736 974 -1 -2 
37 41 296 75 78 570 112 115 116 126 128 -2 
131 41 75 408 78 608 112 115 116 126 128 -2 
203 287 428 548 614 639 658 743 809 866 -1 -2 
198 204 325 449 557 625 732 822 842 907 -1 -2 
85 113 253 119 302 500 520 527 717 825 -1 -2 
103 116 312 375 648 715 737 820 966 976 -1 -2 
94 41 75 78 304 112 115 116 883 126 128 -2 
13 38 181 316 529 569 637 827 929 930 -1 -2 
99 41 75 323 78 603 112 115 116 126 128 -2 
46 58 70 147 220 227 629 643 718 958 -1 -2 
10 100 110 329 397 464 662 765 826 926 -1 -2 
113 68 336 92 564 104 118 703 783 833 -1 -2 
122 218 336 364 588 594 667 822 874 914 -1 -2 
50 41 75 78 112 612 115 676 116 126 128 -2 
17 71 110 233 394 463 505 637 708 971 -1 -2 
113 119 114 242 587 667 744 817 850 853 -1 -2 
281 41 75 78 112 613 115 116 126 128 -1 -2 
230 113 374 119 602 613 694 722 794 890 -1 -2 
35 87 91 203 317 403 757 789 848 880 -1 -2 
113 119 298 343 395 408 538 753 770 872 -1 -2 
306 358 559 574 617 696 710 712 755 860 -1 -2 
41 75 78 521 112 736 115 791 116 126 128 -2 
113 119 126 313 346 379 447 517 778 856 -1 -2 
157 159 199 255 337 772 880 881 958 962 -1 -2 
127 129 137 170 236 394 531 558 705 908 -1 -2 
149 167 256 333 412 676 726 750 926 936 -1 -2 
35 41 225 75 78 621 112 115 116 126 128 -2 
24 68 227 92 104 118 867 877 949 955 -1 -2 
53 41 75 78 527 112 115 116 126 128 -1 -2 
41 75 311 78 584 112 759 115 116 126 128 -2 
41 272 75 78 602 112 624 115 116 126 128 -2 
239 412 473 609 733 747 808 870 916 951 -1 -2 
18 41 256 75 78 112 547 115 116 126 128 -2 
91 202 245 283 325 407 425 505 543 837 -1 -2 
41 301 319 350 387 424 495 531 611 768 -1 -2 
52 68 178 215 237 438 450 559 732 961 -1 -2 
41 437 75 472 78 530 112 115 116 126 128 -2 
41 350 75 78 516 112 115 887 116 126 128 -2 
66 139 261 427 507 731 896 898 934 998 -1 -2 
35 41 363 75 444 78 112 115 116 126 128 -2 
84 41 75 287 78 112 739 115 116 126 128 -2 
35 41 75 78 112 455 115 116 675 126 128 -2 
41 74 75 78 278 112 664 115 116 126 128 -2 
41 206 75 367 78 699 112 115 116 126 128 -2 
4 481 484 615 638 662 689 723 871 978 -1 -2 
4 119 250 360 373 398 526 735 863 891 -1 -2 
27 41 75 78 453 112 557 115 116 126 128 -2 
41 75 305 78 481 112 115 755 116 126 128 -2 
430 41 75 674 78 112 115 116 863 126 128 -2 
41 188 75 78 112 799 115 941 116 126 128 -2 
113 88 119 210 259 661 796 817 923 950 -1 -2 
7 55 59 172 226 313 536 564 878 893 -1 -2 
98 41 75 341 78 112 115 116 738 126 128 -2 
304 415 590 687 716 738 806 911 979 996 -1 -2 
113 33 119 191 544 554 593 662 891 960 -1 -2 
115 41 75 78 112 115 116 694 126 128 -1 -2 
60 237 268 427 584 595 602 619 711 744 -1 -2 
18 293 296 523 537 681 709 824 856 961 -1 -2 
2 41 75 78 112 115 116 126 588 128 -1 -2 
41 107 228 416 442 528 584 656 661 760 -1 -2 
203 113 376 119 451 468 735 930 960 1000 -1 -2 
128 41 75 78 112 115 743 116 126 128 -1 -2 
22 113 119 234 366 440 505 760 778 998 -1 -2 
63 41 75 78 112 115 116 126 806 128 -1 -2 
112 146 330 427 495 542 729 815 820 841 -1 -2 
300 464 568 660 687 842 858 967 987 997 -1 -2 
32 51 174 181 225 427 449 472 551 717 -1 -2 
15 113 117 119 324 538 584 673 712 904 -1 -2 
29 41 75 312 78 112 115 652 116 126 128 -2 
41 115 75 142 78 112 115 116 898 126 128 -2 
41 75 316 78 112 115 601 116 126 867 128 -2 
41 75 385 78 572 112 115 663 116 126 128 -2 
113 119 204 320 350 497 560 677 727 770 -1 -2 
68 41 92 150 104 310 118 627 891 903 -1 -2 
47 113 332 334 357 526 561 599 866 902 -1 -2 
37 113 119 256 328 352 611 616 627 780 -1 -2 
41 198 75 78 112 115 625 116 700 126 128 -2 
79 140 219 283 724 726 755 760 771 868 -1 -2 
75 113 142 119 485 556 562 635 725 779 -1 -2 
21 114 131 156 451 454 547 568 648 887 -1 -2 
41 341 75 646 78 789 112 115 116 126 128 -2 
41 143 75 78 112 115 621 116 126 866 128 -2 
41 75 78 112 115 526 116 645 126 860 128 -2 
51 41 100 75 78 112 395 115 116 126 128 -2 
20 316 354 408 421 466 484 510 870 963 -1 -2 
209 223 270 340 387 833 849 891 900 906 -1 -2 
6 56 99 256 290 390 462 817 894 987 -1 -2 
41 159 75 429 78 603 112 115 116 126 128 -2 
41 157 75 279 78 693 112 115 116 126 128 -2 
113 119 114 339 356 389 521 594 912 941 -1 -2 
39 95 222 226 254 357 748 849 896 993 -1 -2 
35 113 119 312 393 804 842 868 922 998 -1 -2 
116 41 212 75 78 437 112 115 116 126 128 -2 
190 315 420 483 490 511 553 726 810 901 -1 -2 
41 64 75 78 451 112 115 610 116 126 128 -2 
345 398 409 462 686 761 772 840 921 936 -1 -2 
27 41 185 75 78 321 112 115 116 126 128 -2 
186 343 664 681 737 790 811 865 866 950 -1 -2 
205 330 357 420 434 449 475 571 748 992 -1 -2 
62 86 281 378 398 584 697 776 833 884 -1 -2 
171 176 312 335 342 528 549 621 655 938 -1 -2 
72 327 407 475 571 612 649 742 796 891 -1 -2 
70 202 526 537 685 770 895 901 908 929 -1 -2 
28 41 75 257 78 523 112 115 116 126 128 -2 
113 119 271 388 478 490 510 616 722 806 -1 -2 
10 69 309 484 510 578 584 632 870 952 -1 -2 
68 92 104 118 623 647 753 761 854 952 -1 -2 
15 153 260 293 483 503 520 764 883 957 -1 -2 
41 13 75 78 112 640 115 856 116 126 128 -2 
41 121 75 405 78 662 112 115 116 126 128 -2 
36 70 95 206 325 366 447 550 709 882 -1 -2 
41 75 78 498 112 701 115 116 126 843 128 -2 
41 59 75 231 78 309 112 115 116 126 128 -2 
10 113 85 119 501 656 664 833 898 951 -1 -2 
116 41 75 78 112 479 115 116 126 128 -1 -2 
30 88 200 261 340 461 556 587 663 706 -1 -2 
100 243 258 443 547 706 748 768 782 893 -1 -2 
41 131 75 78 570 112 702 115 116 126 128 -2 
179 41 75 672 78 112 700 115 116 126 128 -2 
113 26 119 306 342 421 606 701 860 926 -1 -2 
54 41 75 78 112 115 116 665 126 128 -1 -2 
96 132 483 516 581 614 658 750 753 900 -1 -2 
197 218 448 508 517 608 694 727 746 988 -1 -2 
41 246 75 78 522 112 691 115 116 126 128 -2 
93 145 185 187 215 454 541 825 868 932 -1 -2 
56 41 231 75 78 112 115 116 547 126 128 -2 
62 41 75 78 390 112 651 115 116 126 128 -2 
23 126 156 197 253 278 691 769 852 853 -1 -2 
68 96 92 104 361 118 391 626 636 662 -1 -2 
41 75 207 78 112 115 116 797 126 128 -1 -2 
97 41 217 75 78 627 112 115 116 126 128 -2 
122 316 410 449 471 482 621 636 866 991 -1 -2 
94 41 395 75 713 78 112 115 116 126 128 -2 
68 92 573 104 118 705 776 849 927 942 -1 -2 
36 41 259 75 504 78 112 115 116 126 128 -2 
52 75 97 180 238 495 572 587 708 747 -1 -2 
49 41 208 75 490 78 112 115 116 126 128 -2 
67 113 253 119 682 709 720 816 888 904 -1 -2 
