42 45 116 68 428 120 126 128 771 898 -1 -2 
227 45 367 68 448 120 126 128 850 941 -1 -2 
45 119 68 120 147 126 128 237 725 820 -1 -2 
45 68 120 126 128 128 939 944 949 981 -1 -2 
45 397 68 120 126 744 128 773 904 906 -1 -2 
74 174 119 124 311 125 531 702 783 833 -1 -2 
42 126 260 302 336 368 538 581 650 831 -1 -2 
74 68 119 126 124 125 695 736 795 920 -1 -2 
74 119 119 124 494 125 658 836 910 954 -1 -2 
45 68 434 120 126 658 128 790 808 885 -1 -2 
178 74 281 119 504 124 125 787 805 977 -1 -2 
15 204 209 273 338 446 816 827 961 971 -1 -2 
45 68 120 126 437 128 505 693 981 993 -1 -2 
13 45 68 120 514 126 607 128 859 922 -1 -2 
39 45 162 68 120 126 476 128 965 988 -1 -2 
45 68 120 126 126 128 515 553 700 984 -1 -2 
74 45 124 68 120 317 126 128 579 975 -1 -2 
45 68 120 126 128 584 735 736 764 798 -1 -2 
202 534 564 591 614 733 798 805 889 928 -1 -2 
131 74 119 124 125 321 368 406 787 910 -1 -2 
74 119 119 125 124 125 431 449 657 826 -1 -2 
167 74 119 336 124 506 125 712 717 912 -1 -2 
42 42 46 116 127 518 526 562 820 832 -1 -2 
45 68 68 120 126 128 738 746 960 985 -1 -2 
192 74 429 119 124 657 125 792 953 978 -1 -2 
95 269 320 401 412 432 529 762 824 950 -1 -2 
45 68 120 126 128 545 690 718 906 934 -1 -2 
45 388 68 120 126 128 698 771 970 983 -1 -2 
3 45 153 68 253 120 126 128 769 918 -1 -2 
42 46 116 125 127 757 771 814 889 937 -1 -2 
45 158 68 228 120 126 538 128 865 956 -1 -2 
45 68 68 120 126 289 128 651 776 934 -1 -2 
107 173 183 481 548 719 737 780 807 909 -1 -2 
42 237 46 116 539 127 565 600 756 801 -1 -2 
45 68 120 126 128 758 872 912 956 989 -1 -2 
1 332 497 554 573 628 658 661 767 877 -1 -2 
45 68 120 120 126 655 128 829 861 979 -1 -2 
92 159 334 335 404 533 679 781 813 822 -1 -2 
55 316 566 574 618 641 688 852 866 883 -1 -2 
45 68 120 188 126 128 464 722 843 916 -1 -2 
96 104 341 400 436 446 556 603 785 835 -1 -2 
45 68 120 126 723 128 760 826 914 971 -1 -2 
171 198 296 497 580 587 602 614 716 930 -1 -2 
24 240 405 509 744 828 839 854 865 893 -1 -2 
42 46 142 116 776 127 877 888 902 999 -1 -2 
152 115 334 123 434 447 745 825 874 876 -1 -2 
59 42 46 116 127 447 475 689 866 950 -1 -2 
74 45 68 120 153 126 128 588 622 764 -1 -2 
2 269 280 314 407 573 697 715 889 929 -1 -2 
74 45 124 68 120 426 126 128 670 996 -1 -2 
45 68 68 126 120 126 553 128 654 862 -1 -2 
45 188 68 264 120 549 126 128 782 948 -1 -2 
115 45 68 120 252 126 128 453 496 850 -1 -2 
29 45 68 207 120 425 126 128 854 983 -1 -2 
51 45 263 68 439 120 126 128 880 954 -1 -2 
44 74 369 119 124 125 783 828 862 883 -1 -2 
45 93 68 136 120 126 128 767 858 871 -1 -2 
45 68 124 120 576 126 128 834 873 933 -1 -2 
74 45 124 68 755 120 126 128 858 968 -1 -2 
45 68 120 126 373 128 614 627 656 805 -1 -2 
45 68 120 464 126 532 128 663 807 936 -1 -2 
44 87 290 489 587 601 616 746 747 967 -1 -2 
66 92 146 308 458 616 649 823 835 904 -1 -2 
45 119 68 120 345 126 128 632 817 889 -1 -2 
45 42 46 126 116 383 127 665 776 897 -1 -2 
45 225 68 120 423 126 128 790 877 977 -1 -2 
45 67 68 251 120 470 126 128 904 985 -1 -2 
74 42 46 125 116 347 127 583 701 798 -1 -2 
45 42 120 46 116 427 127 849 967 980 -1 -2 
74 117 119 124 398 125 646 851 894 958 -1 -2 
121 45 68 244 120 545 126 128 946 993 -1 -2 
42 279 46 445 116 127 786 813 899 1000 -1 -2 
45 118 68 437 120 126 128 848 934 966 -1 -2 
11 45 68 120 445 126 574 128 823 992 -1 -2 
6 74 119 124 515 125 766 971 984 986 -1 -2 
45 119 68 125 120 126 641 128 848 965 -1 -2 
77 45 456 68 670 120 126 128 965 973 -1 -2 
45 119 68 120 126 128 673 776 811 947 -1 -2 
32 45 68 120 581 126 814 128 942 977 -1 -2 
42 46 541 116 814 127 874 928 938 1000 -1 -2 
45 119 68 120 126 274 128 353 665 893 -1 -2 
45 74 119 126 124 125 737 866 921 966 -1 -2 
10 45 68 195 120 126 128 681 847 955 -1 -2 
45 68 120 126 128 369 442 462 591 701 -1 -2 
66 131 276 285 395 828 877 909 964 977 -1 -2 
43 370 405 481 586 617 628 636 830 914 -1 -2 
45 68 120 127 126 291 128 414 570 835 -1 -2 
155 45 239 68 403 120 126 128 867 954 -1 -2 
81 386 447 491 507 567 596 644 731 944 -1 -2 
45 42 68 120 490 126 128 815 902 909 -1 -2 
108 74 340 119 124 125 777 821 900 977 -1 -2 
74 119 124 124 685 125 732 923 947 996 -1 -2 
179 45 68 120 594 126 128 689 855 909 -1 -2 
35 45 68 474 120 838 126 128 960 993 -1 -2 
30 45 68 188 120 126 128 400 579 975 -1 -2 
116 121 191 366 444 572 610 650 727 864 -1 -2 
45 45 120 68 128 120 126 128 639 998 -1 -2 
35 74 83 119 217 124 125 636 692 932 -1 -2 
45 112 68 277 120 460 126 128 864 897 -1 -2 
74 42 46 116 127 516 574 584 832 899 -1 -2 
45 68 313 120 126 423 128 639 761 993 -1 -2 
212 74 119 124 542 125 731 745 846 954 -1 -2 
45 57 68 120 494 126 574 128 872 988 -1 -2 
65 83 134 449 462 531 705 784 896 958 -1 -2 
74 45 68 125 120 126 128 569 579 1000 -1 -2 
20 131 258 419 501 550 557 677 687 835 -1 -2 
48 188 238 380 410 451 479 534 570 989 -1 -2 
42 463 46 688 116 127 739 797 849 991 -1 -2 
45 119 68 120 256 126 371 128 721 845 -1 -2 
42 123 46 514 116 127 677 845 862 900 -1 -2 
45 46 68 127 120 126 695 128 927 943 -1 -2 
74 119 124 125 125 349 353 682 799 989 -1 -2 
78 159 280 335 557 641 658 836 935 951 -1 -2 
42 46 116 127 273 361 728 771 861 942 -1 -2 
44 45 245 68 302 120 126 128 860 930 -1 -2 
42 123 46 412 116 127 534 591 645 963 -1 -2 
45 132 68 200 120 371 126 128 915 926 -1 -2 
77 45 319 68 120 679 126 128 775 938 -1 -2 
74 242 119 124 427 125 795 806 903 952 -1 -2 
89 303 489 538 634 730 823 901 918 945 -1 -2 
193 45 247 68 635 120 126 128 750 924 -1 -2 
50 42 262 46 116 127 405 421 621 741 -1 -2 
53 45 133 68 221 120 126 128 714 830 -1 -2 
104 45 68 120 126 657 128 693 957 986 -1 -2 
74 45 68 125 120 126 540 128 770 875 -1 -2 
129 413 460 462 634 791 804 855 954 986 -1 -2 
42 80 46 557 116 609 127 889 892 925 -1 -2 
130 162 220 394 470 584 640 659 681 925 -1 -2 
74 232 347 358 476 516 809 822 836 927 -1 -2 
3 42 46 116 463 127 668 745 855 978 -1 -2 
42 46 124 116 127 705 735 750 886 923 -1 -2 
115 123 283 390 422 533 626 674 716 814 -1 -2 
42 45 68 120 126 616 128 737 800 915 -1 -2 
45 45 68 120 128 126 128 853 857 878 -1 -2 
115 45 68 120 307 126 622 128 890 934 -1 -2 
74 119 119 124 587 125 777 852 893 958 -1 -2 
210 42 386 46 116 127 709 740 742 985 -1 -2 
45 68 272 120 126 480 128 846 916 984 -1 -2 
117 45 290 68 543 120 126 128 932 966 -1 -2 
75 45 457 68 120 126 781 128 860 984 -1 -2 
16 45 28 68 120 730 126 128 865 919 -1 -2 
185 45 68 120 749 126 128 828 891 932 -1 -2 
45 111 68 120 126 235 128 493 611 830 -1 -2 
45 68 120 429 126 577 128 670 706 859 -1 -2 
42 123 46 116 340 127 485 673 860 869 -1 -2 
79 45 197 68 479 120 126 128 773 983 -1 -2 
23 76 122 168 298 536 736 842 946 960 -1 -2 
54 45 148 68 120 126 128 533 892 916 -1 -2 
45 68 68 120 128 126 759 128 907 970 -1 -2 
74 42 46 116 127 784 818 861 946 980 -1 -2 
215 45 68 120 126 701 128 808 903 920 -1 -2 
74 74 119 124 125 513 619 675 838 852 -1 -2 
42 45 116 68 741 120 126 128 876 952 -1 -2 
106 395 401 416 523 537 641 685 708 985 -1 -2 
74 291 119 124 125 747 806 877 913 978 -1 -2 
45 74 120 119 128 124 125 792 877 942 -1 -2 
74 119 124 238 125 378 516 963 974 980 -1 -2 
21 74 100 119 124 124 125 850 853 879 -1 -2 
42 46 116 126 127 642 674 704 757 986 -1 -2 
45 68 309 120 126 128 703 855 907 990 -1 -2 
45 68 187 120 126 642 128 672 825 982 -1 -2 
74 76 119 124 493 125 715 747 818 968 -1 -2 
42 74 119 124 125 463 498 580 699 880 -1 -2 
51 59 143 201 218 292 469 491 835 983 -1 -2 
45 9 68 120 300 126 128 519 606 645 -1 -2 
142 42 491 46 116 739 127 871 886 999 -1 -2 
134 287 407 438 470 612 675 680 818 849 -1 -2 
42 46 116 127 605 823 838 904 977 1000 -1 -2 
45 68 120 120 128 126 128 630 753 977 -1 -2 
13 217 377 472 575 638 879 912 946 954 -1 -2 
45 46 68 120 126 128 755 810 954 969 -1 -2 
261 74 383 119 124 125 650 772 810 922 -1 -2 
45 68 115 120 129 126 308 128 644 871 -1 -2 
74 45 124 68 120 126 128 333 392 567 -1 -2 
45 45 68 120 128 126 128 673 811 920 -1 -2 
45 382 68 405 120 446 126 128 633 807 -1 -2 
42 46 120 116 128 127 344 645 742 886 -1 -2 
45 75 68 214 120 283 126 128 795 963 -1 -2 
42 74 119 124 773 125 855 911 934 973 -1 -2 
238 282 319 322 376 505 608 874 880 911 -1 -2 
74 119 285 124 125 441 470 851 875 947 -1 -2 
45 68 95 120 126 128 553 607 645 853 -1 -2 
74 119 124 125 403 504 535 871 911 919 -1 -2 
3 45 78 68 263 120 126 128 710 747 -1 -2 
74 119 119 124 125 627 710 717 856 863 -1 -2 
42 46 116 126 127 270 293 316 402 468 -1 -2 
180 42 46 488 116 127 652 693 918 972 -1 -2 
7 45 68 120 126 691 128 810 845 879 -1 -2 
74 45 68 120 326 126 427 128 758 866 -1 -2 
18 45 68 120 126 128 424 808 875 908 -1 -2 
110 45 310 68 446 120 126 128 751 963 -1 -2 
42 45 116 68 481 120 126 128 890 931 -1 -2 
45 68 68 126 120 126 486 128 925 943 -1 -2 
45 68 314 120 572 126 650 128 868 988 -1 -2 
45 68 235 120 126 128 504 656 951 996 -1 -2 
131 156 190 360 367 557 652 658 673 805 -1 -2 
127 45 465 68 120 126 128 898 967 988 -1 -2 
74 74 119 125 124 578 125 801 816 896 -1 -2 
42 46 116 127 661 809 892 919 923 928 -1 -2 
193 74 119 589 124 125 812 841 887 978 -1 -2 
160 264 297 335 353 408 451 774 926 991 -1 -2 
74 261 119 394 124 125 719 726 733 907 -1 -2 
74 237 119 361 124 687 125 708 752 936 -1 -2 
74 92 119 183 124 452 125 654 661 685 -1 -2 
35 45 93 68 120 225 126 128 969 998 -1 -2 
45 68 68 126 120 126 128 766 931 940 -1 -2 
45 68 120 422 126 128 659 765 928 955 -1 -2 
45 119 68 125 120 774 126 128 877 937 -1 -2 
74 428 119 124 676 125 818 828 858 895 -1 -2 
120 196 358 368 434 501 687 710 891 989 -1 -2 
45 89 68 291 120 585 126 128 756 861 -1 -2 
207 227 331 407 468 619 738 871 914 928 -1 -2 
209 323 376 493 509 633 714 762 807 920 -1 -2 
290 45 68 400 120 531 126 128 856 930 -1 -2 
45 135 68 254 120 126 128 729 942 948 -1 -2 
45 119 68 125 120 126 622 128 763 979 -1 -2 
74 119 124 125 128 599 641 711 712 772 -1 -2 
45 68 120 126 128 668 720 795 879 949 -1 -2 
282 400 576 629 674 736 745 772 893 918 -1 -2 
34 45 291 68 120 126 427 128 613 712 -1 -2 
54 74 273 119 124 125 683 720 881 900 -1 -2 
42 119 46 116 463 127 668 798 835 996 -1 -2 
158 42 46 380 116 127 800 808 831 886 -1 -2 
92 74 119 124 125 525 576 713 863 910 -1 -2 
29 45 68 120 314 126 473 128 683 760 -1 -2 
131 45 68 253 120 615 126 128 873 875 -1 -2 
71 218 257 378 386 618 689 690 719 975 -1 -2 
19 319 330 420 652 788 801 852 898 963 -1 -2 
74 367 119 124 502 125 616 694 906 981 -1 -2 
74 52 119 179 124 125 403 417 651 708 -1 -2 
45 179 68 666 120 738 126 128 877 912 -1 -2 
32 91 297 386 464 478 494 615 828 872 -1 -2 
45 68 120 126 128 128 669 747 818 840 -1 -2 
74 42 46 125 116 666 127 904 953 978 -1 -2 
237 45 68 508 120 126 128 667 870 914 -1 -2 
93 74 401 119 124 125 674 764 935 991 -1 -2 
74 248 119 124 485 125 810 864 918 960 -1 -2 
55 229 397 469 484 556 833 883 967 997 -1 -2 
74 459 119 655 124 125 722 740 805 949 -1 -2 
52 250 251 301 339 413 534 547 663 949 -1 -2 
26 216 232 257 411 499 679 754 913 940 -1 -2 
45 68 120 120 126 525 128 618 690 972 -1 -2 
45 371 68 120 451 126 128 606 726 933 -1 -2 
158 199 517 520 630 747 897 924 933 980 -1 -2 
42 46 46 116 322 127 710 727 905 996 -1 -2 
23 106 136 261 329 578 593 623 638 686 -1 -2 
185 223 395 486 497 554 576 656 715 833 -1 -2 
45 74 120 119 124 710 125 908 977 1000 -1 -2 
45 254 68 479 120 126 128 721 777 965 -1 -2 
69 42 110 46 116 127 626 697 811 883 -1 -2 
19 159 295 372 424 498 628 817 919 925 -1 -2 
74 42 124 46 161 116 127 649 791 942 -1 -2 
40 79 143 279 461 502 682 747 896 988 -1 -2 
39 45 68 120 126 437 128 571 592 643 -1 -2 
45 68 171 120 126 128 804 889 910 995 -1 -2 
13 45 137 68 120 126 128 491 919 987 -1 -2 
171 45 396 68 120 126 128 871 899 951 -1 -2 
74 333 119 124 125 603 680 785 799 816 -1 -2 
45 68 233 120 126 619 128 782 884 931 -1 -2 
51 174 225 271 382 401 452 685 869 934 -1 -2 
103 74 291 119 124 580 125 743 891 914 -1 -2 
90 136 259 280 289 439 514 781 844 967 -1 -2 
45 68 346 120 126 128 698 707 930 959 -1 -2 
109 159 252 280 296 303 524 557 722 848 -1 -2 
45 68 120 125 126 128 411 739 756 1000 -1 -2 
45 74 119 126 124 166 125 699 938 974 -1 -2 
162 45 250 68 333 120 126 128 937 974 -1 -2 
42 46 116 127 522 623 650 852 866 940 -1 -2 
19 41 47 297 401 527 564 599 648 762 -1 -2 
19 74 176 119 124 405 125 469 588 857 -1 -2 
33 74 119 124 125 381 658 929 940 980 -1 -2 
72 45 68 353 120 645 126 128 921 958 -1 -2 
45 361 68 459 120 480 126 128 706 838 -1 -2 
5 74 119 266 124 125 726 733 836 971 -1 -2 
74 119 124 119 125 462 471 671 727 940 -1 -2 
167 202 211 448 472 599 676 768 912 995 -1 -2 
45 101 68 304 120 483 126 128 749 841 -1 -2 
45 119 68 125 120 736 126 128 936 1000 -1 -2 
83 109 171 327 353 568 598 874 896 977 -1 -2 
74 94 119 307 124 618 125 807 938 953 -1 -2 
42 46 124 116 625 127 787 824 841 905 -1 -2 
184 286 287 395 435 552 585 646 773 810 -1 -2 
47 96 153 454 691 892 921 932 953 977 -1 -2 
247 42 588 46 649 116 127 912 934 998 -1 -2 
226 74 119 377 124 754 125 830 837 996 -1 -2 
45 68 124 120 126 128 338 381 622 845 -1 -2 
204 237 268 273 298 571 603 737 766 926 -1 -2 
74 119 307 124 125 609 825 860 935 940 -1 -2 
74 68 119 126 124 125 715 840 851 921 -1 -2 
251 45 311 68 120 349 126 128 773 983 -1 -2 
42 42 46 116 596 127 634 655 821 912 -1 -2 
74 119 119 124 125 515 571 625 661 979 -1 -2 
45 68 100 120 126 128 736 761 851 893 -1 -2 
351 45 68 579 120 126 779 128 836 943 -1 -2 
74 74 119 125 124 125 796 871 959 965 -1 -2 
45 68 120 125 126 537 128 568 735 999 -1 -2 
74 42 46 125 116 127 744 773 794 915 -1 -2 
45 68 120 126 128 622 679 703 867 910 -1 -2 
74 74 119 124 125 398 478 734 791 857 -1 -2 
45 68 120 127 126 497 128 769 782 906 -1 -2 
9 22 104 203 243 327 368 696 786 839 -1 -2 
54 45 128 68 271 120 126 128 744 926 -1 -2 
42 65 46 116 542 127 668 807 889 982 -1 -2 
45 199 68 120 126 128 679 907 910 921 -1 -2 
87 74 119 124 125 806 858 906 937 967 -1 -2 
42 119 46 116 494 127 648 666 748 884 -1 -2 
74 119 124 212 125 299 489 507 647 669 -1 -2 
42 115 123 325 364 603 675 764 806 975 -1 -2 
45 68 332 120 126 573 128 770 853 949 -1 -2 
42 46 124 116 127 608 750 754 845 861 -1 -2 
187 249 335 556 617 666 784 812 908 960 -1 -2 
11 46 138 209 237 528 712 740 887 900 -1 -2 
68 45 201 68 253 120 126 128 850 882 -1 -2 
74 119 119 124 522 125 845 855 872 945 -1 -2 
45 68 68 120 126 128 588 793 866 934 -1 -2 
74 119 124 125 553 675 687 796 865 895 -1 -2 
55 69 257 328 373 384 424 691 902 932 -1 -2 
29 42 162 46 336 116 127 888 984 992 -1 -2 
45 45 68 120 126 128 726 750 766 910 -1 -2 
3 26 82 368 431 478 494 553 616 846 -1 -2 
45 68 120 126 506 128 533 700 820 884 -1 -2 
45 68 120 126 126 128 563 755 895 966 -1 -2 
74 119 295 124 125 630 637 660 703 797 -1 -2 
74 107 119 124 125 448 501 772 951 998 -1 -2 
35 60 132 140 364 536 572 581 629 731 -1 -2 
42 46 116 270 127 444 543 713 766 996 -1 -2 
45 141 68 120 527 126 706 128 895 993 -1 -2 
45 42 120 46 116 127 690 790 868 885 -1 -2 
138 115 123 378 450 580 659 759 773 902 -1 -2 
10 45 153 68 215 120 126 128 735 806 -1 -2 
74 45 124 68 120 126 128 584 835 957 -1 -2 
45 68 71 120 126 687 128 856 863 927 -1 -2 
45 119 68 120 126 128 556 743 889 992 -1 -2 
257 346 553 645 669 780 818 887 918 936 -1 -2 
45 68 263 120 376 126 128 721 756 870 -1 -2 
125 326 345 470 512 594 699 867 902 977 -1 -2 
42 46 446 116 127 567 641 679 770 937 -1 -2 
74 119 221 124 125 581 586 672 783 907 -1 -2 
74 45 124 68 120 126 128 966 990 995 -1 -2 
42 406 46 116 789 127 864 955 970 1000 -1 -2 
25 74 119 124 422 125 558 670 702 975 -1 -2 
65 45 68 302 120 422 126 128 867 983 -1 -2 
45 68 120 120 128 126 746 128 932 941 -1 -2 
42 45 68 120 126 356 128 616 670 735 -1 -2 
39 223 460 499 699 746 758 834 907 1000 -1 -2 
45 68 120 126 377 128 519 769 788 814 -1 -2 
115 45 68 531 120 126 128 717 746 781 -1 -2 
5 26 75 223 293 408 694 757 968 977 -1 -2 
24 90 140 398 414 538 578 694 786 887 -1 -2 
45 45 68 120 128 126 128 696 829 994 -1 -2 
15 213 282 353 494 538 703 731 774 962 -1 -2 
45 68 63 120 203 126 128 717 850 960 -1 -2 
74 45 68 125 120 572 126 128 888 894 -1 -2 
74 45 124 68 120 126 598 128 724 997 -1 -2 
45 138 68 120 341 126 128 625 716 738 -1 -2 
45 36 68 120 126 128 457 559 600 851 -1 -2 
45 68 120 120 126 326 128 407 486 982 -1 -2 
45 68 212 120 473 126 128 626 731 860 -1 -2 
42 46 124 116 127 373 470 489 716 852 -1 -2 
45 119 68 125 120 126 554 128 666 903 -1 -2 
74 119 124 125 128 610 620 726 826 873 -1 -2 
45 68 120 126 340 128 547 666 736 974 -1 -2 
37 45 68 120 126 128 599 686 792 916 -1 -2 
42 174 46 116 127 608 734 830 838 999 -1 -2 
203 287 428 548 614 639 658 743 809 866 -1 -2 
198 204 325 449 557 625 732 822 842 907 -1 -2 
45 213 68 120 302 126 128 527 717 825 -1 -2 
74 45 68 125 120 126 128 820 966 976 -1 -2 
74 68 119 126 124 650 125 727 883 892 -1 -2 
45 68 181 120 529 126 128 827 929 930 -1 -2 
45 68 120 126 128 603 696 780 913 962 -1 -2 
45 58 68 120 126 128 629 643 718 958 -1 -2 
10 45 68 329 120 126 128 765 826 926 -1 -2 
113 45 68 399 120 126 692 128 783 833 -1 -2 
122 74 336 119 124 594 125 822 874 914 -1 -2 
74 59 119 214 124 612 125 676 745 783 -1 -2 
45 45 68 120 126 128 505 637 708 971 -1 -2 
40 45 68 242 120 667 126 128 850 853 -1 -2 
45 68 410 120 126 128 701 716 730 733 -1 -2 
74 42 124 46 116 613 127 722 794 890 -1 -2 
45 123 68 120 126 403 128 789 848 880 -1 -2 
1 74 298 119 395 124 125 753 770 872 -1 -2 
306 358 559 574 617 696 710 712 755 860 -1 -2 
45 46 68 120 126 128 760 791 820 997 -1 -2 
45 68 126 120 126 128 447 517 778 856 -1 -2 
157 45 68 120 126 772 128 881 958 962 -1 -2 
74 119 119 125 124 125 531 558 705 908 -1 -2 
45 45 68 120 128 126 128 750 926 936 -1 -2 
115 183 123 288 392 621 737 750 781 862 -1 -2 
24 45 227 68 120 126 867 128 949 955 -1 -2 
42 119 46 116 127 601 635 721 847 868 -1 -2 
73 42 46 116 584 127 759 862 945 982 -1 -2 
42 46 116 127 602 615 624 655 753 917 -1 -2 
45 68 120 609 126 747 128 870 916 951 -1 -2 
45 68 120 126 128 505 547 557 580 670 -1 -2 
45 45 68 120 128 126 425 128 543 837 -1 -2 
41 301 319 350 387 424 495 531 611 768 -1 -2 
52 68 178 215 237 438 450 559 732 961 -1 -2 
45 119 68 125 120 126 128 802 854 890 -1 -2 
45 119 68 120 516 126 128 887 978 990 -1 -2 
66 23 28 427 507 731 896 898 934 998 -1 -2 
35 338 363 404 444 448 526 643 648 980 -1 -2 
74 119 124 125 125 584 739 795 885 911 -1 -2 
35 39 58 424 431 455 524 584 675 919 -1 -2 
115 123 76 267 278 441 664 679 733 881 -1 -2 
74 46 119 124 468 125 715 851 949 966 -1 -2 
4 42 46 116 127 662 689 723 871 978 -1 -2 
74 119 124 360 125 398 526 735 863 891 -1 -2 
74 119 124 125 453 545 557 612 757 953 -1 -2 
56 183 305 412 481 491 659 755 758 837 -1 -2 
430 42 637 46 116 127 703 847 863 876 -1 -2 
113 42 376 46 681 116 127 941 945 977 -1 -2 
62 88 155 210 259 661 796 817 923 950 -1 -2 
42 46 124 116 226 127 536 564 878 893 -1 -2 
42 290 46 341 116 127 478 708 738 903 -1 -2 
42 415 46 116 127 738 806 911 979 996 -1 -2 
10 33 105 191 544 554 593 662 891 960 -1 -2 
115 196 216 301 466 530 673 694 729 940 -1 -2 
60 237 268 427 584 595 602 619 711 744 -1 -2 
74 293 119 523 124 681 125 824 856 961 -1 -2 
2 24 117 184 262 313 372 470 588 805 -1 -2 
41 107 228 416 442 528 584 656 661 760 -1 -2 
74 348 119 124 125 468 735 930 960 1000 -1 -2 
74 119 119 124 489 125 743 754 819 951 -1 -2 
42 46 116 116 127 440 505 760 778 998 -1 -2 
63 74 92 119 236 124 125 703 806 922 -1 -2 
112 146 330 427 495 542 729 815 820 841 -1 -2 
300 74 568 119 124 842 125 967 987 997 -1 -2 
32 51 174 181 225 427 449 472 551 717 -1 -2 
74 42 46 116 127 538 584 673 712 904 -1 -2 
29 135 164 312 573 592 611 652 778 873 -1 -2 
108 115 134 142 299 628 757 836 898 988 -1 -2 
74 42 124 46 467 116 127 602 842 867 -1 -2 
198 251 385 525 572 595 630 663 693 861 -1 -2 
91 156 204 320 350 497 560 677 727 770 -1 -2 
13 41 68 150 305 310 577 627 891 903 -1 -2 
47 113 332 334 357 526 561 599 866 902 -1 -2 
74 74 124 119 124 125 611 616 627 780 -1 -2 
94 198 348 394 450 569 625 654 700 884 -1 -2 
79 140 219 283 724 726 755 760 771 868 -1 -2 
75 74 119 355 124 125 562 635 725 779 -1 -2 
21 114 131 156 451 454 547 568 648 887 -1 -2 
69 74 119 124 665 125 912 914 935 936 -1 -2 
74 143 119 331 124 464 125 674 692 866 -1 -2 
42 55 46 210 116 526 127 645 820 860 -1 -2 
51 65 100 267 342 394 395 728 740 921 -1 -2 
20 316 354 408 421 466 484 510 870 963 -1 -2 
209 223 270 340 387 833 849 891 900 906 -1 -2 
42 46 124 116 290 127 462 817 894 987 -1 -2 
70 159 365 429 525 603 607 684 816 937 -1 -2 
42 42 46 116 560 127 793 823 888 971 -1 -2 
74 119 119 124 125 389 521 594 912 941 -1 -2 
42 46 116 127 254 357 748 849 896 993 -1 -2 
35 85 121 312 393 804 842 868 922 998 -1 -2 
74 119 212 124 125 437 438 483 718 907 -1 -2 
190 315 420 483 490 511 553 726 810 901 -1 -2 
42 46 116 125 127 492 534 610 845 893 -1 -2 
345 398 409 462 686 761 772 840 921 936 -1 -2 
115 163 123 219 221 321 400 489 870 975 -1 -2 
42 343 46 116 127 790 811 865 866 950 -1 -2 
205 330 357 420 434 449 475 571 748 992 -1 -2 
74 74 119 124 125 584 697 776 833 884 -1 -2 
171 74 119 124 342 125 549 621 655 938 -1 -2 
42 42 46 127 116 612 127 742 796 891 -1 -2 
70 202 526 537 685 770 895 901 908 929 -1 -2 
28 126 193 257 318 523 755 806 885 967 -1 -2 
106 233 271 388 478 490 510 616 722 806 -1 -2 
10 74 309 119 510 124 125 632 870 952 -1 -2 
74 119 255 124 125 647 753 761 854 952 -1 -2 
42 153 46 116 127 503 520 764 883 957 -1 -2 
11 13 169 209 221 640 747 856 958 985 -1 -2 
74 121 119 405 124 662 125 943 949 966 -1 -2 
42 46 116 206 127 366 447 550 709 882 -1 -2 
42 350 46 116 521 127 705 777 785 843 -1 -2 
47 74 172 119 289 124 125 504 806 844 -1 -2 
10 74 119 124 501 125 664 833 898 951 -1 -2 
116 142 308 330 477 479 647 668 670 859 -1 -2 
74 88 119 261 124 461 125 587 663 706 -1 -2 
100 243 258 443 547 706 748 768 782 893 -1 -2 
74 131 119 454 124 125 702 704 841 883 -1 -2 
179 367 471 672 674 679 700 731 935 981 -1 -2 
3 74 119 124 125 421 606 701 860 926 -1 -2 
54 62 331 361 376 444 601 665 752 936 -1 -2 
74 74 124 119 124 125 658 750 753 900 -1 -2 
197 218 448 508 517 608 694 727 746 988 -1 -2 
20 115 318 123 522 595 691 717 835 884 -1 -2 
74 119 185 124 125 454 541 825 868 932 -1 -2 
56 42 231 46 116 329 127 526 547 549 -1 -2 
62 74 119 362 124 449 125 669 675 822 -1 -2 
74 119 124 197 125 278 691 769 852 853 -1 -2 
74 119 184 124 125 379 391 626 636 662 -1 -2 
8 74 207 119 570 124 125 797 874 922 -1 -2 
97 191 217 323 396 627 661 777 885 928 -1 -2 
122 316 410 449 471 482 621 636 866 991 -1 -2 
94 168 395 429 713 733 808 822 847 848 -1 -2 
74 400 119 619 124 125 776 849 927 942 -1 -2 
36 74 259 119 504 124 125 736 807 969 -1 -2 
52 74 119 180 124 125 572 587 708 747 -1 -2 
49 152 208 410 490 657 732 809 819 852 -1 -2 
67 227 253 533 682 709 720 816 888 904 -1 -2 
