115 110 72 28 428 447 610 705 771 898 -1 -2 
115 110 72 28 448 670 750 846 850 941 -1 -2 
115 110 72 28 147 219 223 237 725 820 -1 -2 
61 14 319 743 763 923 939 944 949 981 -1 -2 
128 126 122 87 79 21 764 773 904 906 -1 -2 
128 126 122 87 79 21 531 702 783 833 -1 -2 
61 14 260 302 336 368 538 581 650 831 -1 -2 
115 110 72 28 538 594 695 736 795 920 -1 -2 
61 14 257 351 494 638 658 836 910 954 -1 -2 
115 110 72 28 631 658 675 790 808 885 -1 -2 
61 14 281 419 504 633 686 787 805 977 -1 -2 
61 14 209 273 338 446 816 827 961 971 -1 -2 
61 14 166 339 437 448 505 693 981 993 -1 -2 
61 14 177 365 514 597 607 725 859 922 -1 -2 
115 110 72 28 228 280 476 627 965 988 -1 -2 
61 14 127 234 296 354 515 553 700 984 -1 -2 
61 14 241 244 261 317 388 576 579 975 -1 -2 
61 14 376 429 439 584 735 736 764 798 -1 -2 
115 110 72 28 614 733 798 805 889 928 -1 -2 
115 110 72 28 276 321 368 406 787 910 -1 -2 
61 14 198 256 328 376 431 449 657 826 -1 -2 
115 110 72 28 349 506 657 712 717 912 -1 -2 
61 14 191 222 279 518 526 562 820 832 -1 -2 
115 110 72 28 310 673 738 746 960 985 -1 -2 
115 110 72 28 655 657 754 792 953 978 -1 -2 
115 110 72 28 412 432 529 762 824 950 -1 -2 
115 110 72 28 306 545 690 718 906 934 -1 -2 
61 14 556 640 674 680 698 771 970 983 -1 -2 
61 14 153 160 253 306 437 447 769 918 -1 -2 
115 110 72 28 655 757 771 814 889 937 -1 -2 
61 14 175 228 303 324 538 588 865 956 -1 -2 
61 14 134 178 240 289 311 651 776 934 -1 -2 
115 110 72 28 548 719 737 780 807 909 -1 -2 
61 14 241 284 539 553 565 600 756 801 -1 -2 
61 14 584 631 636 758 872 912 956 989 -1 -2 
128 126 122 87 79 21 658 661 767 877 -1 -2 
61 14 351 523 539 655 768 829 861 979 -1 -2 
115 110 72 28 404 533 679 781 813 822 -1 -2 
115 110 72 28 618 641 688 852 866 883 -1 -2 
61 14 85 188 308 382 464 722 843 916 -1 -2 
115 110 72 28 436 446 556 603 785 835 -1 -2 
61 14 439 570 723 752 760 826 914 971 -1 -2 
61 14 296 497 580 587 602 614 716 930 -1 -2 
61 14 405 509 744 828 839 854 865 893 -1 -2 
115 110 72 28 776 829 877 888 902 999 -1 -2 
61 14 334 387 434 447 745 825 874 876 -1 -2 
61 14 292 394 430 447 475 689 866 950 -1 -2 
115 110 72 28 153 361 367 588 622 764 -1 -2 
61 14 280 314 407 573 697 715 889 929 -1 -2 
115 110 72 28 289 426 514 583 670 996 -1 -2 
61 14 208 329 375 450 553 618 654 862 -1 -2 
61 14 197 264 425 549 623 731 782 948 -1 -2 
115 110 72 28 252 272 366 453 496 850 -1 -2 
115 110 72 28 417 425 543 804 854 983 -1 -2 
61 14 263 302 439 511 544 832 880 954 -1 -2 
61 14 369 479 595 767 783 828 862 883 -1 -2 
115 110 72 28 137 203 633 767 858 871 -1 -2 
61 14 435 536 576 578 588 834 873 933 -1 -2 
61 14 288 741 755 768 811 849 858 968 -1 -2 
61 14 175 331 373 385 614 627 656 805 -1 -2 
61 14 456 464 509 532 625 663 807 936 -1 -2 
115 110 72 28 587 601 616 746 747 967 -1 -2 
128 126 122 87 79 21 649 823 835 904 -1 -2 
115 110 72 28 345 380 436 632 817 889 -1 -2 
61 14 182 215 381 383 461 665 776 897 -1 -2 
61 14 317 383 423 439 753 790 877 977 -1 -2 
128 126 122 87 79 21 574 627 904 985 -1 -2 
115 110 72 28 300 347 574 583 701 798 -1 -2 
115 110 72 28 371 427 592 849 967 980 -1 -2 
115 110 72 28 398 399 646 851 894 958 -1 -2 
61 14 165 244 284 545 775 927 946 993 -1 -2 
61 14 398 445 476 483 786 813 899 1000 -1 -2 
61 14 347 437 454 658 767 848 934 966 -1 -2 
115 110 72 28 445 553 574 580 823 992 -1 -2 
61 14 290 337 515 658 766 971 984 986 -1 -2 
61 14 412 461 533 559 641 699 848 965 -1 -2 
61 14 456 613 670 725 958 960 965 973 -1 -2 
61 14 164 292 358 487 673 776 811 947 -1 -2 
61 14 100 491 581 654 814 854 942 977 -1 -2 
115 110 72 28 814 852 874 928 938 1000 -1 -2 
115 110 72 28 243 274 279 353 665 893 -1 -2 
115 110 72 28 460 681 737 866 921 966 -1 -2 
115 110 72 28 443 486 633 681 847 955 -1 -2 
61 14 73 206 346 369 442 462 591 701 -1 -2 
115 110 72 28 395 828 877 909 964 977 -1 -2 
61 14 405 481 586 617 628 636 830 914 -1 -2 
115 110 72 28 189 291 348 414 570 835 -1 -2 
61 14 239 355 403 426 491 499 867 954 -1 -2 
61 14 447 491 507 567 596 644 731 944 -1 -2 
61 14 393 397 490 593 696 815 902 909 -1 -2 
61 14 340 551 656 659 777 821 900 977 -1 -2 
61 14 420 426 685 696 732 923 947 996 -1 -2 
61 14 329 404 594 637 685 689 855 909 -1 -2 
61 14 444 474 652 838 856 863 960 993 -1 -2 
61 14 153 188 190 199 208 400 579 975 -1 -2 
61 14 191 366 444 572 610 650 727 864 -1 -2 
61 14 290 320 410 416 421 578 639 998 -1 -2 
61 14 83 129 217 311 540 636 692 932 -1 -2 
115 110 72 28 458 460 553 627 864 897 -1 -2 
61 14 103 315 344 516 574 584 832 899 -1 -2 
115 110 72 28 126 128 495 639 761 993 -1 -2 
115 110 72 28 542 652 731 745 846 954 -1 -2 
115 110 72 28 494 510 574 807 872 988 -1 -2 
115 110 72 28 126 128 705 784 896 958 -1 -2 
128 126 122 87 79 21 558 569 579 1000 -1 -2 
128 126 122 87 79 21 557 677 687 835 -1 -2 
115 110 72 28 410 451 479 534 570 989 -1 -2 
115 110 72 28 126 128 739 797 849 991 -1 -2 
115 110 72 28 256 337 371 391 721 845 -1 -2 
115 110 72 28 126 128 677 845 862 900 -1 -2 
115 110 72 28 531 616 695 846 927 943 -1 -2 
128 126 122 87 79 21 353 682 799 989 -1 -2 
115 110 72 28 557 641 658 836 935 951 -1 -2 
115 110 72 28 273 361 728 771 861 942 -1 -2 
115 110 72 28 302 324 566 708 860 930 -1 -2 
115 110 72 28 126 128 534 591 645 963 -1 -2 
115 110 72 28 287 371 535 885 915 926 -1 -2 
115 110 72 28 512 679 700 774 775 938 -1 -2 
115 110 72 28 126 128 795 806 903 952 -1 -2 
115 110 72 28 126 128 823 901 918 945 -1 -2 
115 110 72 28 635 700 702 729 750 924 -1 -2 
115 110 72 28 126 128 405 421 621 741 -1 -2 
115 110 72 28 221 267 338 710 714 830 -1 -2 
115 110 72 28 126 128 670 693 957 986 -1 -2 
115 110 72 28 388 449 540 707 770 875 -1 -2 
115 110 72 28 634 791 804 855 954 986 -1 -2 
115 110 72 28 596 609 864 889 892 925 -1 -2 
115 110 72 28 126 128 640 659 681 925 -1 -2 
115 110 72 28 476 516 809 822 836 927 -1 -2 
115 110 72 28 463 645 668 745 855 978 -1 -2 
115 110 72 28 126 128 735 750 886 923 -1 -2 
115 110 72 28 126 128 626 674 716 814 -1 -2 
115 110 72 28 126 128 626 737 800 915 -1 -2 
23 368 411 437 467 688 761 853 857 878 -1 -2 
115 110 72 28 126 128 622 889 890 934 -1 -2 
115 110 72 28 587 751 777 852 893 958 -1 -2 
115 110 72 28 580 702 709 740 742 985 -1 -2 
115 110 72 28 126 128 577 846 916 984 -1 -2 
128 126 122 87 79 21 677 825 932 966 -1 -2 
115 110 72 28 126 128 781 790 860 984 -1 -2 
128 126 122 87 79 21 739 850 865 919 -1 -2 
115 110 72 28 749 780 814 828 891 932 -1 -2 
115 110 72 28 126 128 431 493 611 830 -1 -2 
115 110 72 28 542 577 661 670 706 859 -1 -2 
128 126 122 87 79 21 485 673 860 869 -1 -2 
115 110 72 28 479 574 644 732 773 983 -1 -2 
128 126 122 87 79 21 736 842 946 960 -1 -2 
115 110 72 28 279 340 487 533 892 916 -1 -2 
115 110 72 28 247 398 759 891 907 970 -1 -2 
115 110 72 28 126 128 818 861 946 980 -1 -2 
115 110 72 28 126 128 705 808 903 920 -1 -2 
115 110 72 28 126 128 619 675 838 852 -1 -2 
115 110 72 28 741 765 792 816 876 952 -1 -2 
115 110 72 28 523 537 641 685 708 985 -1 -2 
115 110 72 28 126 128 806 877 913 978 -1 -2 
115 110 72 28 126 128 729 792 877 942 -1 -2 
115 110 72 28 345 378 516 963 974 980 -1 -2 
115 110 72 28 126 128 692 850 853 879 -1 -2 
127 120 112 107 126 128 674 704 757 986 -1 -2 
115 110 72 28 126 128 703 855 907 990 -1 -2 
115 110 72 28 276 642 666 672 825 982 -1 -2 
115 110 72 28 126 128 715 747 818 968 -1 -2 
115 110 72 28 126 128 498 580 699 880 -1 -2 
115 110 72 28 126 128 469 491 835 983 -1 -2 
115 110 72 28 126 128 436 519 606 645 -1 -2 
115 110 72 28 663 739 821 871 886 999 -1 -2 
115 110 72 28 470 612 675 680 818 849 -1 -2 
115 110 72 28 605 823 838 904 977 1000 -1 -2 
115 110 72 28 472 598 609 630 753 977 -1 -2 
115 110 72 28 575 638 879 912 946 954 -1 -2 
115 110 72 28 535 604 755 810 954 969 -1 -2 
115 110 72 28 126 128 650 772 810 922 -1 -2 
115 110 72 28 126 128 308 535 644 871 -1 -2 
115 110 72 28 145 183 315 333 392 567 -1 -2 
115 110 72 28 412 445 637 673 811 920 -1 -2 
115 110 72 28 409 446 515 610 633 807 -1 -2 
115 110 72 28 126 128 344 645 742 886 -1 -2 
115 110 72 28 114 283 725 735 795 963 -1 -2 
128 126 122 87 79 21 855 911 934 973 -1 -2 
128 126 122 87 79 21 608 874 880 911 -1 -2 
115 110 72 28 321 441 470 851 875 947 -1 -2 
115 110 72 28 137 352 553 607 645 853 -1 -2 
115 110 72 28 403 504 535 871 911 919 -1 -2 
115 110 72 28 263 404 526 566 710 747 -1 -2 
115 110 72 28 530 627 710 717 856 863 -1 -2 
128 126 122 87 79 21 293 316 402 468 -1 -2 
128 126 122 87 79 21 652 693 918 972 -1 -2 
115 110 72 28 286 691 789 810 845 879 -1 -2 
115 110 72 28 126 128 427 726 758 866 -1 -2 
115 110 72 28 126 128 424 808 875 908 -1 -2 
115 110 72 28 446 514 653 695 751 963 -1 -2 
115 110 72 28 126 128 556 665 890 931 -1 -2 
115 110 72 28 126 128 486 816 925 943 -1 -2 
115 110 72 28 572 609 650 716 868 988 -1 -2 
115 110 72 28 316 331 504 656 951 996 -1 -2 
115 110 72 28 367 557 652 658 673 805 -1 -2 
115 110 72 28 488 720 836 898 967 988 -1 -2 
115 110 72 28 126 128 740 801 816 896 -1 -2 
115 110 72 28 661 809 892 919 923 928 -1 -2 
115 110 72 28 126 128 812 841 887 978 -1 -2 
128 126 122 87 79 21 451 774 926 991 -1 -2 
128 126 122 87 79 21 719 726 733 907 -1 -2 
128 126 122 87 79 21 688 708 752 936 -1 -2 
128 126 122 87 79 21 499 654 661 685 -1 -2 
128 126 122 87 79 21 338 681 969 998 -1 -2 
128 126 122 87 79 21 760 766 931 940 -1 -2 
128 126 122 87 79 21 659 765 928 955 -1 -2 
128 126 122 87 79 21 810 868 877 937 -1 -2 
128 126 122 87 79 21 818 828 858 895 -1 -2 
128 126 122 87 79 21 687 710 891 989 -1 -2 
128 126 122 87 79 21 661 745 756 861 -1 -2 
128 126 122 87 79 21 738 871 914 928 -1 -2 
128 126 122 87 79 21 714 762 807 920 -1 -2 
128 126 122 87 79 21 676 807 856 930 -1 -2 
101 135 189 254 517 594 642 729 942 948 -1 -2 
128 126 122 87 79 21 622 673 763 979 -1 -2 
94 170 286 575 585 599 641 711 712 772 -1 -2 
127 120 112 107 541 668 720 795 879 949 -1 -2 
128 126 122 87 79 21 745 772 893 918 -1 -2 
128 126 122 87 79 21 427 488 613 712 -1 -2 
54 92 273 357 572 675 683 720 881 900 -1 -2 
128 126 122 87 79 21 668 798 835 996 -1 -2 
128 126 122 87 79 21 800 808 831 886 -1 -2 
128 126 122 87 79 21 576 713 863 910 -1 -2 
128 126 122 87 79 21 473 590 683 760 -1 -2 
128 126 122 87 79 21 767 788 873 875 -1 -2 
128 126 122 87 79 21 689 690 719 975 -1 -2 
128 126 122 87 79 21 801 852 898 963 -1 -2 
128 126 122 87 79 21 616 694 906 981 -1 -2 
128 126 122 87 79 21 403 417 651 708 -1 -2 
105 179 460 666 677 738 821 872 877 912 -1 -2 
32 91 297 386 464 478 494 615 828 872 -1 -2 
128 126 122 87 79 21 669 747 818 840 -1 -2 
128 126 122 87 79 21 791 904 953 978 -1 -2 
127 120 112 107 559 596 621 667 870 914 -1 -2 
128 126 122 87 79 21 674 764 935 991 -1 -2 
128 126 122 87 79 21 810 864 918 960 -1 -2 
128 126 122 87 79 21 833 883 967 997 -1 -2 
128 126 122 87 79 21 722 740 805 949 -1 -2 
128 126 122 87 79 21 534 547 663 949 -1 -2 
128 126 122 87 79 21 679 754 913 940 -1 -2 
128 126 122 87 79 21 611 618 690 972 -1 -2 
128 126 122 87 79 21 592 606 726 933 -1 -2 
127 120 112 107 630 747 897 924 933 980 -1 -2 
50 61 197 321 322 478 710 727 905 996 -1 -2 
128 126 122 87 79 21 593 623 638 686 -1 -2 
128 126 122 87 79 21 576 656 715 833 -1 -2 
128 126 122 87 79 21 870 908 977 1000 -1 -2 
128 126 122 87 79 21 718 721 777 965 -1 -2 
128 126 122 87 79 21 626 697 811 883 -1 -2 
128 126 122 87 79 21 628 817 919 925 -1 -2 
128 126 122 87 79 21 419 649 791 942 -1 -2 
40 79 143 279 461 502 682 747 896 988 -1 -2 
128 126 122 87 79 21 454 571 592 643 -1 -2 
128 126 122 87 79 21 804 889 910 995 -1 -2 
128 126 122 87 79 21 400 491 919 987 -1 -2 
128 126 122 87 79 21 779 871 899 951 -1 -2 
128 126 122 87 79 21 680 785 799 816 -1 -2 
128 126 122 87 79 21 713 782 884 931 -1 -2 
128 126 122 87 79 21 452 685 869 934 -1 -2 
128 126 122 87 79 21 612 743 891 914 -1 -2 
128 126 122 87 79 21 514 781 844 967 -1 -2 
128 126 122 87 79 21 698 707 930 959 -1 -2 
128 126 122 87 79 21 524 557 722 848 -1 -2 
128 126 122 87 79 21 411 739 756 1000 -1 -2 
17 67 100 120 133 166 544 699 938 974 -1 -2 
128 126 122 87 79 21 743 819 937 974 -1 -2 
128 126 122 87 79 21 650 852 866 940 -1 -2 
128 126 122 87 79 21 564 599 648 762 -1 -2 
19 34 176 198 328 405 420 469 588 857 -1 -2 
128 126 122 87 79 21 658 929 940 980 -1 -2 
105 120 142 353 572 645 738 883 921 958 -1 -2 
229 361 447 459 467 480 535 607 706 838 -1 -2 
5 97 256 266 296 382 726 733 836 971 -1 -2 
128 126 122 87 79 21 471 671 727 940 -1 -2 
128 126 122 87 79 21 676 768 912 995 -1 -2 
128 126 122 87 79 21 626 671 749 841 -1 -2 
128 126 122 87 79 21 751 878 936 1000 -1 -2 
128 126 122 87 79 21 598 874 896 977 -1 -2 
128 126 122 87 79 21 679 807 938 953 -1 -2 
128 126 122 87 79 21 787 824 841 905 -1 -2 
128 126 122 87 79 21 585 646 773 810 -1 -2 
128 126 122 87 79 21 921 932 953 977 -1 -2 
128 126 122 87 79 21 889 912 934 998 -1 -2 
226 260 329 377 420 754 785 830 837 996 -1 -2 
128 126 122 87 79 21 338 381 622 845 -1 -2 
128 126 122 87 79 21 603 737 766 926 -1 -2 
128 126 122 87 79 21 825 860 935 940 -1 -2 
128 126 122 87 79 21 715 840 851 921 -1 -2 
128 126 122 87 79 21 688 760 773 983 -1 -2 
128 126 122 87 79 21 634 655 821 912 -1 -2 
128 126 122 87 79 21 571 625 661 979 -1 -2 
127 120 112 107 685 730 736 761 851 893 -1 -2 
128 126 122 87 79 21 779 815 836 943 -1 -2 
128 126 122 87 79 21 796 871 959 965 -1 -2 
128 126 122 87 79 21 551 568 735 999 -1 -2 
62 92 195 550 579 581 744 773 794 915 -1 -2 
128 126 122 87 79 21 679 703 867 910 -1 -2 
128 126 122 87 79 21 478 734 791 857 -1 -2 
128 126 122 87 79 21 517 769 782 906 -1 -2 
127 120 112 107 243 327 368 696 786 839 -1 -2 
127 120 112 107 271 329 526 672 744 926 -1 -2 
125 65 76 179 542 580 668 807 889 982 -1 -2 
148 199 272 358 423 508 679 907 910 921 -1 -2 
87 105 342 457 704 806 858 906 937 967 -1 -2 
127 120 112 107 494 577 648 666 748 884 -1 -2 
70 94 201 212 219 299 489 507 647 669 -1 -2 
42 189 275 325 364 603 675 764 806 975 -1 -2 
86 224 332 416 419 573 678 770 853 949 -1 -2 
127 120 112 107 467 608 750 754 845 861 -1 -2 
127 120 112 107 617 666 784 812 908 960 -1 -2 
11 46 138 209 237 528 712 740 887 900 -1 -2 
68 179 201 251 253 375 668 809 850 882 -1 -2 
125 243 406 509 522 768 845 855 872 945 -1 -2 
127 120 112 107 388 527 588 793 866 934 -1 -2 
232 312 355 535 553 675 687 796 865 895 -1 -2 
55 69 257 328 373 384 424 691 902 932 -1 -2 
127 120 112 107 336 382 583 888 984 992 -1 -2 
50 136 211 487 537 687 726 750 766 910 -1 -2 
127 120 112 107 431 478 494 553 616 846 -1 -2 
7 123 140 230 506 513 533 700 820 884 -1 -2 
92 135 159 364 491 526 563 755 895 966 -1 -2 
134 143 295 314 459 630 637 660 703 797 -1 -2 
6 107 221 260 384 448 501 772 951 998 -1 -2 
127 120 112 107 364 536 572 581 629 731 -1 -2 
8 95 230 270 396 444 543 713 766 996 -1 -2 
125 141 237 381 527 661 706 712 895 993 -1 -2 
22 51 149 219 516 634 690 790 868 885 -1 -2 
125 231 364 378 450 580 659 759 773 902 -1 -2 
10 72 153 203 215 563 658 716 735 806 -1 -2 
134 180 323 488 496 512 519 584 835 957 -1 -2 
127 120 112 107 294 687 692 856 863 927 -1 -2 
127 120 112 107 326 482 556 743 889 992 -1 -2 
257 346 553 645 669 780 818 887 918 936 -1 -2 
127 120 112 107 376 607 640 721 756 870 -1 -2 
125 326 345 470 512 594 699 867 902 977 -1 -2 
127 120 112 107 558 567 641 679 770 937 -1 -2 
18 161 221 251 255 581 586 672 783 907 -1 -2 
125 112 120 127 900 901 930 966 990 995 -1 -2 
127 120 112 107 789 815 864 955 970 1000 -1 -2 
25 132 237 329 422 497 558 670 702 975 -1 -2 
65 232 246 302 332 422 825 852 867 983 -1 -2 
123 133 177 301 311 695 746 850 932 941 -1 -2 
78 146 225 251 300 356 406 616 670 735 -1 -2 
127 120 112 107 699 746 758 834 907 1000 -1 -2 
127 120 112 107 377 432 519 769 788 814 -1 -2 
127 120 112 107 536 673 703 717 746 781 -1 -2 
125 26 75 223 293 408 694 757 968 977 -1 -2 
105 90 140 398 414 538 578 694 786 887 -1 -2 
86 91 345 365 409 540 595 696 829 994 -1 -2 
15 213 282 353 494 538 703 731 774 962 -1 -2 
11 48 63 199 203 372 436 717 850 960 -1 -2 
21 66 95 201 547 572 602 665 888 894 -1 -2 
57 166 195 398 484 518 598 625 724 997 -1 -2 
102 138 144 270 341 511 594 625 716 738 -1 -2 
127 120 112 107 329 352 457 559 600 851 -1 -2 
127 120 112 107 283 326 372 407 486 982 -1 -2 
65 193 212 366 473 571 604 626 731 860 -1 -2 
127 120 112 107 348 373 470 489 716 852 -1 -2 
127 120 112 107 376 446 554 599 666 903 -1 -2 
109 168 310 430 581 610 620 726 826 873 -1 -2 
34 86 217 272 340 443 547 666 736 974 -1 -2 
37 285 296 474 476 570 599 686 792 916 -1 -2 
125 174 262 408 499 608 734 830 838 999 -1 -2 
203 287 428 548 614 639 658 743 809 866 -1 -2 
198 204 325 449 557 625 732 822 842 907 -1 -2 
85 213 253 255 302 500 520 527 717 825 -1 -2 
103 116 312 375 648 715 737 820 966 976 -1 -2 
94 200 219 255 304 650 703 727 883 892 -1 -2 
127 120 112 107 529 569 637 827 929 930 -1 -2 
127 120 112 107 488 603 696 780 913 962 -1 -2 
127 120 112 107 220 227 629 643 718 958 -1 -2 
10 100 110 329 397 464 662 765 826 926 -1 -2 
127 120 112 107 564 676 692 703 783 833 -1 -2 
122 218 336 364 588 594 667 822 874 914 -1 -2 
127 120 112 107 385 612 626 676 745 783 -1 -2 
17 71 110 233 394 463 505 637 708 971 -1 -2 
40 71 114 242 587 667 744 817 850 853 -1 -2 
127 120 112 107 598 613 701 716 730 733 -1 -2 
127 120 112 107 602 613 694 722 794 890 -1 -2 
127 120 112 107 317 403 757 789 848 880 -1 -2 
1 193 298 343 395 408 538 753 770 872 -1 -2 
306 358 559 574 617 696 710 712 755 860 -1 -2 
125 366 477 521 594 736 760 791 820 997 -1 -2 
89 104 126 313 346 379 447 517 778 856 -1 -2 
157 159 199 255 337 772 880 881 958 962 -1 -2 
127 120 112 107 236 394 531 558 705 908 -1 -2 
149 167 256 333 412 676 726 750 926 936 -1 -2 
35 183 225 288 392 621 737 750 781 862 -1 -2 
24 43 227 265 451 713 867 877 949 955 -1 -2 
53 74 432 453 527 601 635 721 847 868 -1 -2 
123 122 311 530 584 731 759 862 945 982 -1 -2 
180 272 273 444 602 615 624 655 753 917 -1 -2 
239 412 473 609 733 747 808 870 916 951 -1 -2 
18 151 256 397 447 505 547 557 580 670 -1 -2 
91 202 245 283 325 407 425 505 543 837 -1 -2 
41 301 319 350 387 424 495 531 611 768 -1 -2 
123 68 178 215 237 438 450 559 732 961 -1 -2 
227 437 448 472 519 530 623 802 854 890 -1 -2 
127 120 112 107 516 557 569 887 978 990 -1 -2 
66 139 261 427 507 731 896 898 934 998 -1 -2 
35 338 363 404 444 448 526 643 648 980 -1 -2 
84 131 206 287 460 584 739 795 885 911 -1 -2 
105 39 58 424 431 455 524 584 675 919 -1 -2 
105 74 76 267 278 441 664 679 733 881 -1 -2 
123 206 216 367 468 699 715 851 949 966 -1 -2 
4 481 484 615 638 662 689 723 871 978 -1 -2 
4 119 250 360 373 398 526 735 863 891 -1 -2 
27 245 253 377 453 545 557 612 757 953 -1 -2 
56 183 305 412 481 491 659 755 758 837 -1 -2 
430 540 637 674 676 693 703 847 863 876 -1 -2 
113 188 376 390 681 799 938 941 945 977 -1 -2 
125 88 155 210 259 661 796 817 923 950 -1 -2 
105 55 59 172 226 313 536 564 878 893 -1 -2 
125 290 306 341 365 398 478 708 738 903 -1 -2 
304 415 590 687 716 738 806 911 979 996 -1 -2 
125 33 105 191 544 554 593 662 891 960 -1 -2 
115 196 216 301 466 530 673 694 729 940 -1 -2 
125 237 268 427 584 595 602 619 711 744 -1 -2 
18 293 296 523 537 681 709 824 856 961 -1 -2 
2 24 117 184 262 313 372 470 588 805 -1 -2 
41 107 228 416 442 528 584 656 661 760 -1 -2 
203 348 376 410 451 468 735 930 960 1000 -1 -2 
128 213 313 434 489 602 743 754 819 951 -1 -2 
22 173 226 234 366 440 505 760 778 998 -1 -2 
63 80 92 228 236 581 613 703 806 922 -1 -2 
114 98 75 60 9 542 729 815 820 841 -1 -2 
300 464 568 660 687 842 858 967 987 997 -1 -2 
32 51 174 181 225 427 449 472 551 717 -1 -2 
15 36 117 273 324 538 584 673 712 904 -1 -2 
29 135 164 312 573 592 611 652 778 873 -1 -2 
108 115 134 142 299 628 757 836 898 988 -1 -2 
173 205 316 326 467 471 601 602 842 867 -1 -2 
83 74 385 525 572 595 630 663 693 861 -1 -2 
125 156 204 320 350 497 560 677 727 770 -1 -2 
13 41 68 150 305 310 577 627 891 903 -1 -2 
125 113 332 334 357 526 561 599 866 902 -1 -2 
37 62 85 256 328 352 611 616 627 780 -1 -2 
94 198 348 394 450 569 625 654 700 884 -1 -2 
79 140 219 283 724 726 755 760 771 868 -1 -2 
75 97 142 355 485 556 562 635 725 779 -1 -2 
21 114 131 156 451 454 547 568 648 887 -1 -2 
69 341 579 646 665 789 912 914 935 936 -1 -2 
105 143 167 331 405 464 621 674 692 866 -1 -2 
4 55 60 210 368 526 632 645 820 860 -1 -2 
51 65 100 267 342 394 395 728 740 921 -1 -2 
20 316 354 408 421 466 484 510 870 963 -1 -2 
209 223 270 340 387 833 849 891 900 906 -1 -2 
6 56 99 256 290 390 462 817 894 987 -1 -2 
70 159 365 429 525 603 607 684 816 937 -1 -2 
125 157 212 279 560 693 793 823 888 971 -1 -2 
18 91 114 339 356 389 521 594 912 941 -1 -2 
39 95 222 226 254 357 748 849 896 993 -1 -2 
35 85 121 312 393 804 842 868 922 998 -1 -2 
116 139 212 264 353 437 438 483 718 907 -1 -2 
190 315 420 483 490 511 553 726 810 901 -1 -2 
58 64 268 335 451 492 534 610 845 893 -1 -2 
345 398 409 462 686 761 772 840 921 936 -1 -2 
27 163 185 219 221 321 400 489 870 975 -1 -2 
186 343 664 681 737 790 811 865 866 950 -1 -2 
105 330 357 420 434 449 475 571 748 992 -1 -2 
62 86 281 378 398 584 697 776 833 884 -1 -2 
171 176 312 335 342 528 549 621 655 938 -1 -2 
72 327 407 475 571 612 649 742 796 891 -1 -2 
125 202 526 537 685 770 895 901 908 929 -1 -2 
105 126 193 257 318 523 755 806 885 967 -1 -2 
106 233 271 388 478 490 510 616 722 806 -1 -2 
10 69 309 484 510 578 584 632 870 952 -1 -2 
121 156 255 599 623 647 753 761 854 952 -1 -2 
15 153 260 293 483 503 520 764 883 957 -1 -2 
11 13 169 209 221 640 747 856 958 985 -1 -2 
75 121 343 405 606 662 835 943 949 966 -1 -2 
123 70 95 206 325 366 447 550 709 882 -1 -2 
40 350 456 498 521 701 705 777 785 843 -1 -2 
47 59 172 231 289 309 359 504 806 844 -1 -2 
10 18 85 158 501 656 664 833 898 951 -1 -2 
116 142 308 330 477 479 647 668 670 859 -1 -2 
30 88 200 261 340 461 556 587 663 706 -1 -2 
100 243 258 443 547 706 748 768 782 893 -1 -2 
85 131 387 454 570 695 702 704 841 883 -1 -2 
105 367 471 672 674 679 700 731 935 981 -1 -2 
3 26 170 306 342 421 606 701 860 926 -1 -2 
54 62 331 361 376 444 601 665 752 936 -1 -2 
96 132 483 516 581 614 658 750 753 900 -1 -2 
197 218 448 508 517 608 694 727 746 988 -1 -2 
20 246 318 398 522 595 691 717 835 884 -1 -2 
125 145 185 187 215 454 541 825 868 932 -1 -2 
56 127 231 255 285 329 339 526 547 549 -1 -2 
105 103 346 362 390 449 651 669 675 822 -1 -2 
23 126 156 197 253 278 691 769 852 853 -1 -2 
38 96 184 267 361 379 391 626 636 662 -1 -2 
125 203 207 313 570 695 750 797 874 922 -1 -2 
97 191 217 323 396 627 661 777 885 928 -1 -2 
122 316 410 449 471 482 621 636 866 991 -1 -2 
114 98 75 60 9 733 808 822 847 848 -1 -2 
105 400 573 619 650 705 776 849 927 942 -1 -2 
36 63 259 345 504 568 670 736 807 969 -1 -2 
52 75 97 180 238 495 572 587 708 747 -1 -2 
49 152 208 410 490 657 732 809 819 852 -1 -2 
105 227 253 533 682 709 720 816 888 904 -1 -2 
