80 80 107 106 116 107 110 116 127 128 -1 -2 
70 109 122 125 116 127 128 846 850 941 -1 -2 
80 106 106 107 110 116 127 237 128 820 -1 -2 
80 70 109 110 122 127 125 944 949 981 -1 -2 
70 106 109 122 125 127 128 773 904 906 -1 -2 
80 106 122 107 110 127 116 702 127 128 -1 -2 
70 109 122 125 116 127 128 581 650 831 -1 -2 
70 109 122 125 116 127 128 736 795 920 -1 -2 
80 106 107 107 110 116 127 836 128 954 -1 -2 
70 70 109 122 125 127 128 790 808 885 -1 -2 
80 2 107 79 116 127 128 787 805 977 -1 -2 
2 106 79 110 116 127 128 827 961 971 -1 -2 
80 2 79 110 116 127 128 693 981 993 -1 -2 
80 106 107 107 116 110 116 725 127 128 -1 -2 
80 80 106 110 107 110 116 127 128 988 -1 -2 
80 106 106 110 107 110 128 116 127 128 -1 -2 
70 80 106 125 107 110 128 116 127 128 -1 -2 
80 106 107 125 110 127 116 127 128 798 -1 -2 
80 70 109 122 116 125 128 805 889 928 -1 -2 
80 106 107 110 110 127 116 127 787 128 -1 -2 
80 106 107 110 110 116 128 127 128 826 -1 -2 
80 80 106 107 116 110 116 712 127 128 -1 -2 
80 70 107 109 116 122 125 562 820 832 -1 -2 
80 80 106 110 107 127 110 116 127 128 -1 -2 
80 80 107 106 107 127 110 116 127 128 -1 -2 
70 109 122 125 125 127 128 762 824 950 -1 -2 
80 80 106 107 110 116 127 718 128 934 -1 -2 
70 106 109 122 125 127 128 771 970 983 -1 -2 
80 2 79 110 116 127 128 447 769 918 -1 -2 
80 70 109 110 122 125 128 814 889 937 -1 -2 
80 70 107 109 122 127 125 588 865 956 -1 -2 
80 70 107 109 122 125 128 651 776 934 -1 -2 
80 106 106 107 116 110 128 116 127 128 -1 -2 
70 109 122 125 116 127 128 600 756 801 -1 -2 
80 106 107 110 116 116 128 127 128 989 -1 -2 
80 79 106 110 107 127 110 116 127 128 -1 -2 
70 80 122 106 116 107 110 116 127 128 -1 -2 
80 106 107 107 110 127 116 127 813 128 -1 -2 
80 80 107 106 116 107 110 116 127 128 -1 -2 
80 80 106 110 107 127 110 116 127 128 -1 -2 
70 80 106 107 110 116 128 127 128 835 -1 -2 
70 70 109 122 116 125 128 826 914 971 -1 -2 
80 106 107 110 116 116 127 614 128 930 -1 -2 
80 106 107 110 110 116 128 127 128 893 -1 -2 
70 109 122 125 125 127 128 888 902 999 -1 -2 
80 106 107 107 110 127 116 127 874 128 -1 -2 
80 80 106 110 107 110 128 116 127 128 -1 -2 
80 106 106 107 110 116 128 127 622 128 -1 -2 
80 80 106 107 110 127 116 715 127 128 -1 -2 
80 80 106 107 116 110 116 127 128 996 -1 -2 
70 106 109 110 122 127 125 618 654 862 -1 -2 
80 106 106 110 107 127 110 116 127 128 -1 -2 
2 70 124 109 116 122 125 453 496 850 -1 -2 
80 70 107 109 122 127 125 804 854 983 -1 -2 
80 80 106 107 116 110 116 832 127 128 -1 -2 
70 106 109 110 122 125 128 828 862 883 -1 -2 
80 80 106 110 107 127 110 116 127 128 -1 -2 
2 79 107 110 116 127 128 834 873 933 -1 -2 
80 109 106 107 116 110 116 849 127 128 -1 -2 
70 106 109 122 125 127 128 627 656 805 -1 -2 
80 80 106 110 107 127 110 116 127 128 -1 -2 
70 80 122 106 107 127 110 116 127 128 -1 -2 
80 106 107 125 110 116 127 823 128 904 -1 -2 
70 70 122 109 122 125 128 632 817 889 -1 -2 
2 109 79 125 116 127 128 665 776 897 -1 -2 
70 109 122 125 116 127 128 790 877 977 -1 -2 
70 70 122 109 116 122 125 627 904 985 -1 -2 
80 80 107 106 116 107 110 116 127 128 -1 -2 
70 70 122 109 116 122 125 849 967 980 -1 -2 
104 115 124 110 116 127 128 851 894 958 -1 -2 
80 80 107 106 116 107 110 116 127 128 -1 -2 
104 106 115 124 116 127 128 813 899 1000 -1 -2 
80 106 107 125 110 116 127 848 128 966 -1 -2 
80 70 107 109 122 127 125 580 823 992 -1 -2 
80 106 107 110 116 127 128 971 984 986 -1 -2 
70 70 122 109 122 125 128 699 848 965 -1 -2 
70 2 122 79 116 127 128 960 965 973 -1 -2 
80 106 106 107 116 110 128 116 127 128 -1 -2 
80 2 107 79 116 127 128 854 942 977 -1 -2 
80 80 106 110 107 127 110 116 127 128 -1 -2 
80 80 106 107 116 110 116 353 127 128 -1 -2 
80 70 109 122 116 125 128 866 921 966 -1 -2 
80 109 106 107 110 116 128 127 847 128 -1 -2 
80 2 107 79 116 127 128 462 591 701 -1 -2 
70 79 109 110 122 125 128 909 964 977 -1 -2 
80 106 107 107 116 110 116 127 830 128 -1 -2 
2 109 79 125 116 127 128 414 570 835 -1 -2 
80 106 106 107 110 116 127 499 128 954 -1 -2 
80 115 106 110 107 127 110 116 127 128 -1 -2 
70 109 122 125 116 127 128 815 902 909 -1 -2 
70 70 122 109 116 122 125 821 900 977 -1 -2 
70 80 122 106 116 107 110 116 127 128 -1 -2 
80 79 106 110 107 110 128 116 127 128 -1 -2 
70 109 122 125 125 127 128 863 960 993 -1 -2 
80 106 107 110 116 116 128 127 579 128 -1 -2 
70 109 109 125 122 127 125 650 727 864 -1 -2 
80 80 106 107 116 110 128 116 127 128 -1 -2 
80 80 106 107 110 116 127 636 128 932 -1 -2 
70 106 109 122 116 125 128 627 864 897 -1 -2 
80 80 106 107 116 110 116 127 832 128 -1 -2 
70 70 122 109 116 122 125 639 761 993 -1 -2 
70 106 109 110 122 125 128 745 846 954 -1 -2 
70 109 109 122 116 125 128 807 872 988 -1 -2 
2 70 109 110 122 125 128 784 896 958 -1 -2 
80 80 107 106 116 107 110 116 127 128 -1 -2 
80 80 106 110 107 110 128 116 127 128 -1 -2 
70 109 122 110 125 127 128 534 570 989 -1 -2 
80 106 106 110 107 127 110 116 127 128 -1 -2 
70 80 106 125 107 127 110 116 127 128 -1 -2 
80 106 124 107 116 110 128 116 127 128 -1 -2 
70 109 122 122 125 127 128 846 927 943 -1 -2 
80 80 106 107 110 127 116 127 128 989 -1 -2 
80 106 106 107 116 110 116 127 935 128 -1 -2 
70 109 122 110 125 127 128 771 861 942 -1 -2 
70 106 109 110 122 125 128 708 860 930 -1 -2 
80 80 106 110 107 110 116 591 127 128 -1 -2 
80 70 109 110 122 125 128 885 915 926 -1 -2 
80 109 106 125 107 127 110 116 127 128 -1 -2 
80 109 106 125 107 110 116 806 127 128 -1 -2 
80 106 107 107 110 127 116 901 127 128 -1 -2 
80 106 107 107 110 127 116 127 750 128 -1 -2 
70 109 107 122 116 125 128 421 621 741 -1 -2 
80 80 107 106 116 107 110 116 127 128 -1 -2 
80 80 106 107 110 116 127 693 128 986 -1 -2 
70 106 109 110 122 127 125 707 770 875 -1 -2 
80 2 107 79 116 127 128 855 954 986 -1 -2 
70 70 122 109 122 127 125 889 892 925 -1 -2 
80 106 106 107 116 110 128 116 127 128 -1 -2 
70 80 122 106 107 110 128 116 127 128 -1 -2 
80 80 107 106 107 110 116 745 127 128 -1 -2 
80 106 106 110 107 127 110 116 127 128 -1 -2 
70 2 122 79 116 127 128 674 716 814 -1 -2 
80 106 106 110 107 110 116 127 128 915 -1 -2 
2 109 79 125 116 127 128 853 857 878 -1 -2 
80 70 107 109 116 122 125 889 890 934 -1 -2 
80 106 106 107 116 110 128 116 127 128 -1 -2 
80 70 109 122 125 127 128 740 742 985 -1 -2 
80 106 106 110 107 127 110 116 127 128 -1 -2 
70 80 106 107 110 127 116 127 128 966 -1 -2 
80 106 122 107 110 127 116 790 127 128 -1 -2 
2 79 107 110 116 127 128 850 865 919 -1 -2 
80 106 107 110 110 116 128 127 891 128 -1 -2 
70 70 122 109 122 127 125 493 611 830 -1 -2 
2 70 107 109 122 125 128 670 706 859 -1 -2 
80 106 107 110 116 127 128 673 860 869 -1 -2 
80 106 107 107 110 116 128 127 128 983 -1 -2 
80 106 107 110 116 127 128 842 946 960 -1 -2 
70 109 109 125 122 127 125 533 892 916 -1 -2 
2 106 79 110 116 127 128 891 907 970 -1 -2 
70 106 109 110 122 127 125 861 946 980 -1 -2 
80 106 122 107 116 110 116 808 127 128 -1 -2 
70 106 109 110 122 125 128 675 838 852 -1 -2 
70 70 122 109 122 125 128 816 876 952 -1 -2 
80 80 107 106 116 107 110 116 127 128 -1 -2 
80 80 106 107 116 110 116 877 127 128 -1 -2 
80 70 107 109 116 122 125 792 877 942 -1 -2 
70 106 109 122 116 125 128 963 974 980 -1 -2 
80 2 107 79 116 127 128 850 853 879 -1 -2 
104 80 124 106 107 127 110 116 127 128 -1 -2 
80 80 106 110 107 127 110 116 127 128 -1 -2 
70 80 122 106 116 107 110 116 127 128 -1 -2 
80 106 107 110 116 127 128 747 818 968 -1 -2 
80 80 106 107 116 110 116 580 127 128 -1 -2 
80 80 107 106 116 107 110 116 127 128 -1 -2 
80 106 107 107 116 110 116 519 127 128 -1 -2 
70 80 106 107 110 116 127 128 886 999 -1 -2 
80 106 106 110 107 127 110 116 127 128 -1 -2 
70 106 109 122 125 127 128 904 977 1000 -1 -2 
80 106 107 110 116 116 127 128 753 977 -1 -2 
80 106 106 107 116 110 116 912 127 128 -1 -2 
80 70 107 109 122 125 128 810 954 969 -1 -2 
70 109 107 122 116 125 128 772 810 922 -1 -2 
80 70 109 110 122 127 125 535 644 871 -1 -2 
80 80 106 110 107 127 110 116 127 128 -1 -2 
80 80 106 107 116 110 128 116 127 128 -1 -2 
70 109 109 125 122 125 128 610 633 807 -1 -2 
80 106 107 110 110 127 116 645 127 128 -1 -2 
80 80 106 107 110 127 116 735 127 128 -1 -2 
70 106 109 110 122 127 125 911 934 973 -1 -2 
70 80 122 106 107 110 128 116 127 128 -1 -2 
80 80 107 106 107 127 110 116 127 128 -1 -2 
80 109 106 125 107 110 128 116 127 128 -1 -2 
80 80 107 106 107 110 116 127 911 128 -1 -2 
80 106 106 110 107 110 116 127 710 128 -1 -2 
70 106 109 110 122 127 125 717 856 863 -1 -2 
70 109 122 125 125 127 128 316 402 468 -1 -2 
80 70 109 122 125 127 128 693 918 972 -1 -2 
70 109 122 125 116 127 128 810 845 879 -1 -2 
80 80 107 106 116 107 110 116 127 128 -1 -2 
80 80 106 110 107 110 128 116 127 128 -1 -2 
80 80 106 110 107 127 110 116 127 128 -1 -2 
80 70 107 109 116 122 125 665 890 931 -1 -2 
80 2 107 79 116 127 128 816 925 943 -1 -2 
80 109 106 125 107 110 128 116 127 128 -1 -2 
104 115 107 124 116 127 128 656 951 996 -1 -2 
80 70 107 109 122 127 125 658 673 805 -1 -2 
80 70 107 109 116 122 125 898 967 988 -1 -2 
2 79 107 110 116 127 128 801 816 896 -1 -2 
80 80 106 107 116 110 116 919 127 128 -1 -2 
80 109 106 125 107 110 116 841 127 128 -1 -2 
70 106 109 122 116 125 128 774 926 991 -1 -2 
70 109 122 110 125 127 128 726 733 907 -1 -2 
70 106 109 122 125 127 128 708 752 936 -1 -2 
80 80 107 106 116 107 110 116 127 128 -1 -2 
80 106 107 107 110 127 116 127 969 128 -1 -2 
2 79 107 110 116 127 128 766 931 940 -1 -2 
70 106 109 122 125 127 128 765 928 955 -1 -2 
70 80 106 107 116 110 116 868 127 128 -1 -2 
70 109 122 125 116 127 128 828 858 895 -1 -2 
80 70 107 109 116 122 125 710 891 989 -1 -2 
80 106 106 107 116 110 116 745 127 128 -1 -2 
70 109 122 125 125 127 128 871 914 928 -1 -2 
80 104 115 110 124 127 128 762 807 920 -1 -2 
80 109 106 107 116 110 116 807 127 128 -1 -2 
70 109 122 110 125 127 128 729 942 948 -1 -2 
70 109 122 125 125 127 128 673 763 979 -1 -2 
80 80 106 107 116 110 128 116 127 128 -1 -2 
80 80 106 107 110 116 128 127 128 949 -1 -2 
70 106 109 122 125 127 128 772 893 918 -1 -2 
80 106 107 110 335 116 427 127 128 712 -1 -2 
80 70 107 109 116 122 125 720 881 900 -1 -2 
2 109 79 125 116 127 128 798 835 996 -1 -2 
70 106 109 110 122 127 125 808 831 886 -1 -2 
70 109 122 125 116 127 128 713 863 910 -1 -2 
80 106 107 110 110 127 116 127 683 128 -1 -2 
80 70 109 110 122 125 128 788 873 875 -1 -2 
104 106 115 124 116 127 128 690 719 975 -1 -2 
80 2 107 79 116 127 128 852 898 963 -1 -2 
70 70 122 109 116 122 125 694 906 981 -1 -2 
80 80 106 110 107 110 116 127 651 128 -1 -2 
80 106 107 107 116 110 116 127 877 128 -1 -2 
80 80 107 106 116 107 110 116 127 128 -1 -2 
80 106 106 107 116 110 116 747 127 128 -1 -2 
80 80 106 107 110 116 127 128 953 978 -1 -2 
80 106 107 107 116 110 128 116 127 128 -1 -2 
70 70 109 125 122 125 128 764 935 991 -1 -2 
70 80 122 106 116 107 110 116 127 128 -1 -2 
2 79 122 125 116 127 128 883 967 997 -1 -2 
80 80 107 106 116 107 110 116 127 128 -1 -2 
70 109 124 122 116 125 128 547 663 949 -1 -2 
80 106 106 107 110 127 116 127 128 940 -1 -2 
80 106 107 107 110 116 128 127 690 128 -1 -2 
80 106 106 110 107 127 110 116 127 128 -1 -2 
80 104 107 115 116 124 128 924 933 980 -1 -2 
70 70 109 125 122 125 128 727 905 996 -1 -2 
2 80 107 106 107 127 110 116 127 128 -1 -2 
80 106 122 107 116 110 128 116 127 128 -1 -2 
80 106 106 107 116 110 128 116 127 128 -1 -2 
70 80 122 106 107 127 110 116 127 128 -1 -2 
70 106 109 110 122 127 125 697 811 883 -1 -2 
80 106 107 107 116 110 116 127 919 128 -1 -2 
70 2 79 125 116 127 128 649 791 942 -1 -2 
70 109 122 122 116 125 128 747 896 988 -1 -2 
70 109 109 125 122 125 128 571 592 643 -1 -2 
2 79 107 110 116 127 128 889 910 995 -1 -2 
80 106 107 107 116 110 116 127 919 128 -1 -2 
70 106 109 122 125 127 128 871 899 951 -1 -2 
80 80 106 110 107 127 110 116 127 128 -1 -2 
80 80 107 106 107 127 110 116 127 128 -1 -2 
80 106 106 110 107 127 110 116 127 128 -1 -2 
80 70 109 122 125 127 128 743 891 914 -1 -2 
80 70 109 110 122 125 128 781 844 967 -1 -2 
70 109 107 122 116 125 128 707 930 959 -1 -2 
70 109 122 125 116 127 128 557 722 848 -1 -2 
80 80 107 106 116 107 110 116 127 128 -1 -2 
80 80 106 110 107 110 128 116 127 128 -1 -2 
80 106 107 110 116 127 128 819 937 974 -1 -2 
80 70 107 109 122 125 128 852 866 940 -1 -2 
80 80 107 106 107 127 110 116 127 128 -1 -2 
80 80 106 110 107 110 128 116 127 128 -1 -2 
70 109 122 125 116 127 128 929 940 980 -1 -2 
80 106 106 110 107 110 128 116 127 128 -1 -2 
70 80 106 107 110 127 116 127 706 128 -1 -2 
80 106 106 107 110 116 128 127 128 971 -1 -2 
104 80 106 107 116 110 128 116 127 128 -1 -2 
80 106 107 107 116 110 116 127 912 128 -1 -2 
70 80 106 125 107 127 110 116 127 128 -1 -2 
70 106 109 122 116 125 128 878 936 1000 -1 -2 
80 2 79 110 116 127 128 874 896 977 -1 -2 
80 104 107 115 116 124 128 807 938 953 -1 -2 
2 109 79 125 625 705 787 824 841 905 -1 -2 
70 80 106 125 107 127 110 116 127 128 -1 -2 
70 80 122 106 107 110 128 116 127 128 -1 -2 
70 109 107 122 116 125 128 912 934 998 -1 -2 
80 106 106 107 110 127 116 127 837 128 -1 -2 
80 70 109 122 116 125 128 381 622 845 -1 -2 
80 80 106 107 116 110 116 737 127 128 -1 -2 
80 106 107 107 110 116 127 128 935 940 -1 -2 
80 106 106 107 110 127 116 840 127 128 -1 -2 
70 70 109 122 125 127 128 760 773 983 -1 -2 
80 70 109 122 125 127 128 655 821 912 -1 -2 
80 70 107 109 116 122 125 625 661 979 -1 -2 
80 80 106 107 110 116 128 127 128 893 -1 -2 
80 70 107 109 122 125 128 815 836 943 -1 -2 
70 106 109 110 122 127 125 871 959 965 -1 -2 
80 80 106 110 107 127 110 116 127 128 -1 -2 
80 109 106 107 110 127 116 127 128 915 -1 -2 
80 106 107 110 116 116 128 127 128 910 -1 -2 
80 106 107 110 110 127 116 734 127 128 -1 -2 
80 106 106 110 107 127 110 116 127 128 -1 -2 
80 106 106 107 116 110 116 127 128 839 -1 -2 
70 109 122 110 125 127 128 672 744 926 -1 -2 
80 106 107 110 116 127 128 128 889 982 -1 -2 
80 2 79 110 116 127 128 907 910 921 -1 -2 
80 80 106 110 107 127 110 116 127 128 -1 -2 
70 109 122 110 125 127 128 666 748 884 -1 -2 
80 106 107 125 110 127 116 127 647 128 -1 -2 
80 70 109 110 122 127 125 764 806 975 -1 -2 
70 106 109 122 116 125 128 770 853 949 -1 -2 
2 70 109 122 116 125 128 754 845 861 -1 -2 
70 80 122 106 116 107 110 116 127 128 -1 -2 
70 109 122 125 116 127 128 740 887 900 -1 -2 
70 109 107 122 125 127 128 809 850 882 -1 -2 
70 106 109 122 125 127 128 855 872 945 -1 -2 
70 109 107 122 116 125 128 793 866 934 -1 -2 
80 106 107 110 110 116 127 796 128 895 -1 -2 
80 106 122 107 116 110 116 691 127 128 -1 -2 
80 106 122 107 116 110 128 116 127 128 -1 -2 
80 106 106 107 116 110 116 127 766 128 -1 -2 
80 80 106 110 107 127 110 116 127 128 -1 -2 
70 80 122 106 107 110 128 116 127 128 -1 -2 
80 70 109 110 122 127 125 755 895 966 -1 -2 
80 70 109 110 122 125 128 660 703 797 -1 -2 
80 106 107 110 110 116 127 128 951 998 -1 -2 
80 2 107 79 116 127 128 581 629 731 -1 -2 
80 70 109 122 116 125 128 713 766 996 -1 -2 
80 80 107 106 116 107 110 116 127 128 -1 -2 
80 80 106 107 116 110 116 790 127 128 -1 -2 
80 109 106 125 107 110 116 127 773 128 -1 -2 
2 106 79 110 116 127 128 716 735 806 -1 -2 
80 70 109 122 125 127 128 584 835 957 -1 -2 
70 109 122 125 116 127 128 856 863 927 -1 -2 
80 106 107 110 116 127 127 128 889 992 -1 -2 
80 106 106 107 110 127 116 887 127 128 -1 -2 
80 79 106 107 116 110 116 721 127 128 -1 -2 
80 80 107 106 107 110 116 867 127 128 -1 -2 
80 106 107 107 110 116 127 679 128 937 -1 -2 
2 106 79 110 116 127 128 672 783 907 -1 -2 
70 70 109 122 116 125 128 966 990 995 -1 -2 
2 79 107 110 116 127 128 955 970 1000 -1 -2 
70 109 122 125 125 127 128 670 702 975 -1 -2 
80 2 107 79 116 127 128 852 867 983 -1 -2 
80 80 107 106 116 107 110 116 127 128 -1 -2 
80 80 106 110 107 110 128 116 127 128 -1 -2 
70 109 107 122 125 127 128 834 907 1000 -1 -2 
70 106 109 122 116 125 128 769 788 814 -1 -2 
70 79 109 110 122 127 125 717 746 781 -1 -2 
70 109 109 122 116 125 128 757 968 977 -1 -2 
80 80 106 110 107 110 128 116 127 128 -1 -2 
80 106 106 110 107 110 128 116 127 128 -1 -2 
80 106 107 110 116 127 127 128 774 962 -1 -2 
70 106 109 110 122 127 125 717 850 960 -1 -2 
70 70 109 122 125 127 128 665 888 894 -1 -2 
70 109 107 122 125 127 128 625 724 997 -1 -2 
80 106 124 107 116 110 116 127 716 128 -1 -2 
80 70 109 122 116 125 128 559 600 851 -1 -2 
80 70 107 109 116 122 125 407 486 982 -1 -2 
80 80 107 106 116 107 110 116 127 128 -1 -2 
80 106 106 110 107 127 110 116 127 128 -1 -2 
70 80 106 125 107 127 110 116 127 128 -1 -2 
70 70 109 122 125 127 128 726 826 873 -1 -2 
70 70 122 109 122 125 128 666 736 974 -1 -2 
70 106 109 110 122 125 128 686 792 916 -1 -2 
80 80 106 107 110 127 116 127 128 999 -1 -2 
80 80 107 106 107 127 110 116 127 128 -1 -2 
80 70 107 109 122 125 128 822 842 907 -1 -2 
80 106 107 107 116 110 116 127 717 128 -1 -2 
80 80 107 106 107 127 110 116 127 128 -1 -2 
70 70 122 109 116 122 125 727 883 892 -1 -2 
80 2 107 79 116 127 128 827 929 930 -1 -2 
70 109 107 122 125 127 128 780 913 962 -1 -2 
80 106 107 110 110 116 127 643 128 958 -1 -2 
80 106 106 107 110 127 116 765 127 128 -1 -2 
70 106 109 110 122 127 125 703 783 833 -1 -2 
80 106 106 107 110 116 127 128 874 914 -1 -2 
70 109 107 122 125 127 128 676 745 783 -1 -2 
80 70 109 122 116 125 128 637 708 971 -1 -2 
80 80 106 110 107 127 110 116 127 128 -1 -2 
80 80 106 110 107 127 110 116 127 128 -1 -2 
70 106 109 110 122 127 125 722 794 890 -1 -2 
70 109 122 125 116 127 128 789 848 880 -1 -2 
80 2 79 110 116 127 128 753 770 872 -1 -2 
70 106 109 110 122 127 125 712 755 860 -1 -2 
80 106 106 110 107 110 116 791 127 128 -1 -2 
80 80 107 106 107 110 128 116 127 128 -1 -2 
80 70 107 109 122 127 125 881 958 962 -1 -2 
2 106 79 110 116 127 128 558 705 908 -1 -2 
80 80 107 106 107 127 110 116 127 128 -1 -2 
70 70 122 109 122 127 125 750 781 862 -1 -2 
70 80 106 107 110 116 128 127 949 128 -1 -2 
80 80 106 107 110 116 128 127 128 868 -1 -2 
80 80 106 110 107 127 110 116 127 128 -1 -2 
80 106 107 107 110 116 128 127 128 917 -1 -2 
80 106 107 107 110 127 116 127 916 128 -1 -2 
80 106 107 110 110 116 128 127 580 128 -1 -2 
80 106 122 107 116 110 128 116 127 128 -1 -2 
80 106 107 110 110 127 116 127 128 768 -1 -2 
80 106 106 107 110 127 116 559 127 128 -1 -2 
80 106 107 110 110 116 128 127 854 128 -1 -2 
80 106 107 107 110 127 116 127 128 990 -1 -2 
2 70 107 109 116 122 125 898 934 998 -1 -2 
35 70 363 109 122 125 526 643 648 980 -1 -2 
80 70 109 110 122 127 125 795 885 911 -1 -2 
2 80 107 106 116 107 110 116 127 128 -1 -2 
70 109 107 122 116 125 128 679 733 881 -1 -2 
2 106 79 110 116 127 128 851 949 966 -1 -2 
80 70 109 122 125 127 128 723 871 978 -1 -2 
70 106 109 110 122 127 125 735 863 891 -1 -2 
2 106 79 110 116 127 128 612 757 953 -1 -2 
80 70 107 109 122 125 128 755 758 837 -1 -2 
80 80 106 107 116 110 116 847 127 128 -1 -2 
70 104 115 125 124 127 128 941 945 977 -1 -2 
2 70 122 109 116 122 125 817 923 950 -1 -2 
80 55 106 107 226 110 116 127 878 128 -1 -2 
70 109 122 125 125 127 128 708 738 903 -1 -2 
70 70 109 125 122 127 125 911 979 996 -1 -2 
70 106 109 122 125 127 128 662 891 960 -1 -2 
70 70 109 122 125 127 128 694 729 940 -1 -2 
2 70 107 109 122 125 128 619 711 744 -1 -2 
80 2 107 79 116 127 128 824 856 961 -1 -2 
80 70 107 109 122 127 125 470 588 805 -1 -2 
70 70 122 109 116 122 125 656 661 760 -1 -2 
104 109 115 125 124 127 128 930 960 1000 -1 -2 
70 70 122 109 116 122 125 754 819 951 -1 -2 
70 106 109 110 122 127 125 760 778 998 -1 -2 
2 109 79 125 116 127 128 703 806 922 -1 -2 
80 70 109 110 122 127 125 815 820 841 -1 -2 
80 2 107 79 116 127 128 967 987 997 -1 -2 
70 2 122 79 116 127 128 472 551 717 -1 -2 
70 109 122 125 116 127 128 673 712 904 -1 -2 
80 2 107 79 116 127 128 652 778 873 -1 -2 
70 79 109 110 122 125 128 836 898 988 -1 -2 
70 109 122 125 125 127 128 602 842 867 -1 -2 
70 70 122 109 122 127 125 663 693 861 -1 -2 
70 70 122 109 122 127 125 677 727 770 -1 -2 
80 106 107 107 116 110 128 116 127 128 -1 -2 
70 106 109 110 122 125 128 599 866 902 -1 -2 
70 109 122 125 125 127 128 616 627 780 -1 -2 
70 109 122 122 125 127 128 654 700 884 -1 -2 
70 106 109 122 116 125 128 760 771 868 -1 -2 
80 106 107 107 110 127 116 635 127 128 -1 -2 
70 109 122 125 116 127 128 568 648 887 -1 -2 
70 109 122 125 116 127 128 914 935 936 -1 -2 
80 80 107 106 116 107 110 116 127 128 -1 -2 
70 106 109 122 116 125 128 645 820 860 -1 -2 
70 109 122 125 116 127 128 728 740 921 -1 -2 
70 79 109 122 125 127 128 510 870 963 -1 -2 
70 109 122 110 125 127 128 891 900 906 -1 -2 
80 70 109 122 116 125 128 817 894 987 -1 -2 
70 70 109 125 122 125 128 684 816 937 -1 -2 
2 80 107 106 116 107 110 116 127 128 -1 -2 
70 70 122 109 116 122 125 594 912 941 -1 -2 
70 109 122 110 125 127 128 849 896 993 -1 -2 
70 70 122 109 116 122 125 868 922 998 -1 -2 
70 109 122 122 125 127 128 483 718 907 -1 -2 
80 80 107 106 116 107 110 116 127 128 -1 -2 
70 70 122 109 122 125 128 610 845 893 -1 -2 
70 70 122 109 116 122 125 840 921 936 -1 -2 
80 106 107 110 116 127 128 128 870 975 -1 -2 
70 106 109 110 122 127 125 865 866 950 -1 -2 
104 115 124 110 116 127 128 571 748 992 -1 -2 
80 80 107 106 107 110 116 776 127 128 -1 -2 
80 2 79 110 116 127 128 621 655 938 -1 -2 
2 70 109 125 122 125 128 742 796 891 -1 -2 
70 109 107 122 125 127 128 901 908 929 -1 -2 
80 106 106 110 107 110 128 116 127 128 -1 -2 
70 109 109 122 125 127 128 616 722 806 -1 -2 
104 115 124 125 116 127 128 632 870 952 -1 -2 
70 115 109 599 122 125 753 761 854 952 -1 -2 
70 109 122 110 125 127 128 764 883 957 -1 -2 
2 70 107 109 116 122 125 856 958 985 -1 -2 
2 2 79 110 116 127 128 943 949 966 -1 -2 
80 70 107 109 122 125 128 550 709 882 -1 -2 
104 106 115 124 116 127 128 777 785 843 -1 -2 
70 104 122 115 124 127 128 504 806 844 -1 -2 
80 106 107 107 110 116 127 833 128 951 -1 -2 
70 109 107 122 116 125 128 668 670 859 -1 -2 
70 70 122 109 122 127 125 587 663 706 -1 -2 
70 109 109 122 125 127 128 768 782 893 -1 -2 
80 115 106 107 110 116 127 704 128 883 -1 -2 
70 106 109 110 122 127 125 731 935 981 -1 -2 
70 104 122 115 116 124 128 701 860 926 -1 -2 
70 70 122 109 116 122 125 665 752 936 -1 -2 
80 106 106 107 110 116 127 750 128 900 -1 -2 
70 106 109 110 122 125 128 727 746 988 -1 -2 
2 79 122 125 116 127 128 717 835 884 -1 -2 
80 109 106 107 116 110 116 127 868 128 -1 -2 
70 109 109 125 122 125 128 526 547 549 -1 -2 
104 109 115 124 116 127 128 669 675 822 -1 -2 
2 109 79 125 116 127 128 769 852 853 -1 -2 
80 106 106 107 116 110 116 127 128 662 -1 -2 
70 2 79 125 116 127 128 797 874 922 -1 -2 
70 109 122 122 125 127 128 777 885 928 -1 -2 
80 70 107 109 122 125 128 636 866 991 -1 -2 
80 70 107 109 122 125 128 822 847 848 -1 -2 
70 106 109 122 125 127 128 849 927 942 -1 -2 
70 109 122 110 125 127 128 736 807 969 -1 -2 
2 70 107 109 116 122 125 587 708 747 -1 -2 
70 109 109 125 122 125 732 809 819 852 -1 -2 
80 106 107 110 116 127 128 816 888 904 -1 -2 
